Date,Low,Open,Volume,High,Close,Adjusted Close
02-01-1980,6.375,6.375,61800,6.458333492279053,6.375,0.442276269197464
03-01-1980,6.375,6.375,82400,6.458333492279053,6.416666507720947,0.44516700506210327
04-01-1980,6.375,6.416666507720947,41000,6.458333492279053,6.458333492279053,0.44805771112442017
07-01-1980,6.375,6.458333492279053,36600,6.458333492279053,6.458333492279053,0.44805771112442017
08-01-1980,6.375,6.458333492279053,46200,6.5,6.416666507720947,0.44516700506210327
09-01-1980,6.333333492279053,6.416666507720947,288200,6.458333492279053,6.375,0.442276269197464
10-01-1980,6.333333492279053,6.375,35000,6.416666507720947,6.375,0.442276269197464
11-01-1980,6.333333492279053,6.375,59400,6.416666507720947,6.333333492279053,0.43938568234443665
14-01-1980,6.333333492279053,6.333333492279053,52400,6.416666507720947,6.333333492279053,0.43938568234443665
15-01-1980,6.333333492279053,6.333333492279053,62000,6.375,6.333333492279053,0.43938568234443665
16-01-1980,6.333333492279053,6.333333492279053,72800,6.375,6.375,0.442276269197464
17-01-1980,6.291666507720947,6.375,218600,6.416666507720947,6.333333492279053,0.43938568234443665
18-01-1980,6.166666507720947,6.333333492279053,157200,6.333333492279053,6.208333492279053,0.4307135045528412
21-01-1980,6.0,6.208333492279053,132800,6.25,6.041666507720947,0.41915056109428406
22-01-1980,6.0,6.041666507720947,86000,6.166666507720947,6.083333492279053,0.4220413565635681
23-01-1980,6.083333492279053,6.083333492279053,46200,6.166666507720947,6.083333492279053,0.4220413565635681
24-01-1980,6.041666507720947,6.083333492279053,83400,6.125,6.041666507720947,0.41915056109428406
25-01-1980,5.958333492279053,6.041666507720947,239600,6.083333492279053,6.0,0.41625991463661194
28-01-1980,6.0,6.0,127200,6.125,6.0,0.41625991463661194
29-01-1980,6.0,6.0,80000,6.125,6.083333492279053,0.4220413565635681
30-01-1980,5.875,6.083333492279053,314600,6.083333492279053,5.916666507720947,0.4104786813259125
31-01-1980,5.916666507720947,5.916666507720947,62000,5.958333492279053,5.958333492279053,0.4133693277835846
01-02-1980,5.916666507720947,5.958333492279053,55400,6.0,5.958333492279053,0.4133693277835846
04-02-1980,5.958333492279053,5.958333492279053,220200,6.041666507720947,6.041666507720947,0.41915056109428406
05-02-1980,5.875,6.0,178400,6.0,5.916666507720947,0.4104786813259125
06-02-1980,5.875,5.916666507720947,54800,5.958333492279053,5.958333492279053,0.4133693277835846
07-02-1980,5.916666507720947,5.958333492279053,142200,6.0,5.958333492279053,0.4133693277835846
08-02-1980,5.916666507720947,5.958333492279053,129600,6.083333492279053,6.0,0.41625991463661194
11-02-1980,5.833333492279053,6.0,115400,6.0,5.875,0.40758803486824036
12-02-1980,5.583333492279053,5.875,169400,5.875,5.666666507720947,0.39313435554504395
13-02-1980,5.666666507720947,5.666666507720947,289200,5.791666507720947,5.708333492279053,0.3960252106189728
14-02-1980,5.666666507720947,5.708333492279053,57600,5.75,5.708333492279053,0.3960252106189728
15-02-1980,5.625,5.708333492279053,161600,5.708333492279053,5.666666507720947,0.39313435554504395
19-02-1980,5.5,5.666666507720947,209000,5.666666507720947,5.5,0.38157159090042114
20-02-1980,5.416666507720947,5.5,179600,5.541666507720947,5.5,0.38157159090042114
21-02-1980,5.458333492279053,5.5,145400,5.583333492279053,5.541666507720947,0.38446226716041565
22-02-1980,5.416666507720947,5.541666507720947,150800,5.541666507720947,5.541666507720947,0.38446226716041565
25-02-1980,5.25,5.375,112200,5.375,5.375,0.38565775752067566
26-02-1980,5.333333492279053,5.375,88800,5.416666507720947,5.375,0.38565775752067566
27-02-1980,5.333333492279053,5.375,183800,5.375,5.333333492279053,0.3826684057712555
28-02-1980,5.291666507720947,5.333333492279053,99800,5.375,5.291666507720947,0.3796785771846771
29-02-1980,5.291666507720947,5.291666507720947,98600,5.666666507720947,5.666666507720947,0.4065849483013153
03-03-1980,5.416666507720947,5.666666507720947,88400,5.666666507720947,5.541666507720947,0.39761629700660706
04-03-1980,5.291666507720947,5.416666507720947,112200,5.416666507720947,5.416666507720947,0.38864749670028687
05-03-1980,5.25,5.416666507720947,174600,5.458333492279053,5.291666507720947,0.3796785771846771
06-03-1980,5.166666507720947,5.291666507720947,97800,5.291666507720947,5.25,0.37668904662132263
07-03-1980,5.166666507720947,5.25,103800,5.291666507720947,5.25,0.37668904662132263
10-03-1980,5.333333492279053,5.333333492279053,98000,5.5,5.458333492279053,0.3916372060775757
11-03-1980,5.458333492279053,5.458333492279053,83400,5.666666507720947,5.625,0.403595507144928
12-03-1980,5.416666507720947,5.625,237000,5.708333492279053,5.5,0.39462658762931824
13-03-1980,5.375,5.458333492279053,88800,5.458333492279053,5.416666507720947,0.38864749670028687
14-03-1980,5.291666507720947,5.416666507720947,113400,5.541666507720947,5.416666507720947,0.38864749670028687
17-03-1980,5.333333492279053,5.416666507720947,69200,5.5,5.416666507720947,0.38864749670028687
18-03-1980,5.333333492279053,5.416666507720947,82200,5.541666507720947,5.416666507720947,0.38864749670028687
19-03-1980,5.375,5.416666507720947,122600,5.541666507720947,5.5,0.39462658762931824
20-03-1980,5.416666507720947,5.5,58800,5.541666507720947,5.416666507720947,0.38864749670028687
21-03-1980,5.416666507720947,5.416666507720947,57800,5.541666507720947,5.5,0.39462658762931824
24-03-1980,5.333333492279053,5.458333492279053,87800,5.458333492279053,5.375,0.38565775752067566
25-03-1980,5.291666507720947,5.375,64200,5.416666507720947,5.291666507720947,0.3796785771846771
26-03-1980,5.291666507720947,5.291666507720947,63000,5.375,5.333333492279053,0.3826684057712555
27-03-1980,5.166666507720947,5.333333492279053,180600,5.333333492279053,5.25,0.37668904662132263
28-03-1980,5.291666507720947,5.291666507720947,76400,5.416666507720947,5.291666507720947,0.3796785771846771
31-03-1980,5.375,5.375,139400,5.541666507720947,5.541666507720947,0.39761629700660706
01-04-1980,5.458333492279053,5.541666507720947,161400,5.666666507720947,5.666666507720947,0.4065849483013153
02-04-1980,5.583333492279053,5.666666507720947,117000,5.75,5.708333492279053,0.4095747768878937
03-04-1980,5.708333492279053,5.708333492279053,89000,5.833333492279053,5.833333492279053,0.4185434877872467
07-04-1980,5.791666507720947,5.833333492279053,53600,5.875,5.833333492279053,0.4185434877872467
08-04-1980,5.833333492279053,5.833333492279053,53000,5.916666507720947,5.833333492279053,0.4185434877872467
09-04-1980,5.833333492279053,5.833333492279053,310400,6.041666507720947,6.0,0.43050193786621094
10-04-1980,6.041666507720947,6.041666507720947,229400,6.125,6.083333492279053,0.436481237411499
11-04-1980,6.0,6.083333492279053,55800,6.083333492279053,6.083333492279053,0.436481237411499
14-04-1980,5.875,6.083333492279053,123200,6.125,6.0,0.43050193786621094
15-04-1980,5.916666507720947,6.0,61200,6.0,5.916666507720947,0.42452272772789
16-04-1980,6.0,6.0,345000,6.291666507720947,6.25,0.4484395384788513
17-04-1980,6.208333492279053,6.25,85400,6.291666507720947,6.291666507720947,0.45142892003059387
18-04-1980,6.25,6.291666507720947,208800,6.333333492279053,6.333333492279053,0.45441845059394836
21-04-1980,6.291666507720947,6.333333492279053,343200,6.458333492279053,6.291666507720947,0.45142892003059387
22-04-1980,6.291666507720947,6.291666507720947,186200,6.458333492279053,6.458333492279053,0.46338751912117004
23-04-1980,6.5,6.5,300800,6.625,6.583333492279053,0.472356379032135
24-04-1980,6.583333492279053,6.583333492279053,407000,6.833333492279053,6.708333492279053,0.48132503032684326
25-04-1980,6.583333492279053,6.666666507720947,86000,6.666666507720947,6.625,0.4753458499908447
28-04-1980,6.625,6.625,74000,6.708333492279053,6.625,0.4753458499908447
29-04-1980,6.625,6.625,81800,6.666666507720947,6.625,0.4753458499908447
30-04-1980,6.625,6.625,52200,6.666666507720947,6.666666507720947,0.47833532094955444
01-05-1980,6.625,6.666666507720947,162800,6.708333492279053,6.625,0.4753458499908447
02-05-1980,6.541666507720947,6.625,114000,6.666666507720947,6.583333492279053,0.472356379032135
05-05-1980,6.541666507720947,6.583333492279053,1952000,6.666666507720947,6.625,0.4753458499908447
06-05-1980,6.583333492279053,6.625,441800,6.625,6.583333492279053,0.472356379032135
07-05-1980,6.666666507720947,6.666666507720947,80400,6.791666507720947,6.75,0.48431500792503357
08-05-1980,6.791666507720947,6.791666507720947,588200,6.833333492279053,6.833333492279053,0.49029341340065
09-05-1980,6.791666507720947,6.833333492279053,627000,6.875,6.791666507720947,0.4873044788837433
12-05-1980,6.791666507720947,6.791666507720947,220800,6.833333492279053,6.833333492279053,0.49029341340065
13-05-1980,6.791666507720947,6.833333492279053,253400,6.916666507720947,6.875,0.4932837188243866
14-05-1980,6.875,6.875,383000,6.958333492279053,6.916666507720947,0.4962729215621948
15-05-1980,6.833333492279053,6.916666507720947,186200,6.916666507720947,6.916666507720947,0.4962729215621948
16-05-1980,6.833333492279053,6.916666507720947,137600,6.958333492279053,6.916666507720947,0.4962729215621948
19-05-1980,6.666666507720947,6.916666507720947,416600,6.916666507720947,6.75,0.48431500792503357
20-05-1980,6.666666507720947,6.75,113600,6.791666507720947,6.75,0.48431500792503357
21-05-1980,6.625,6.75,144000,6.75,6.708333492279053,0.48132503032684326
22-05-1980,6.625,6.708333492279053,75000,6.708333492279053,6.708333492279053,0.48132503032684326
23-05-1980,6.625,6.708333492279053,158000,6.708333492279053,6.666666507720947,0.47833532094955444
27-05-1980,6.416666507720947,6.541666507720947,93800,6.541666507720947,6.541666507720947,0.48338428139686584
28-05-1980,6.541666507720947,6.541666507720947,725000,6.666666507720947,6.666666507720947,0.49262136220932007
29-05-1980,6.583333492279053,6.666666507720947,121400,6.708333492279053,6.666666507720947,0.49262136220932007
30-05-1980,6.625,6.666666507720947,213000,6.75,6.708333492279053,0.49570000171661377
02-06-1980,6.583333492279053,6.708333492279053,110400,6.708333492279053,6.666666507720947,0.49262136220932007
03-06-1980,6.583333492279053,6.666666507720947,58400,6.666666507720947,6.625,0.489542156457901
04-06-1980,6.583333492279053,6.625,163200,6.666666507720947,6.666666507720947,0.49262136220932007
05-06-1980,6.583333492279053,6.666666507720947,81200,6.666666507720947,6.583333492279053,0.4864635467529297
06-06-1980,6.541666507720947,6.583333492279053,129000,6.625,6.583333492279053,0.4864635467529297
09-06-1980,6.5,6.583333492279053,69200,6.625,6.583333492279053,0.4864635467529297
10-06-1980,6.458333492279053,6.583333492279053,123600,6.583333492279053,6.541666507720947,0.48338428139686584
11-06-1980,6.458333492279053,6.541666507720947,66600,6.625,6.625,0.489542156457901
12-06-1980,6.625,6.625,81000,6.666666507720947,6.666666507720947,0.49262136220932007
13-06-1980,6.666666507720947,6.666666507720947,356000,6.833333492279053,6.666666507720947,0.49262136220932007
16-06-1980,6.708333492279053,6.708333492279053,208800,6.791666507720947,6.791666507720947,0.5018577575683594
17-06-1980,6.75,6.791666507720947,417600,6.916666507720947,6.833333492279053,0.5049366354942322
18-06-1980,6.833333492279053,6.833333492279053,447600,6.916666507720947,6.916666507720947,0.5110944509506226
19-06-1980,6.791666507720947,6.916666507720947,138600,6.916666507720947,6.791666507720947,0.5018577575683594
20-06-1980,6.75,6.791666507720947,172400,6.875,6.791666507720947,0.5018577575683594
23-06-1980,6.75,6.791666507720947,505800,6.875,6.75,0.4987791180610657
24-06-1980,6.75,6.75,239600,6.875,6.75,0.4987791180610657
25-06-1980,6.75,6.75,97400,6.875,6.833333492279053,0.5049366354942322
26-06-1980,6.875,6.875,860600,6.958333492279053,6.958333492279053,0.5141732096672058
27-06-1980,6.916666507720947,6.958333492279053,109200,7.0,6.958333492279053,0.5141732096672058
30-06-1980,6.875,6.958333492279053,133200,6.958333492279053,6.875,0.5080154538154602
01-07-1980,6.875,6.875,95000,6.916666507720947,6.916666507720947,0.5110944509506226
02-07-1980,6.666666507720947,6.916666507720947,67400,6.916666507720947,6.833333492279053,0.5049366354942322
03-07-1980,6.791666507720947,6.833333492279053,115400,6.958333492279053,6.958333492279053,0.5141732096672058
07-07-1980,6.916666507720947,6.958333492279053,109400,7.0,6.958333492279053,0.5141732096672058
08-07-1980,6.916666507720947,6.958333492279053,94400,6.958333492279053,6.916666507720947,0.5110944509506226
09-07-1980,6.875,6.916666507720947,114800,6.958333492279053,6.875,0.5080154538154602
10-07-1980,6.875,6.875,70400,6.916666507720947,6.875,0.5080154538154602
11-07-1980,6.875,6.875,91200,6.958333492279053,6.875,0.5080154538154602
14-07-1980,6.875,6.875,69800,6.958333492279053,6.875,0.5080154538154602
15-07-1980,6.875,6.875,98000,6.958333492279053,6.916666507720947,0.5110944509506226
16-07-1980,6.875,6.916666507720947,183200,7.0,6.958333492279053,0.5141732096672058
17-07-1980,6.708333492279053,6.958333492279053,2199000,6.958333492279053,6.875,0.5080154538154602
18-07-1980,6.666666507720947,6.875,63800,6.875,6.833333492279053,0.5049366354942322
21-07-1980,6.75,6.833333492279053,104600,6.875,6.791666507720947,0.5018577575683594
22-07-1980,6.791666507720947,6.791666507720947,170600,6.875,6.875,0.5080154538154602
23-07-1980,6.666666507720947,6.833333492279053,135000,6.833333492279053,6.708333492279053,0.49570000171661377
24-07-1980,6.666666507720947,6.708333492279053,138800,6.75,6.75,0.4987791180610657
25-07-1980,6.666666507720947,6.75,90600,6.75,6.666666507720947,0.49262136220932007
28-07-1980,6.666666507720947,6.666666507720947,86400,6.708333492279053,6.666666507720947,0.49262136220932007
29-07-1980,6.666666507720947,6.666666507720947,120600,6.75,6.708333492279053,0.49570000171661377
30-07-1980,6.666666507720947,6.708333492279053,87800,6.75,6.666666507720947,0.49262136220932007
31-07-1980,6.541666507720947,6.666666507720947,628200,6.666666507720947,6.666666507720947,0.49262136220932007
01-08-1980,6.5,6.625,110600,6.625,6.583333492279053,0.4864635467529297
04-08-1980,6.458333492279053,6.541666507720947,131600,6.541666507720947,6.458333492279053,0.47722676396369934
05-08-1980,6.416666507720947,6.458333492279053,165000,6.541666507720947,6.416666507720947,0.4741479158401489
06-08-1980,6.375,6.416666507720947,168000,6.458333492279053,6.375,0.4710690677165985
07-08-1980,6.291666507720947,6.375,629600,6.458333492279053,6.333333492279053,0.46799010038375854
08-08-1980,6.333333492279053,6.333333492279053,140000,6.416666507720947,6.375,0.4710690677165985
11-08-1980,6.375,6.375,74400,6.5,6.416666507720947,0.4741479158401489
12-08-1980,6.333333492279053,6.416666507720947,297800,6.458333492279053,6.416666507720947,0.4741479158401489
13-08-1980,6.375,6.416666507720947,159800,6.5,6.416666507720947,0.4741479158401489
14-08-1980,6.375,6.416666507720947,93200,6.5,6.458333492279053,0.47722676396369934
15-08-1980,6.458333492279053,6.458333492279053,52200,6.541666507720947,6.5,0.4803057909011841
18-08-1980,6.416666507720947,6.5,112200,6.5,6.416666507720947,0.4741479158401489
19-08-1980,6.416666507720947,6.416666507720947,437000,6.5,6.5,0.4803057909011841
20-08-1980,6.375,6.5,106800,6.541666507720947,6.458333492279053,0.47722676396369934
21-08-1980,6.375,6.458333492279053,103400,6.541666507720947,6.458333492279053,0.47722676396369934
22-08-1980,6.416666507720947,6.458333492279053,61800,6.5,6.5,0.4803057909011841
25-08-1980,6.416666507720947,6.5,277800,6.5,6.5,0.4803057909011841
26-08-1980,6.416666507720947,6.5,53400,6.5,6.416666507720947,0.4741479158401489
27-08-1980,6.333333492279053,6.416666507720947,141000,6.458333492279053,6.416666507720947,0.4741479158401489
28-08-1980,6.375,6.416666507720947,56400,6.458333492279053,6.458333492279053,0.47722676396369934
29-08-1980,6.416666507720947,6.458333492279053,237200,6.583333492279053,6.583333492279053,0.4864635467529297
02-09-1980,6.333333492279053,6.416666507720947,57000,6.416666507720947,6.375,0.4853212237358093
03-09-1980,6.333333492279053,6.375,69200,6.458333492279053,6.458333492279053,0.49166563153266907
04-09-1980,6.458333492279053,6.458333492279053,194600,6.583333492279053,6.5,0.49483731389045715
05-09-1980,6.333333492279053,6.5,309000,6.541666507720947,6.416666507720947,0.48849332332611084
08-09-1980,6.333333492279053,6.416666507720947,95000,6.458333492279053,6.333333492279053,0.4821494519710541
09-09-1980,6.25,6.333333492279053,111600,6.416666507720947,6.375,0.4853212237358093
10-09-1980,6.291666507720947,6.375,45800,6.375,6.333333492279053,0.4821494519710541
11-09-1980,6.291666507720947,6.333333492279053,48000,6.333333492279053,6.291666507720947,0.4789772629737854
12-09-1980,6.25,6.291666507720947,171000,6.333333492279053,6.333333492279053,0.4821494519710541
15-09-1980,6.208333492279053,6.333333492279053,200000,6.333333492279053,6.291666507720947,0.4789772629737854
16-09-1980,6.208333492279053,6.291666507720947,54600,6.291666507720947,6.208333492279053,0.4726330637931824
17-09-1980,6.166666507720947,6.208333492279053,145800,6.291666507720947,6.25,0.47580522298812866
18-09-1980,6.208333492279053,6.25,693200,6.333333492279053,6.333333492279053,0.4821494519710541
19-09-1980,6.25,6.333333492279053,97800,6.375,6.333333492279053,0.4821494519710541
22-09-1980,6.208333492279053,6.333333492279053,51200,6.333333492279053,6.25,0.47580522298812866
23-09-1980,6.166666507720947,6.25,95400,6.25,6.208333492279053,0.4726330637931824
24-09-1980,6.083333492279053,6.208333492279053,177200,6.25,6.166666507720947,0.46946120262145996
25-09-1980,6.041666507720947,6.166666507720947,89400,6.166666507720947,6.083333492279053,0.46311691403388977
26-09-1980,6.0,6.083333492279053,192000,6.083333492279053,6.083333492279053,0.46311691403388977
29-09-1980,5.875,6.041666507720947,98000,6.041666507720947,5.958333492279053,0.45360085368156433
30-09-1980,5.916666507720947,5.958333492279053,168200,6.041666507720947,6.0,0.456773042678833
01-10-1980,5.958333492279053,6.0,161600,6.041666507720947,6.0,0.456773042678833
02-10-1980,5.916666507720947,6.0,132000,6.0,5.958333492279053,0.45360085368156433
03-10-1980,5.916666507720947,5.958333492279053,247200,6.0,5.958333492279053,0.45360085368156433
06-10-1980,5.958333492279053,5.958333492279053,143400,6.125,6.083333492279053,0.46311691403388977
07-10-1980,6.125,6.125,102600,6.208333492279053,6.166666507720947,0.46946120262145996
08-10-1980,6.166666507720947,6.166666507720947,76800,6.25,6.208333492279053,0.4726330637931824
09-10-1980,6.166666507720947,6.208333492279053,77600,6.25,6.166666507720947,0.46946120262145996
10-10-1980,6.125,6.166666507720947,264000,6.208333492279053,6.166666507720947,0.46946120262145996
13-10-1980,6.083333492279053,6.166666507720947,102000,6.166666507720947,6.166666507720947,0.46946120262145996
14-10-1980,6.125,6.166666507720947,66600,6.25,6.166666507720947,0.46946120262145996
15-10-1980,6.166666507720947,6.166666507720947,51800,6.25,6.208333492279053,0.4726330637931824
16-10-1980,6.166666507720947,6.208333492279053,107400,6.291666507720947,6.166666507720947,0.46946120262145996
17-10-1980,6.125,6.166666507720947,150000,6.208333492279053,6.166666507720947,0.46946120262145996
20-10-1980,6.166666507720947,6.166666507720947,119400,6.291666507720947,6.166666507720947,0.46946120262145996
21-10-1980,6.166666507720947,6.166666507720947,57200,6.25,6.166666507720947,0.46946120262145996
22-10-1980,6.041666507720947,6.166666507720947,1071600,6.208333492279053,6.083333492279053,0.46311691403388977
23-10-1980,6.0,6.083333492279053,49800,6.083333492279053,6.041666507720947,0.4599449634552002
24-10-1980,6.0,6.041666507720947,210000,6.083333492279053,6.0,0.456773042678833
27-10-1980,6.0,6.0,143000,6.083333492279053,6.041666507720947,0.4599449634552002
28-10-1980,5.916666507720947,6.041666507720947,577400,6.083333492279053,5.916666507720947,0.45042887330055237
29-10-1980,5.875,5.916666507720947,126200,6.0,5.916666507720947,0.45042887330055237
30-10-1980,5.708333492279053,5.916666507720947,272400,5.958333492279053,5.75,0.4377407729625702
31-10-1980,5.75,5.75,141200,5.833333492279053,5.791666507720947,0.4409126937389374
03-11-1980,5.791666507720947,5.791666507720947,191600,5.875,5.833333492279053,0.4440847635269165
05-11-1980,5.791666507720947,5.833333492279053,146600,5.916666507720947,5.833333492279053,0.4440847635269165
06-11-1980,5.75,5.833333492279053,204800,5.833333492279053,5.791666507720947,0.4409126937389374
07-11-1980,5.708333492279053,5.791666507720947,100400,5.875,5.791666507720947,0.4409126937389374
10-11-1980,5.791666507720947,5.791666507720947,296600,5.916666507720947,5.791666507720947,0.4409126937389374
11-11-1980,5.833333492279053,5.833333492279053,84800,6.083333492279053,6.0,0.456773042678833
12-11-1980,6.0,6.0,118200,6.166666507720947,6.166666507720947,0.46946120262145996
13-11-1980,6.0,6.166666507720947,247200,6.208333492279053,6.0,0.456773042678833
14-11-1980,6.0,6.0,72600,6.083333492279053,6.083333492279053,0.46311691403388977
17-11-1980,5.875,6.083333492279053,93600,6.083333492279053,6.0,0.456773042678833
18-11-1980,5.958333492279053,6.0,150000,6.041666507720947,6.041666507720947,0.4599449634552002
19-11-1980,5.958333492279053,6.041666507720947,69000,6.083333492279053,6.041666507720947,0.4599449634552002
20-11-1980,5.875,6.041666507720947,69600,6.083333492279053,5.958333492279053,0.45360085368156433
21-11-1980,5.916666507720947,5.958333492279053,77400,6.0,5.916666507720947,0.45042887330055237
24-11-1980,5.791666507720947,5.916666507720947,162600,5.916666507720947,5.791666507720947,0.4409126937389374
25-11-1980,5.75,5.791666507720947,293000,5.875,5.833333492279053,0.4440847635269165
26-11-1980,5.791666507720947,5.833333492279053,188000,5.875,5.833333492279053,0.4440847635269165
28-11-1980,5.833333492279053,5.833333492279053,215600,5.875,5.875,0.44725680351257324
01-12-1980,5.541666507720947,5.666666507720947,404600,5.666666507720947,5.541666507720947,0.4362361431121826
02-12-1980,5.541666507720947,5.541666507720947,587400,5.583333492279053,5.583333492279053,0.43951618671417236
03-12-1980,5.458333492279053,5.583333492279053,142800,5.583333492279053,5.541666507720947,0.4362361431121826
04-12-1980,5.458333492279053,5.541666507720947,196400,5.541666507720947,5.458333492279053,0.42967599630355835
05-12-1980,5.458333492279053,5.458333492279053,258800,5.541666507720947,5.5,0.43295586109161377
08-12-1980,5.458333492279053,5.5,175800,5.5,5.458333492279053,0.42967599630355835
09-12-1980,5.458333492279053,5.458333492279053,118200,5.5,5.458333492279053,0.42967599630355835
10-12-1980,5.416666507720947,5.458333492279053,282200,5.583333492279053,5.5,0.43295586109161377
11-12-1980,5.458333492279053,5.5,125400,5.541666507720947,5.5,0.43295586109161377
12-12-1980,5.416666507720947,5.5,123000,5.541666507720947,5.5,0.43295586109161377
15-12-1980,5.416666507720947,5.5,529200,5.541666507720947,5.416666507720947,0.4263957440853119
16-12-1980,5.333333492279053,5.416666507720947,532800,5.5,5.375,0.4231160879135132
17-12-1980,5.333333492279053,5.375,558800,5.416666507720947,5.375,0.4231160879135132
18-12-1980,5.416666507720947,5.416666507720947,364200,5.708333492279053,5.666666507720947,0.4460756480693817
19-12-1980,5.666666507720947,5.666666507720947,372600,5.958333492279053,5.75,0.45263582468032837
22-12-1980,5.75,5.75,299000,5.916666507720947,5.916666507720947,0.4657556712627411
23-12-1980,5.791666507720947,5.916666507720947,327800,6.0,5.916666507720947,0.4657556712627411
24-12-1980,5.791666507720947,5.916666507720947,61800,5.958333492279053,5.875,0.46247538924217224
26-12-1980,5.75,5.875,50400,5.875,5.75,0.45263582468032837
29-12-1980,5.666666507720947,5.75,102600,5.791666507720947,5.75,0.45263582468032837
30-12-1980,5.583333492279053,5.708333492279053,162600,5.708333492279053,5.666666507720947,0.4460756480693817
31-12-1980,5.625,5.666666507720947,156800,5.708333492279053,5.666666507720947,0.4460756480693817
02-01-1981,5.666666507720947,5.666666507720947,173400,5.75,5.708333492279053,0.449355810880661
05-01-1981,5.833333492279053,5.833333492279053,217400,6.0,5.916666507720947,0.4657556712627411
06-01-1981,5.958333492279053,5.958333492279053,116000,6.291666507720947,6.125,0.48215535283088684
07-01-1981,6.041666507720947,6.125,60800,6.166666507720947,6.125,0.48215535283088684
08-01-1981,6.041666507720947,6.125,46400,6.166666507720947,6.041666507720947,0.47559547424316406
09-01-1981,5.916666507720947,6.041666507720947,50000,6.125,5.958333492279053,0.4690355956554413
12-01-1981,6.041666507720947,6.041666507720947,196400,6.291666507720947,6.166666507720947,0.48543545603752136
13-01-1981,6.0,6.166666507720947,83000,6.166666507720947,6.041666507720947,0.47559547424316406
14-01-1981,6.041666507720947,6.041666507720947,103200,6.208333492279053,6.041666507720947,0.47559547424316406
15-01-1981,6.041666507720947,6.041666507720947,55200,6.125,6.041666507720947,0.47559547424316406
16-01-1981,6.041666507720947,6.041666507720947,39200,6.125,6.083333492279053,0.47887542843818665
19-01-1981,6.125,6.125,395600,6.291666507720947,6.208333492279053,0.4887155294418335
20-01-1981,6.208333492279053,6.208333492279053,408200,6.416666507720947,6.208333492279053,0.4887155294418335
21-01-1981,6.083333492279053,6.208333492279053,121400,6.333333492279053,6.333333492279053,0.49855557084083557
22-01-1981,6.25,6.333333492279053,128000,6.416666507720947,6.291666507720947,0.4952753782272339
23-01-1981,6.166666507720947,6.291666507720947,40800,6.291666507720947,6.25,0.49199533462524414
26-01-1981,6.125,6.25,65000,6.291666507720947,6.125,0.48215535283088684
27-01-1981,6.125,6.125,58200,6.25,6.208333492279053,0.4887155294418335
28-01-1981,6.166666507720947,6.208333492279053,62400,6.25,6.25,0.49199533462524414
29-01-1981,6.208333492279053,6.25,144200,6.291666507720947,6.25,0.49199533462524414
30-01-1981,6.25,6.25,109200,6.375,6.291666507720947,0.4952753782272339
02-02-1981,6.208333492279053,6.291666507720947,437000,6.375,6.25,0.49199533462524414
03-02-1981,6.125,6.25,126000,6.25,6.125,0.48215535283088684
04-02-1981,6.083333492279053,6.125,169800,6.208333492279053,6.125,0.48215535283088684
05-02-1981,5.958333492279053,6.125,201800,6.208333492279053,6.125,0.48215535283088684
06-02-1981,6.125,6.125,66000,6.25,6.25,0.49199533462524414
09-02-1981,6.125,6.25,129200,6.291666507720947,6.166666507720947,0.48543545603752136
10-02-1981,6.041666507720947,6.166666507720947,49400,6.166666507720947,6.166666507720947,0.48543545603752136
11-02-1981,6.083333492279053,6.166666507720947,95000,6.166666507720947,6.125,0.48215535283088684
12-02-1981,6.041666507720947,6.125,27600,6.125,6.083333492279053,0.47887542843818665
13-02-1981,6.0,6.083333492279053,44400,6.083333492279053,6.041666507720947,0.47559547424316406
17-02-1981,6.0,6.041666507720947,65600,6.125,6.083333492279053,0.47887542843818665
18-02-1981,5.958333492279053,6.083333492279053,114800,6.083333492279053,6.083333492279053,0.47887542843818665
19-02-1981,5.916666507720947,6.041666507720947,94800,6.041666507720947,5.958333492279053,0.4690355956554413
20-02-1981,5.916666507720947,5.958333492279053,72000,6.083333492279053,6.041666507720947,0.47559547424316406
23-02-1981,6.0,6.041666507720947,68400,6.166666507720947,6.166666507720947,0.48543545603752136
24-02-1981,6.083333492279053,6.166666507720947,74400,6.25,6.208333492279053,0.4887155294418335
25-02-1981,6.125,6.208333492279053,36000,6.208333492279053,6.125,0.48215535283088684
26-02-1981,6.041666507720947,6.125,121800,6.166666507720947,6.125,0.48215535283088684
27-02-1981,6.0,6.125,955200,6.166666507720947,6.166666507720947,0.48543545603752136
02-03-1981,5.916666507720947,5.958333492279053,566600,5.958333492279053,5.958333492279053,0.48502829670906067
03-03-1981,5.791666507720947,5.958333492279053,120200,5.958333492279053,5.875,0.4782443940639496
04-03-1981,5.75,5.875,81000,5.875,5.875,0.4782443940639496
05-03-1981,5.791666507720947,5.875,70200,5.875,5.875,0.4782443940639496
06-03-1981,5.791666507720947,5.875,173600,5.875,5.833333492279053,0.4748528003692627
09-03-1981,5.833333492279053,5.833333492279053,270000,5.916666507720947,5.875,0.4782443940639496
10-03-1981,5.875,5.875,416600,5.958333492279053,5.916666507720947,0.48163631558418274
11-03-1981,5.916666507720947,5.916666507720947,58800,6.0,6.0,0.4884199798107147
12-03-1981,5.958333492279053,6.0,165000,6.041666507720947,6.041666507720947,0.4918114244937897
13-03-1981,6.166666507720947,6.166666507720947,618600,6.25,6.25,0.5087707042694092
16-03-1981,6.166666507720947,6.25,89000,6.291666507720947,6.25,0.5087707042694092
17-03-1981,6.166666507720947,6.25,257400,6.333333492279053,6.208333492279053,0.5053789019584656
18-03-1981,6.166666507720947,6.208333492279053,237600,6.25,6.25,0.5087707042694092
19-03-1981,6.125,6.25,60800,6.25,6.166666507720947,0.5019871592521667
20-03-1981,6.083333492279053,6.166666507720947,64200,6.208333492279053,6.083333492279053,0.49520352482795715
23-03-1981,6.041666507720947,6.083333492279053,126600,6.25,6.083333492279053,0.49520352482795715
24-03-1981,6.083333492279053,6.083333492279053,65600,6.166666507720947,6.166666507720947,0.5019871592521667
25-03-1981,6.083333492279053,6.166666507720947,83000,6.208333492279053,6.208333492279053,0.5053789019584656
26-03-1981,6.041666507720947,6.208333492279053,72600,6.208333492279053,6.208333492279053,0.5053789019584656
27-03-1981,6.041666507720947,6.166666507720947,97200,6.166666507720947,6.083333492279053,0.49520352482795715
30-03-1981,6.0,6.083333492279053,65000,6.125,6.0,0.4884199798107147
31-03-1981,6.0,6.0,298400,6.041666507720947,6.0,0.4884199798107147
01-04-1981,6.0,6.0,474200,6.125,6.083333492279053,0.49520352482795715
02-04-1981,6.083333492279053,6.083333492279053,62400,6.166666507720947,6.166666507720947,0.5019871592521667
03-04-1981,6.083333492279053,6.166666507720947,97400,6.166666507720947,6.083333492279053,0.49520352482795715
06-04-1981,6.0,6.083333492279053,84600,6.125,6.083333492279053,0.49520352482795715
07-04-1981,5.958333492279053,6.083333492279053,83600,6.083333492279053,6.0,0.4884199798107147
08-04-1981,5.875,6.0,118400,6.041666507720947,5.958333492279053,0.48502829670906067
09-04-1981,5.875,5.958333492279053,75000,6.0,5.958333492279053,0.48502829670906067
10-04-1981,5.833333492279053,5.958333492279053,253400,5.958333492279053,5.916666507720947,0.48163631558418274
13-04-1981,5.75,5.916666507720947,139200,5.916666507720947,5.833333492279053,0.4748528003692627
14-04-1981,5.75,5.833333492279053,240800,5.833333492279053,5.833333492279053,0.4748528003692627
15-04-1981,5.791666507720947,5.833333492279053,375000,5.958333492279053,5.833333492279053,0.4748528003692627
16-04-1981,5.875,5.875,172200,6.0,5.958333492279053,0.48502829670906067
20-04-1981,5.916666507720947,5.958333492279053,246000,6.125,6.125,0.4985954165458679
21-04-1981,6.041666507720947,6.125,74600,6.125,6.125,0.4985954165458679
22-04-1981,6.041666507720947,6.125,56600,6.166666507720947,6.083333492279053,0.49520352482795715
23-04-1981,5.916666507720947,6.083333492279053,145400,6.125,5.958333492279053,0.48502829670906067
24-04-1981,5.916666507720947,5.958333492279053,90600,6.0,5.916666507720947,0.48163631558418274
27-04-1981,5.875,5.916666507720947,180800,6.0,6.0,0.4884199798107147
28-04-1981,5.916666507720947,6.0,79200,6.0,5.916666507720947,0.48163631558418274
29-04-1981,5.916666507720947,5.916666507720947,118400,6.0,5.916666507720947,0.48163631558418274
30-04-1981,5.916666507720947,5.916666507720947,50400,6.0,6.0,0.4884199798107147
01-05-1981,5.916666507720947,6.0,116000,6.0,5.958333492279053,0.48502829670906067
04-05-1981,5.708333492279053,5.916666507720947,570600,5.916666507720947,5.75,0.4680691063404083
05-05-1981,5.708333492279053,5.75,93000,5.75,5.75,0.4680691063404083
06-05-1981,5.708333492279053,5.75,103400,5.75,5.708333492279053,0.4646773338317871
07-05-1981,5.708333492279053,5.708333492279053,70400,5.791666507720947,5.708333492279053,0.4646773338317871
08-05-1981,5.708333492279053,5.708333492279053,1461600,5.791666507720947,5.708333492279053,0.4646773338317871
11-05-1981,5.708333492279053,5.708333492279053,128600,5.833333492279053,5.791666507720947,0.47146087884902954
12-05-1981,5.666666507720947,5.791666507720947,96800,5.875,5.875,0.4782443940639496
13-05-1981,5.833333492279053,5.875,447200,5.958333492279053,5.916666507720947,0.48163631558418274
14-05-1981,5.916666507720947,5.916666507720947,145800,6.0,6.0,0.4884199798107147
15-05-1981,5.958333492279053,6.0,986400,6.041666507720947,6.041666507720947,0.4918114244937897
18-05-1981,5.958333492279053,6.041666507720947,90200,6.083333492279053,6.041666507720947,0.4918114244937897
19-05-1981,5.875,6.041666507720947,140600,6.25,5.875,0.4782443940639496
20-05-1981,5.833333492279053,5.875,100800,5.958333492279053,5.916666507720947,0.48163631558418274
21-05-1981,5.791666507720947,5.916666507720947,69200,5.958333492279053,5.833333492279053,0.4748528003692627
22-05-1981,5.791666507720947,5.833333492279053,66200,6.041666507720947,5.958333492279053,0.48502829670906067
26-05-1981,6.083333492279053,6.083333492279053,197400,6.166666507720947,6.166666507720947,0.5019871592521667
27-05-1981,5.916666507720947,6.125,111000,6.125,5.916666507720947,0.48163631558418274
28-05-1981,6.0,6.0,75800,6.125,6.083333492279053,0.49520352482795715
29-05-1981,6.083333492279053,6.083333492279053,53600,6.166666507720947,6.125,0.4985954165458679
01-06-1981,5.791666507720947,6.0,103400,6.0,5.916666507720947,0.49817392230033875
02-06-1981,5.833333492279053,5.916666507720947,54600,5.958333492279053,5.833333492279053,0.49115779995918274
03-06-1981,5.791666507720947,5.833333492279053,48600,5.875,5.833333492279053,0.49115779995918274
04-06-1981,5.75,5.833333492279053,83600,5.875,5.75,0.484141081571579
05-06-1981,5.75,5.75,129200,5.875,5.875,0.49466580152511597
08-06-1981,5.791666507720947,5.875,45000,5.958333492279053,5.833333492279053,0.49115779995918274
09-06-1981,5.791666507720947,5.833333492279053,68600,5.916666507720947,5.833333492279053,0.49115779995918274
10-06-1981,5.833333492279053,5.833333492279053,51800,5.958333492279053,5.875,0.49466580152511597
11-06-1981,5.958333492279053,5.958333492279053,870000,6.125,6.041666507720947,0.5086989998817444
12-06-1981,6.041666507720947,6.041666507720947,325800,6.166666507720947,6.083333492279053,0.5122069120407104
15-06-1981,6.333333492279053,6.333333492279053,262200,6.541666507720947,6.416666507720947,0.5402733087539673
16-06-1981,6.375,6.416666507720947,142800,6.583333492279053,6.375,0.5367648601531982
17-06-1981,6.333333492279053,6.375,521600,6.541666507720947,6.5,0.5472899079322815
18-06-1981,6.375,6.5,138600,6.5,6.375,0.5367648601531982
19-06-1981,6.333333492279053,6.375,680000,6.458333492279053,6.375,0.5367648601531982
22-06-1981,6.375,6.375,61800,6.416666507720947,6.375,0.5367648601531982
23-06-1981,6.375,6.375,62000,6.416666507720947,6.375,0.5367648601531982
24-06-1981,6.375,6.375,840000,6.416666507720947,6.375,0.5367648601531982
25-06-1981,6.375,6.375,269400,6.416666507720947,6.375,0.5367648601531982
26-06-1981,6.375,6.375,250400,6.416666507720947,6.416666507720947,0.5402733087539673
29-06-1981,6.083333492279053,6.416666507720947,732800,6.416666507720947,6.166666507720947,0.5192240476608276
30-06-1981,6.041666507720947,6.125,292200,6.125,6.125,0.5157155394554138
01-07-1981,6.041666507720947,6.125,606600,6.166666507720947,6.083333492279053,0.5122069120407104
02-07-1981,5.958333492279053,6.083333492279053,253400,6.125,6.041666507720947,0.5086989998817444
06-07-1981,5.916666507720947,6.0,144600,6.0,5.916666507720947,0.49817392230033875
07-07-1981,5.916666507720947,5.916666507720947,162800,6.0,6.0,0.5051907300949097
08-07-1981,5.958333492279053,6.0,174600,6.041666507720947,6.0,0.5051907300949097
09-07-1981,6.0,6.0,160800,6.083333492279053,6.041666507720947,0.5086989998817444
10-07-1981,6.041666507720947,6.041666507720947,139400,6.125,6.125,0.5157155394554138
13-07-1981,6.125,6.125,208400,6.291666507720947,6.208333492279053,0.522732138633728
14-07-1981,6.166666507720947,6.208333492279053,545600,6.25,6.166666507720947,0.5192240476608276
15-07-1981,6.125,6.166666507720947,154200,6.25,6.208333492279053,0.522732138633728
16-07-1981,6.125,6.208333492279053,255200,6.25,6.125,0.5157155394554138
17-07-1981,6.083333492279053,6.125,99800,6.166666507720947,6.125,0.5157155394554138
20-07-1981,6.0,6.125,78000,6.125,6.041666507720947,0.5086989998817444
21-07-1981,5.916666507720947,6.0,127800,6.0,5.916666507720947,0.49817392230033875
22-07-1981,5.875,5.916666507720947,284400,6.0,5.916666507720947,0.49817392230033875
23-07-1981,5.875,5.916666507720947,90800,5.958333492279053,5.916666507720947,0.49817392230033875
24-07-1981,5.916666507720947,5.916666507720947,314000,6.0,5.916666507720947,0.49817392230033875
27-07-1981,5.916666507720947,5.916666507720947,351200,6.041666507720947,6.041666507720947,0.5086989998817444
28-07-1981,6.0,6.041666507720947,96600,6.083333492279053,6.0,0.5051907300949097
29-07-1981,5.958333492279053,6.0,202200,6.083333492279053,6.0,0.5051907300949097
30-07-1981,5.958333492279053,6.0,91800,6.041666507720947,5.958333492279053,0.5016823410987854
31-07-1981,5.958333492279053,5.958333492279053,58800,6.041666507720947,6.0,0.5051907300949097
03-08-1981,5.958333492279053,6.0,76400,6.041666507720947,6.041666507720947,0.5086989998817444
04-08-1981,5.958333492279053,6.041666507720947,174200,6.083333492279053,6.083333492279053,0.5122069120407104
05-08-1981,6.0,6.083333492279053,156800,6.125,6.083333492279053,0.5122069120407104
06-08-1981,6.041666507720947,6.083333492279053,304800,6.166666507720947,6.125,0.5157155394554138
07-08-1981,6.083333492279053,6.125,72200,6.166666507720947,6.125,0.5157155394554138
10-08-1981,6.083333492279053,6.125,921000,6.291666507720947,6.25,0.526240348815918
11-08-1981,6.25,6.25,983000,6.416666507720947,6.375,0.5367648601531982
12-08-1981,6.333333492279053,6.375,758400,6.416666507720947,6.375,0.5367648601531982
13-08-1981,6.291666507720947,6.375,588200,6.416666507720947,6.375,0.5367648601531982
14-08-1981,6.291666507720947,6.375,44400,6.416666507720947,6.333333492279053,0.5332571864128113
17-08-1981,6.208333492279053,6.333333492279053,144200,6.375,6.25,0.526240348815918
18-08-1981,6.125,6.25,79800,6.291666507720947,6.291666507720947,0.5297486186027527
19-08-1981,6.166666507720947,6.291666507720947,70400,6.291666507720947,6.291666507720947,0.5297486186027527
20-08-1981,6.166666507720947,6.291666507720947,68400,6.291666507720947,6.25,0.526240348815918
21-08-1981,6.166666507720947,6.25,70400,6.333333492279053,6.166666507720947,0.5192240476608276
24-08-1981,6.125,6.166666507720947,568400,6.291666507720947,6.125,0.5157155394554138
25-08-1981,5.916666507720947,6.083333492279053,213800,6.083333492279053,6.041666507720947,0.5086989998817444
26-08-1981,6.0,6.041666507720947,340200,6.125,6.041666507720947,0.5086989998817444
27-08-1981,6.0,6.041666507720947,119600,6.083333492279053,6.041666507720947,0.5086989998817444
28-08-1981,6.0,6.041666507720947,615000,6.166666507720947,6.166666507720947,0.5192240476608276
31-08-1981,6.083333492279053,6.166666507720947,240800,6.291666507720947,6.166666507720947,0.5192240476608276
01-09-1981,5.833333492279053,6.0,116000,6.0,5.916666507720947,0.515160083770752
02-09-1981,5.791666507720947,5.916666507720947,124200,5.958333492279053,5.875,0.5115323066711426
03-09-1981,5.75,5.875,168200,5.916666507720947,5.833333492279053,0.5079045295715332
04-09-1981,5.583333492279053,5.791666507720947,286400,5.791666507720947,5.666666507720947,0.4933925271034241
08-09-1981,5.583333492279053,5.666666507720947,137000,5.666666507720947,5.625,0.48976489901542664
09-09-1981,5.541666507720947,5.625,107000,5.666666507720947,5.583333492279053,0.4861370921134949
10-09-1981,5.666666507720947,5.666666507720947,86600,5.833333492279053,5.791666507720947,0.5042764544487
11-09-1981,5.833333492279053,5.833333492279053,140600,6.0,5.916666507720947,0.515160083770752
14-09-1981,5.75,5.916666507720947,69800,5.916666507720947,5.833333492279053,0.5079045295715332
15-09-1981,5.75,5.833333492279053,228200,5.833333492279053,5.833333492279053,0.5079045295715332
16-09-1981,5.791666507720947,5.833333492279053,111600,5.833333492279053,5.833333492279053,0.5079045295715332
17-09-1981,5.75,5.833333492279053,359400,5.875,5.833333492279053,0.5079045295715332
18-09-1981,5.75,5.833333492279053,149000,5.833333492279053,5.791666507720947,0.5042764544487
21-09-1981,5.75,5.791666507720947,807000,5.875,5.875,0.5115323066711426
22-09-1981,5.791666507720947,5.875,57000,5.916666507720947,5.791666507720947,0.5042764544487
23-09-1981,5.75,5.791666507720947,285600,5.833333492279053,5.833333492279053,0.5079045295715332
24-09-1981,5.791666507720947,5.833333492279053,235800,5.833333492279053,5.791666507720947,0.5042764544487
25-09-1981,5.625,5.791666507720947,189600,5.791666507720947,5.708333492279053,0.49702101945877075
28-09-1981,5.5,5.666666507720947,123000,5.666666507720947,5.625,0.48976489901542664
29-09-1981,5.583333492279053,5.625,119400,5.708333492279053,5.666666507720947,0.4933925271034241
30-09-1981,5.541666507720947,5.625,108000,5.625,5.625,0.48976489901542664
01-10-1981,5.5,5.625,276800,5.625,5.583333492279053,0.4861370921134949
02-10-1981,5.541666507720947,5.583333492279053,235800,5.708333492279053,5.708333492279053,0.49702101945877075
05-10-1981,5.666666507720947,5.708333492279053,294600,5.791666507720947,5.75,0.5006486773490906
06-10-1981,5.583333492279053,5.75,151200,5.75,5.666666507720947,0.4933925271034241
07-10-1981,5.666666507720947,5.666666507720947,74400,5.75,5.75,0.5006486773490906
08-10-1981,5.708333492279053,5.75,630600,5.791666507720947,5.75,0.5006486773490906
09-10-1981,5.666666507720947,5.75,595400,5.791666507720947,5.75,0.5006486773490906
12-10-1981,5.708333492279053,5.75,83400,5.791666507720947,5.75,0.5006486773490906
13-10-1981,5.708333492279053,5.75,394200,5.791666507720947,5.75,0.5006486773490906
14-10-1981,5.666666507720947,5.75,121800,5.791666507720947,5.708333492279053,0.49702101945877075
15-10-1981,5.708333492279053,5.708333492279053,294000,5.75,5.75,0.5006486773490906
16-10-1981,5.666666507720947,5.75,72000,5.75,5.708333492279053,0.49702101945877075
19-10-1981,5.666666507720947,5.708333492279053,120000,5.75,5.75,0.5006486773490906
20-10-1981,5.708333492279053,5.75,316200,5.791666507720947,5.75,0.5006486773490906
21-10-1981,5.666666507720947,5.75,1350000,5.791666507720947,5.708333492279053,0.49702101945877075
22-10-1981,5.625,5.708333492279053,348800,5.75,5.666666507720947,0.4933925271034241
23-10-1981,5.583333492279053,5.666666507720947,312000,5.708333492279053,5.708333492279053,0.49702101945877075
26-10-1981,5.625,5.708333492279053,92400,5.75,5.708333492279053,0.49702101945877075
27-10-1981,5.666666507720947,5.708333492279053,464600,5.75,5.75,0.5006486773490906
28-10-1981,5.666666507720947,5.75,263400,5.875,5.875,0.5115323066711426
29-10-1981,5.833333492279053,5.875,63200,5.958333492279053,5.916666507720947,0.515160083770752
30-10-1981,6.0,6.0,549800,6.25,6.208333492279053,0.5405556559562683
02-11-1981,6.166666507720947,6.208333492279053,192600,6.291666507720947,6.208333492279053,0.5405556559562683
03-11-1981,6.208333492279053,6.208333492279053,266400,6.291666507720947,6.25,0.5441833734512329
04-11-1981,6.25,6.25,252000,6.333333492279053,6.333333492279053,0.551439106464386
05-11-1981,6.25,6.333333492279053,314000,6.333333492279053,6.291666507720947,0.5478113889694214
06-11-1981,6.208333492279053,6.291666507720947,84600,6.291666507720947,6.25,0.5441833734512329
09-11-1981,6.291666507720947,6.291666507720947,665600,6.416666507720947,6.416666507720947,0.5586949586868286
10-11-1981,6.416666507720947,6.416666507720947,696000,6.541666507720947,6.541666507720947,0.5695784687995911
11-11-1981,6.458333492279053,6.541666507720947,245000,6.541666507720947,6.5,0.5659506320953369
12-11-1981,6.583333492279053,6.583333492279053,1250600,6.666666507720947,6.625,0.576834499835968
13-11-1981,6.583333492279053,6.625,305600,6.666666507720947,6.666666507720947,0.5804622173309326
16-11-1981,6.541666507720947,6.666666507720947,500600,6.708333492279053,6.583333492279053,0.5732062458992004
17-11-1981,6.541666507720947,6.583333492279053,85400,6.666666507720947,6.541666507720947,0.5695784687995911
18-11-1981,6.5,6.541666507720947,146000,6.625,6.541666507720947,0.5695784687995911
19-11-1981,6.541666507720947,6.541666507720947,121200,6.625,6.583333492279053,0.5732062458992004
20-11-1981,6.541666507720947,6.583333492279053,243200,6.625,6.625,0.576834499835968
23-11-1981,6.541666507720947,6.625,134000,6.625,6.541666507720947,0.5695784687995911
24-11-1981,6.541666507720947,6.541666507720947,202400,6.625,6.625,0.576834499835968
25-11-1981,6.541666507720947,6.625,180200,6.625,6.583333492279053,0.5732062458992004
27-11-1981,6.583333492279053,6.583333492279053,108600,6.666666507720947,6.625,0.576834499835968
30-11-1981,6.583333492279053,6.625,269400,6.666666507720947,6.583333492279053,0.5732062458992004
01-12-1981,6.333333492279053,6.458333492279053,1056000,6.458333492279053,6.375,0.5727569460868835
02-12-1981,6.291666507720947,6.375,93000,6.375,6.333333492279053,0.5690135359764099
03-12-1981,6.291666507720947,6.333333492279053,255600,6.375,6.333333492279053,0.5690135359764099
04-12-1981,6.291666507720947,6.333333492279053,978000,6.416666507720947,6.333333492279053,0.5690135359764099
07-12-1981,6.333333492279053,6.333333492279053,426800,6.416666507720947,6.333333492279053,0.5690135359764099
08-12-1981,6.208333492279053,6.333333492279053,187200,6.375,6.333333492279053,0.5690135359764099
09-12-1981,6.208333492279053,6.291666507720947,81800,6.291666507720947,6.291666507720947,0.565269947052002
10-12-1981,6.25,6.291666507720947,144000,6.375,6.25,0.5615265965461731
11-12-1981,6.208333492279053,6.25,66800,6.333333492279053,6.25,0.5615265965461731
14-12-1981,6.0,6.25,121200,6.291666507720947,6.041666507720947,0.5428087115287781
15-12-1981,5.958333492279053,6.041666507720947,124200,6.125,6.041666507720947,0.5428087115287781
16-12-1981,5.875,6.041666507720947,384200,6.083333492279053,5.875,0.5278347134590149
17-12-1981,5.875,5.875,112800,5.958333492279053,5.916666507720947,0.5315781235694885
18-12-1981,5.875,5.916666507720947,545000,6.125,6.125,0.5502958297729492
21-12-1981,6.0,6.125,168600,6.166666507720947,6.0,0.5390653610229492
22-12-1981,5.958333492279053,6.0,402800,6.041666507720947,6.041666507720947,0.5428087115287781
23-12-1981,5.958333492279053,6.041666507720947,97400,6.083333492279053,6.0,0.5390653610229492
24-12-1981,5.916666507720947,6.0,591800,6.041666507720947,5.916666507720947,0.5315781235694885
28-12-1981,5.875,5.916666507720947,123200,5.958333492279053,5.875,0.5278347134590149
29-12-1981,5.916666507720947,5.916666507720947,101000,5.958333492279053,5.916666507720947,0.5315781235694885
30-12-1981,5.916666507720947,5.916666507720947,165200,6.083333492279053,6.0,0.5390653610229492
31-12-1981,5.916666507720947,6.0,116600,6.0,6.0,0.5390653610229492
04-01-1982,5.916666507720947,6.0,139200,6.041666507720947,6.041666507720947,0.5428087115287781
05-01-1982,6.0,6.041666507720947,44000,6.083333492279053,6.083333492279053,0.5465523600578308
06-01-1982,6.0,6.083333492279053,144000,6.083333492279053,6.083333492279053,0.5465523600578308
07-01-1982,6.0,6.083333492279053,65000,6.083333492279053,6.041666507720947,0.5428087115287781
08-01-1982,6.041666507720947,6.041666507720947,68600,6.208333492279053,6.208333492279053,0.5577831268310547
11-01-1982,6.041666507720947,6.208333492279053,111200,6.208333492279053,6.083333492279053,0.5465523600578308
12-01-1982,6.0,6.083333492279053,102600,6.083333492279053,6.041666507720947,0.5428087115287781
13-01-1982,5.916666507720947,6.041666507720947,111200,6.041666507720947,6.041666507720947,0.5428087115287781
14-01-1982,5.958333492279053,6.041666507720947,47600,6.083333492279053,5.958333492279053,0.5353216528892517
15-01-1982,6.0,6.0,187400,6.125,6.125,0.5502958297729492
18-01-1982,6.041666507720947,6.125,93800,6.125,6.125,0.5502958297729492
19-01-1982,6.041666507720947,6.125,60800,6.125,6.041666507720947,0.5428087115287781
20-01-1982,6.041666507720947,6.041666507720947,57000,6.125,6.041666507720947,0.5428087115287781
21-01-1982,6.0,6.041666507720947,64400,6.083333492279053,6.041666507720947,0.5428087115287781
22-01-1982,6.0,6.041666507720947,57200,6.083333492279053,6.041666507720947,0.5428087115287781
25-01-1982,6.0,6.041666507720947,40200,6.083333492279053,6.0,0.5390653610229492
26-01-1982,5.958333492279053,6.0,100200,6.083333492279053,6.041666507720947,0.5428087115287781
27-01-1982,6.041666507720947,6.041666507720947,220200,6.125,6.125,0.5502958297729492
28-01-1982,6.125,6.125,71000,6.25,6.208333492279053,0.5577831268310547
29-01-1982,6.25,6.25,145400,6.458333492279053,6.416666507720947,0.5765004754066467
01-02-1982,6.25,6.333333492279053,113000,6.333333492279053,6.333333492279053,0.5690135359764099
02-02-1982,6.25,6.333333492279053,105000,6.375,6.333333492279053,0.5690135359764099
03-02-1982,6.291666507720947,6.333333492279053,131600,6.416666507720947,6.333333492279053,0.5690135359764099
04-02-1982,6.208333492279053,6.333333492279053,123800,6.416666507720947,6.208333492279053,0.5577831268310547
05-02-1982,6.208333492279053,6.208333492279053,118200,6.375,6.333333492279053,0.5690135359764099
08-02-1982,6.291666507720947,6.333333492279053,82200,6.333333492279053,6.333333492279053,0.5690135359764099
09-02-1982,6.291666507720947,6.333333492279053,357000,6.333333492279053,6.333333492279053,0.5690135359764099
10-02-1982,6.333333492279053,6.333333492279053,95000,6.416666507720947,6.375,0.5727569460868835
11-02-1982,6.333333492279053,6.375,267600,6.416666507720947,6.416666507720947,0.5765004754066467
12-02-1982,6.375,6.416666507720947,124800,6.416666507720947,6.375,0.5727569460868835
16-02-1982,6.333333492279053,6.375,332600,6.458333492279053,6.375,0.5727569460868835
17-02-1982,6.375,6.375,272600,6.458333492279053,6.416666507720947,0.5765004754066467
18-02-1982,6.375,6.416666507720947,111000,6.458333492279053,6.458333492279053,0.580243706703186
19-02-1982,6.458333492279053,6.458333492279053,173000,6.541666507720947,6.458333492279053,0.580243706703186
22-02-1982,6.458333492279053,6.458333492279053,97400,6.583333492279053,6.5,0.5839875936508179
23-02-1982,6.416666507720947,6.5,107000,6.541666507720947,6.541666507720947,0.5877307057380676
24-02-1982,6.5,6.541666507720947,1033400,6.708333492279053,6.666666507720947,0.5989615321159363
25-02-1982,6.625,6.666666507720947,639800,6.75,6.666666507720947,0.5989615321159363
26-02-1982,6.583333492279053,6.666666507720947,436400,6.708333492279053,6.625,0.5952180624008179
01-03-1982,6.375,6.5,417800,6.5,6.458333492279053,0.5986164808273315
02-03-1982,6.416666507720947,6.458333492279053,136800,6.541666507720947,6.458333492279053,0.5986164808273315
03-03-1982,6.375,6.458333492279053,340800,6.458333492279053,6.416666507720947,0.5947539210319519
04-03-1982,6.333333492279053,6.416666507720947,319800,6.416666507720947,6.333333492279053,0.5870301723480225
05-03-1982,6.375,6.375,503400,6.541666507720947,6.5,0.6024786829948425
08-03-1982,6.5,6.5,1062000,6.666666507720947,6.583333492279053,0.6102021336555481
09-03-1982,6.625,6.625,579200,6.708333492279053,6.666666507720947,0.6179266571998596
10-03-1982,6.583333492279053,6.666666507720947,99800,6.708333492279053,6.625,0.6140646934509277
11-03-1982,6.625,6.625,503000,6.666666507720947,6.625,0.6140646934509277
12-03-1982,6.5,6.625,108600,6.625,6.541666507720947,0.606340229511261
15-03-1982,6.375,6.5,96200,6.5,6.5,0.6024786829948425
16-03-1982,6.333333492279053,6.5,111800,6.541666507720947,6.333333492279053,0.5870301723480225
17-03-1982,6.333333492279053,6.333333492279053,168600,6.458333492279053,6.458333492279053,0.5986164808273315
18-03-1982,6.416666507720947,6.458333492279053,40200,6.5,6.5,0.6024786829948425
19-03-1982,6.458333492279053,6.5,134600,6.583333492279053,6.5,0.6024786829948425
22-03-1982,6.5,6.5,388200,6.666666507720947,6.625,0.6140646934509277
23-03-1982,6.583333492279053,6.625,562400,6.708333492279053,6.666666507720947,0.6179266571998596
24-03-1982,6.583333492279053,6.666666507720947,63200,6.666666507720947,6.625,0.6140646934509277
25-03-1982,6.583333492279053,6.625,141200,6.666666507720947,6.625,0.6140646934509277
26-03-1982,6.583333492279053,6.625,142200,6.666666507720947,6.625,0.6140646934509277
29-03-1982,6.541666507720947,6.625,776600,6.666666507720947,6.625,0.6140646934509277
30-03-1982,6.458333492279053,6.583333492279053,150800,6.583333492279053,6.5,0.6024786829948425
31-03-1982,6.416666507720947,6.5,308000,6.5,6.458333492279053,0.5986164808273315
01-04-1982,6.416666507720947,6.458333492279053,170000,6.5,6.5,0.6024786829948425
02-04-1982,6.458333492279053,6.5,248400,6.583333492279053,6.583333492279053,0.6102021336555481
05-04-1982,6.5,6.583333492279053,295200,6.583333492279053,6.5,0.6024786829948425
06-04-1982,6.5,6.5,369800,6.583333492279053,6.541666507720947,0.606340229511261
07-04-1982,6.583333492279053,6.583333492279053,134600,6.666666507720947,6.625,0.6140646934509277
08-04-1982,6.625,6.625,223800,6.708333492279053,6.666666507720947,0.6179266571998596
12-04-1982,6.666666507720947,6.666666507720947,154200,6.75,6.75,0.6256508231163025
13-04-1982,6.75,6.75,999200,6.833333492279053,6.791666507720947,0.6295125484466553
14-04-1982,6.791666507720947,6.791666507720947,252200,6.875,6.875,0.6372365951538086
15-04-1982,6.791666507720947,6.875,418800,6.875,6.833333492279053,0.6333745121955872
16-04-1982,6.833333492279053,6.833333492279053,249600,6.916666507720947,6.833333492279053,0.6333745121955872
19-04-1982,6.833333492279053,6.833333492279053,199200,6.875,6.833333492279053,0.6333745121955872
20-04-1982,6.75,6.833333492279053,582800,6.875,6.791666507720947,0.6295125484466553
21-04-1982,6.75,6.791666507720947,193800,6.875,6.833333492279053,0.6333745121955872
22-04-1982,6.833333492279053,6.833333492279053,768800,6.958333492279053,6.916666507720947,0.6410987377166748
23-04-1982,6.916666507720947,6.916666507720947,934400,7.125,7.083333492279053,0.6565470695495605
26-04-1982,7.0,7.083333492279053,116400,7.083333492279053,7.041666507720947,0.6526850461959839
27-04-1982,7.0,7.041666507720947,564600,7.125,7.041666507720947,0.6526850461959839
28-04-1982,7.041666507720947,7.041666507720947,180000,7.166666507720947,7.125,0.6604086756706238
29-04-1982,7.0,7.125,154200,7.166666507720947,7.041666507720947,0.6526850461959839
30-04-1982,6.958333492279053,7.041666507720947,87000,7.083333492279053,7.0,0.6488227844238281
03-05-1982,7.0,7.0,170600,7.083333492279053,7.041666507720947,0.6526850461959839
04-05-1982,7.0,7.041666507720947,175200,7.083333492279053,7.041666507720947,0.6526850461959839
05-05-1982,7.041666507720947,7.041666507720947,167400,7.125,7.125,0.6604086756706238
06-05-1982,7.083333492279053,7.125,562800,7.208333492279053,7.166666507720947,0.6642710566520691
07-05-1982,7.166666507720947,7.166666507720947,302600,7.25,7.25,0.6719950437545776
10-05-1982,7.166666507720947,7.25,262400,7.25,7.208333492279053,0.6681326627731323
11-05-1982,7.208333492279053,7.208333492279053,681800,7.25,7.208333492279053,0.6681326627731323
12-05-1982,7.208333492279053,7.208333492279053,1050800,7.291666507720947,7.25,0.6719950437545776
13-05-1982,7.125,7.208333492279053,234200,7.208333492279053,7.125,0.6604086756706238
14-05-1982,7.125,7.125,414800,7.25,7.166666507720947,0.6642710566520691
17-05-1982,7.166666507720947,7.166666507720947,304800,7.25,7.208333492279053,0.6681326627731323
18-05-1982,7.125,7.208333492279053,200000,7.25,7.208333492279053,0.6681326627731323
19-05-1982,7.083333492279053,7.166666507720947,356400,7.166666507720947,7.083333492279053,0.6565470695495605
20-05-1982,7.083333492279053,7.083333492279053,87200,7.166666507720947,7.125,0.6604086756706238
21-05-1982,7.083333492279053,7.125,226800,7.166666507720947,7.125,0.6604086756706238
24-05-1982,7.083333492279053,7.125,82800,7.166666507720947,7.125,0.6604086756706238
25-05-1982,7.041666507720947,7.125,77400,7.125,7.041666507720947,0.6526850461959839
26-05-1982,6.791666507720947,7.041666507720947,123800,7.083333492279053,6.833333492279053,0.6333745121955872
27-05-1982,6.833333492279053,6.833333492279053,102000,6.916666507720947,6.833333492279053,0.6333745121955872
28-05-1982,6.541666507720947,6.625,143000,6.625,6.583333492279053,0.6298665404319763
01-06-1982,6.458333492279053,6.541666507720947,379400,6.541666507720947,6.458333492279053,0.6179066896438599
02-06-1982,6.458333492279053,6.458333492279053,638000,6.541666507720947,6.5,0.6218929290771484
03-06-1982,6.458333492279053,6.5,406800,6.583333492279053,6.541666507720947,0.6258795857429504
04-06-1982,6.5,6.541666507720947,138000,6.583333492279053,6.5,0.6218929290771484
07-06-1982,6.458333492279053,6.5,182000,6.541666507720947,6.5,0.6218929290771484
08-06-1982,6.5,6.5,54600,6.583333492279053,6.541666507720947,0.6258795857429504
09-06-1982,6.5,6.541666507720947,193200,6.583333492279053,6.541666507720947,0.6258795857429504
10-06-1982,6.5,6.541666507720947,206000,6.583333492279053,6.541666507720947,0.6258795857429504
11-06-1982,6.375,6.541666507720947,318200,6.708333492279053,6.666666507720947,0.6378394961357117
14-06-1982,6.666666507720947,6.666666507720947,234600,6.75,6.666666507720947,0.6378394961357117
15-06-1982,6.666666507720947,6.666666507720947,354200,6.75,6.666666507720947,0.6378394961357117
16-06-1982,6.625,6.666666507720947,390000,6.791666507720947,6.75,0.645812451839447
17-06-1982,6.625,6.75,167600,6.75,6.625,0.6338527202606201
18-06-1982,6.583333492279053,6.625,114000,6.666666507720947,6.583333492279053,0.6298665404319763
21-06-1982,6.583333492279053,6.583333492279053,268200,6.666666507720947,6.625,0.6338527202606201
22-06-1982,6.583333492279053,6.625,136200,6.625,6.625,0.6338527202606201
23-06-1982,6.583333492279053,6.625,121800,6.625,6.583333492279053,0.6298665404319763
24-06-1982,6.583333492279053,6.583333492279053,210200,6.625,6.583333492279053,0.6298665404319763
25-06-1982,6.583333492279053,6.583333492279053,82400,6.625,6.625,0.6338527202606201
28-06-1982,6.541666507720947,6.625,386000,6.625,6.583333492279053,0.6298665404319763
29-06-1982,6.5,6.583333492279053,93600,6.583333492279053,6.541666507720947,0.6258795857429504
30-06-1982,6.541666507720947,6.541666507720947,199200,6.666666507720947,6.583333492279053,0.6298665404319763
01-07-1982,6.5,6.583333492279053,142800,6.583333492279053,6.541666507720947,0.6258795857429504
02-07-1982,6.5,6.541666507720947,334800,6.625,6.5,0.6218929290771484
06-07-1982,6.458333492279053,6.5,67800,6.583333492279053,6.541666507720947,0.6258795857429504
07-07-1982,6.458333492279053,6.541666507720947,92000,6.541666507720947,6.458333492279053,0.6179066896438599
08-07-1982,6.375,6.458333492279053,509000,6.5,6.458333492279053,0.6179066896438599
09-07-1982,6.458333492279053,6.458333492279053,184400,6.625,6.625,0.6338527202606201
12-07-1982,6.625,6.625,717600,6.75,6.708333492279053,0.6418259143829346
13-07-1982,6.583333492279053,6.666666507720947,641000,6.666666507720947,6.625,0.6338527202606201
14-07-1982,6.5,6.625,92400,6.625,6.625,0.6338527202606201
15-07-1982,6.583333492279053,6.625,38600,6.666666507720947,6.625,0.6338527202606201
16-07-1982,6.583333492279053,6.625,287400,6.708333492279053,6.666666507720947,0.6378394961357117
19-07-1982,6.666666507720947,6.666666507720947,92000,6.791666507720947,6.75,0.645812451839447
20-07-1982,6.75,6.75,122600,7.0,7.0,0.6697312593460083
21-07-1982,6.833333492279053,7.0,131000,7.083333492279053,6.958333492279053,0.6657448410987854
22-07-1982,6.875,6.958333492279053,759000,7.0,6.958333492279053,0.6657448410987854
23-07-1982,6.791666507720947,6.958333492279053,188600,6.958333492279053,6.875,0.6577715873718262
26-07-1982,6.791666507720947,6.875,103400,6.916666507720947,6.791666507720947,0.6497986912727356
27-07-1982,6.583333492279053,6.75,532800,6.75,6.666666507720947,0.6378394961357117
28-07-1982,6.583333492279053,6.666666507720947,111600,6.708333492279053,6.625,0.6338527202606201
29-07-1982,6.583333492279053,6.625,152400,6.666666507720947,6.666666507720947,0.6378394961357117
30-07-1982,6.541666507720947,6.666666507720947,284000,6.666666507720947,6.625,0.6338527202606201
02-08-1982,6.666666507720947,6.666666507720947,146400,6.875,6.833333492279053,0.6537851691246033
03-08-1982,6.791666507720947,6.833333492279053,131000,6.916666507720947,6.833333492279053,0.6537851691246033
04-08-1982,6.583333492279053,6.833333492279053,169400,6.833333492279053,6.666666507720947,0.6378394961357117
05-08-1982,6.583333492279053,6.666666507720947,98000,6.708333492279053,6.666666507720947,0.6378394961357117
06-08-1982,6.625,6.666666507720947,148800,6.791666507720947,6.75,0.645812451839447
09-08-1982,6.625,6.75,412200,6.75,6.625,0.6338527202606201
10-08-1982,6.625,6.625,146400,6.708333492279053,6.708333492279053,0.6418259143829346
11-08-1982,6.625,6.708333492279053,119000,6.75,6.75,0.645812451839447
12-08-1982,6.708333492279053,6.75,182600,6.833333492279053,6.791666507720947,0.6497986912727356
13-08-1982,6.791666507720947,6.791666507720947,151200,7.083333492279053,7.0,0.6697312593460083
16-08-1982,7.0,7.0,227400,7.125,7.125,0.6816909313201904
17-08-1982,7.166666507720947,7.166666507720947,954200,7.375,7.333333492279053,0.7016233801841736
18-08-1982,7.416666507720947,7.416666507720947,945600,7.666666507720947,7.5,0.7175689339637756
19-08-1982,7.333333492279053,7.5,510000,7.5,7.458333492279053,0.7135831713676453
20-08-1982,7.5,7.5,478800,7.583333492279053,7.583333492279053,0.7255420088768005
23-08-1982,7.541666507720947,7.583333492279053,998600,7.75,7.666666507720947,0.7335151433944702
24-08-1982,7.583333492279053,7.666666507720947,372800,7.708333492279053,7.666666507720947,0.7335151433944702
25-08-1982,7.541666507720947,7.666666507720947,2077400,7.666666507720947,7.583333492279053,0.7255420088768005
26-08-1982,7.458333492279053,7.583333492279053,1340600,7.666666507720947,7.5,0.7175689339637756
27-08-1982,7.416666507720947,7.5,375800,7.541666507720947,7.458333492279053,0.7135831713676453
30-08-1982,7.375,7.458333492279053,282600,7.5,7.5,0.7175689339637756
31-08-1982,7.208333492279053,7.375,512400,7.375,7.208333492279053,0.7098544836044312
01-09-1982,7.041666507720947,7.208333492279053,572400,7.25,7.041666507720947,0.6934415698051453
02-09-1982,7.0,7.041666507720947,150600,7.125,7.125,0.7016481757164001
03-09-1982,7.166666507720947,7.166666507720947,613800,7.333333492279053,7.291666507720947,0.718060314655304
07-09-1982,7.208333492279053,7.291666507720947,196200,7.375,7.25,0.7139580845832825
08-09-1982,7.125,7.25,277400,7.291666507720947,7.166666507720947,0.7057511806488037
09-09-1982,7.041666507720947,7.166666507720947,138000,7.208333492279053,7.125,0.7016481757164001
10-09-1982,7.0,7.125,580200,7.208333492279053,7.041666507720947,0.6934415698051453
13-09-1982,7.041666507720947,7.041666507720947,338000,7.208333492279053,7.166666507720947,0.7057511806488037
14-09-1982,7.166666507720947,7.166666507720947,101600,7.291666507720947,7.25,0.7139580845832825
15-09-1982,7.166666507720947,7.25,171200,7.291666507720947,7.291666507720947,0.718060314655304
16-09-1982,7.166666507720947,7.291666507720947,140600,7.333333492279053,7.25,0.7139580845832825
17-09-1982,7.041666507720947,7.25,151800,7.25,7.083333492279053,0.6975449919700623
20-09-1982,7.041666507720947,7.083333492279053,87800,7.125,7.125,0.7016481757164001
21-09-1982,7.125,7.125,720000,7.333333492279053,7.333333492279053,0.7221641540527344
22-09-1982,7.375,7.375,705600,7.541666507720947,7.541666507720947,0.7426803708076477
23-09-1982,7.375,7.458333492279053,296600,7.458333492279053,7.458333492279053,0.7344738245010376
24-09-1982,7.291666507720947,7.416666507720947,663000,7.416666507720947,7.375,0.7262673377990723
27-09-1982,7.291666507720947,7.375,179000,7.416666507720947,7.333333492279053,0.7221641540527344
28-09-1982,7.25,7.333333492279053,320400,7.375,7.25,0.7139580845832825
29-09-1982,7.083333492279053,7.208333492279053,182000,7.208333492279053,7.083333492279053,0.6975449919700623
30-09-1982,7.083333492279053,7.083333492279053,280400,7.166666507720947,7.083333492279053,0.6975449919700623
01-10-1982,7.041666507720947,7.083333492279053,137400,7.25,7.208333492279053,0.7098544836044312
04-10-1982,7.125,7.208333492279053,267800,7.291666507720947,7.291666507720947,0.718060314655304
05-10-1982,7.291666507720947,7.291666507720947,147000,7.416666507720947,7.291666507720947,0.718060314655304
06-10-1982,7.291666507720947,7.291666507720947,357200,7.416666507720947,7.375,0.7262673377990723
07-10-1982,7.375,7.375,270000,7.583333492279053,7.5,0.7385770082473755
08-10-1982,7.5,7.5,1151000,7.916666507720947,7.708333492279053,0.7590935826301575
11-10-1982,7.75,7.75,720200,7.916666507720947,7.75,0.7631964683532715
12-10-1982,7.666666507720947,7.75,893600,7.833333492279053,7.708333492279053,0.7590935826301575
13-10-1982,7.583333492279053,7.708333492279053,482000,7.791666507720947,7.708333492279053,0.7590935826301575
14-10-1982,7.5,7.708333492279053,1414200,7.791666507720947,7.666666507720947,0.7549896836280823
15-10-1982,7.5,7.666666507720947,157200,7.666666507720947,7.5,0.7385770082473755
18-10-1982,7.458333492279053,7.5,510600,7.625,7.583333492279053,0.7467836737632751
19-10-1982,7.333333492279053,7.583333492279053,321200,7.666666507720947,7.666666507720947,0.7549896836280823
20-10-1982,7.458333492279053,7.666666507720947,304800,7.666666507720947,7.583333492279053,0.7467836737632751
21-10-1982,7.583333492279053,7.583333492279053,414600,7.666666507720947,7.625,0.750886857509613
22-10-1982,7.541666507720947,7.625,299000,7.666666507720947,7.625,0.750886857509613
25-10-1982,7.541666507720947,7.625,216800,7.625,7.625,0.750886857509613
26-10-1982,7.458333492279053,7.541666507720947,184400,7.541666507720947,7.5,0.7385770082473755
27-10-1982,7.458333492279053,7.5,117000,7.791666507720947,7.5,0.7385770082473755
28-10-1982,7.458333492279053,7.5,287000,7.541666507720947,7.458333492279053,0.7344738245010376
29-10-1982,7.416666507720947,7.458333492279053,764600,7.541666507720947,7.5,0.7385770082473755
01-11-1982,7.416666507720947,7.5,455000,7.541666507720947,7.541666507720947,0.7426803708076477
02-11-1982,7.5,7.541666507720947,525600,7.583333492279053,7.541666507720947,0.7426803708076477
03-11-1982,7.5,7.541666507720947,1353600,7.708333492279053,7.666666507720947,0.7549896836280823
04-11-1982,7.416666507720947,7.666666507720947,1356800,7.791666507720947,7.458333492279053,0.7344738245010376
05-11-1982,7.458333492279053,7.458333492279053,259800,7.583333492279053,7.583333492279053,0.7467836737632751
08-11-1982,7.458333492279053,7.583333492279053,996600,7.625,7.5,0.7385770082473755
09-11-1982,7.458333492279053,7.5,339800,7.583333492279053,7.541666507720947,0.7426803708076477
10-11-1982,7.416666507720947,7.541666507720947,1298000,7.708333492279053,7.541666507720947,0.7426803708076477
11-11-1982,7.458333492279053,7.541666507720947,165000,7.541666507720947,7.541666507720947,0.7426803708076477
12-11-1982,7.5,7.541666507720947,753800,7.625,7.583333492279053,0.7467836737632751
15-11-1982,7.5,7.583333492279053,361800,7.666666507720947,7.625,0.750886857509613
16-11-1982,7.458333492279053,7.625,781800,7.625,7.583333492279053,0.7467836737632751
17-11-1982,7.583333492279053,7.583333492279053,561800,7.666666507720947,7.666666507720947,0.7549896836280823
18-11-1982,7.5,7.666666507720947,489000,7.666666507720947,7.583333492279053,0.7467836737632751
19-11-1982,7.541666507720947,7.583333492279053,421400,7.625,7.625,0.750886857509613
22-11-1982,7.5,7.625,188000,7.666666507720947,7.583333492279053,0.7467836737632751
23-11-1982,7.416666507720947,7.583333492279053,588200,7.666666507720947,7.458333492279053,0.7344738245010376
24-11-1982,7.375,7.458333492279053,392400,7.5,7.375,0.7262673377990723
26-11-1982,7.25,7.375,700400,7.416666507720947,7.291666507720947,0.718060314655304
29-11-1982,7.25,7.291666507720947,434600,7.333333492279053,7.333333492279053,0.7221641540527344
30-11-1982,7.208333492279053,7.333333492279053,545000,7.333333492279053,7.25,0.7139580845832825
01-12-1982,6.916666507720947,7.083333492279053,449400,7.083333492279053,7.083333492279053,0.7186926603317261
02-12-1982,7.041666507720947,7.083333492279053,327200,7.166666507720947,7.083333492279053,0.7186926603317261
03-12-1982,7.083333492279053,7.083333492279053,255600,7.333333492279053,7.291666507720947,0.7398301362991333
06-12-1982,7.25,7.291666507720947,632000,7.416666507720947,7.291666507720947,0.7398301362991333
07-12-1982,7.208333492279053,7.291666507720947,1702200,7.333333492279053,7.333333492279053,0.7440580725669861
08-12-1982,7.25,7.333333492279053,924200,7.375,7.333333492279053,0.7440580725669861
09-12-1982,7.25,7.333333492279053,203000,7.333333492279053,7.333333492279053,0.7440580725669861
10-12-1982,7.25,7.333333492279053,814400,7.333333492279053,7.333333492279053,0.7440580725669861
13-12-1982,7.208333492279053,7.333333492279053,123200,7.333333492279053,7.25,0.7356027364730835
14-12-1982,7.291666507720947,7.291666507720947,555000,7.458333492279053,7.333333492279053,0.7440580725669861
15-12-1982,7.208333492279053,7.333333492279053,284400,7.375,7.333333492279053,0.7440580725669861
16-12-1982,7.208333492279053,7.333333492279053,333200,7.333333492279053,7.333333492279053,0.7440580725669861
17-12-1982,7.25,7.333333492279053,151200,7.416666507720947,7.333333492279053,0.7440580725669861
20-12-1982,7.208333492279053,7.333333492279053,197000,7.5,7.25,0.7356027364730835
21-12-1982,7.166666507720947,7.25,995000,7.25,7.208333492279053,0.7313752770423889
22-12-1982,7.208333492279053,7.208333492279053,1797800,7.416666507720947,7.291666507720947,0.7398301362991333
23-12-1982,7.291666507720947,7.291666507720947,143400,7.541666507720947,7.541666507720947,0.7651960253715515
27-12-1982,7.5,7.541666507720947,147200,7.666666507720947,7.625,0.7736518979072571
28-12-1982,7.583333492279053,7.625,456600,7.75,7.583333492279053,0.7694236040115356
29-12-1982,7.583333492279053,7.583333492279053,259800,7.666666507720947,7.666666507720947,0.7778785824775696
30-12-1982,7.625,7.666666507720947,309200,7.666666507720947,7.666666507720947,0.7778785824775696
31-12-1982,7.666666507720947,7.666666507720947,141200,7.75,7.75,0.7863340377807617
03-01-1983,7.666666507720947,7.75,189000,7.75,7.666666507720947,0.7778785824775696
04-01-1983,7.708333492279053,7.708333492279053,200600,7.791666507720947,7.791666507720947,0.7905614972114563
05-01-1983,7.791666507720947,7.791666507720947,253200,7.875,7.875,0.7990171909332275
06-01-1983,7.75,7.875,356600,7.875,7.833333492279053,0.79478919506073
07-01-1983,7.791666507720947,7.833333492279053,338000,7.916666507720947,7.833333492279053,0.79478919506073
10-01-1983,7.791666507720947,7.833333492279053,174600,7.916666507720947,7.875,0.7990171909332275
11-01-1983,7.875,7.875,270000,8.0,7.958333492279053,0.8074724674224854
12-01-1983,7.958333492279053,7.958333492279053,158400,8.041666984558105,8.0,0.8116999864578247
13-01-1983,8.0,8.0,172400,8.125,8.083333015441895,0.8201549053192139
14-01-1983,7.833333492279053,8.041666984558105,610400,8.041666984558105,7.916666507720947,0.803244411945343
17-01-1983,7.791666507720947,7.916666507720947,132000,7.916666507720947,7.833333492279053,0.79478919506073
18-01-1983,7.75,7.833333492279053,301200,7.875,7.833333492279053,0.79478919506073
19-01-1983,7.833333492279053,7.833333492279053,480600,8.0,7.958333492279053,0.8074724674224854
20-01-1983,7.833333492279053,7.958333492279053,246600,8.0,7.875,0.7990171909332275
21-01-1983,7.75,7.875,485600,7.875,7.791666507720947,0.7905614972114563
24-01-1983,7.666666507720947,7.791666507720947,240800,7.833333492279053,7.666666507720947,0.7778785824775696
25-01-1983,7.625,7.666666507720947,607800,7.75,7.708333492279053,0.7821068167686462
26-01-1983,7.75,7.75,267200,7.875,7.875,0.7990171909332275
27-01-1983,7.833333492279053,7.875,88800,7.916666507720947,7.916666507720947,0.803244411945343
28-01-1983,7.791666507720947,7.916666507720947,142800,7.958333492279053,7.833333492279053,0.79478919506073
31-01-1983,7.75,7.833333492279053,310800,7.875,7.833333492279053,0.79478919506073
01-02-1983,7.75,7.833333492279053,521600,7.875,7.833333492279053,0.79478919506073
02-02-1983,7.75,7.833333492279053,242400,7.875,7.875,0.7990171909332275
03-02-1983,7.833333492279053,7.875,90800,7.916666507720947,7.833333492279053,0.79478919506073
04-02-1983,7.833333492279053,7.833333492279053,210200,7.958333492279053,7.958333492279053,0.8074724674224854
07-02-1983,7.916666507720947,7.958333492279053,236600,8.041666984558105,8.0,0.8116999864578247
08-02-1983,7.958333492279053,8.0,115200,8.041666984558105,7.958333492279053,0.8074724674224854
09-02-1983,7.916666507720947,7.958333492279053,460200,8.041666984558105,7.916666507720947,0.803244411945343
10-02-1983,7.916666507720947,7.916666507720947,137600,8.041666984558105,8.0,0.8116999864578247
11-02-1983,8.0,8.0,137400,8.041666984558105,8.041666984558105,0.8159273266792297
14-02-1983,7.958333492279053,8.041666984558105,472800,8.041666984558105,8.041666984558105,0.8159273266792297
15-02-1983,8.0,8.041666984558105,186000,8.125,8.125,0.8243826627731323
16-02-1983,8.041666984558105,8.125,339200,8.166666984558105,8.125,0.8243826627731323
17-02-1983,7.958333492279053,8.125,150000,8.125,8.083333015441895,0.8201549053192139
18-02-1983,8.0,8.083333015441895,114600,8.125,8.0,0.8116999864578247
22-02-1983,8.0,8.0,731000,8.125,8.083333015441895,0.8201549053192139
23-02-1983,8.0,8.083333015441895,684800,8.083333015441895,8.083333015441895,0.8201549053192139
24-02-1983,8.041666984558105,8.083333015441895,330600,8.166666984558105,8.083333015441895,0.8201549053192139
25-02-1983,7.958333492279053,8.083333015441895,343400,8.166666984558105,8.041666984558105,0.8159273266792297
28-02-1983,7.75,7.875,273600,7.875,7.833333492279053,0.8164483904838562
01-03-1983,7.666666507720947,7.833333492279053,1080600,7.833333492279053,7.75,0.8077625632286072
02-03-1983,7.708333492279053,7.75,1199400,7.916666507720947,7.75,0.8077625632286072
03-03-1983,7.75,7.75,467600,7.958333492279053,7.958333492279053,0.8294763565063477
04-03-1983,7.916666507720947,7.958333492279053,747000,8.083333015441895,8.041666984558105,0.8381623029708862
07-03-1983,7.958333492279053,8.041666984558105,172800,8.083333015441895,8.0,0.8338196873664856
08-03-1983,7.833333492279053,8.0,279200,8.208333015441895,7.875,0.8207912445068359
09-03-1983,7.75,7.875,1389200,7.916666507720947,7.875,0.8207912445068359
10-03-1983,7.75,7.875,132200,7.916666507720947,7.75,0.8077625632286072
11-03-1983,7.666666507720947,7.75,546200,7.833333492279053,7.75,0.8077625632286072
14-03-1983,7.708333492279053,7.75,135200,7.833333492279053,7.791666507720947,0.8121050596237183
15-03-1983,7.75,7.791666507720947,273000,7.916666507720947,7.833333492279053,0.8164483904838562
16-03-1983,7.666666507720947,7.75,483000,7.75,7.75,0.8077625632286072
17-03-1983,7.541666507720947,7.708333492279053,1090400,7.708333492279053,7.666666507720947,0.7990765571594238
18-03-1983,7.583333492279053,7.666666507720947,396200,7.75,7.708333492279053,0.8034202456474304
21-03-1983,7.625,7.708333492279053,377400,7.708333492279053,7.708333492279053,0.8034202456474304
22-03-1983,7.666666507720947,7.708333492279053,349800,7.791666507720947,7.75,0.8077625632286072
23-03-1983,7.75,7.75,210000,7.875,7.833333492279053,0.8164483904838562
24-03-1983,7.791666507720947,7.833333492279053,248000,7.875,7.833333492279053,0.8164483904838562
25-03-1983,7.75,7.833333492279053,212600,7.875,7.75,0.8077625632286072
28-03-1983,7.625,7.75,251400,7.75,7.625,0.7947342991828918
29-03-1983,7.541666507720947,7.625,394400,7.625,7.583333492279053,0.7903912663459778
30-03-1983,7.5,7.583333492279053,816800,7.583333492279053,7.5,0.7817056179046631
31-03-1983,7.458333492279053,7.5,1103600,7.583333492279053,7.458333492279053,0.7773627638816833
04-04-1983,7.416666507720947,7.458333492279053,152400,7.583333492279053,7.458333492279053,0.7773627638816833
05-04-1983,7.458333492279053,7.458333492279053,378200,7.541666507720947,7.541666507720947,0.7860483527183533
06-04-1983,7.416666507720947,7.541666507720947,378200,7.583333492279053,7.5,0.7817056179046631
07-04-1983,7.416666507720947,7.5,264000,7.5,7.5,0.7817056179046631
08-04-1983,7.458333492279053,7.5,745400,7.875,7.583333492279053,0.7903912663459778
11-04-1983,7.541666507720947,7.583333492279053,340800,7.708333492279053,7.666666507720947,0.7990765571594238
12-04-1983,7.666666507720947,7.666666507720947,154200,7.75,7.75,0.8077625632286072
13-04-1983,7.666666507720947,7.75,253400,7.833333492279053,7.666666507720947,0.7990765571594238
14-04-1983,7.583333492279053,7.666666507720947,281000,7.75,7.666666507720947,0.7990765571594238
15-04-1983,7.666666507720947,7.666666507720947,170600,7.75,7.666666507720947,0.7990765571594238
18-04-1983,7.583333492279053,7.666666507720947,1026200,7.75,7.625,0.7947342991828918
19-04-1983,7.625,7.625,214400,7.791666507720947,7.791666507720947,0.8121050596237183
20-04-1983,7.75,7.791666507720947,338000,7.875,7.875,0.8207912445068359
21-04-1983,7.708333492279053,7.875,1421000,7.875,7.75,0.8077625632286072
22-04-1983,7.708333492279053,7.75,184400,7.791666507720947,7.708333492279053,0.8034202456474304
25-04-1983,7.666666507720947,7.708333492279053,1249800,7.791666507720947,7.75,0.8077625632286072
26-04-1983,7.625,7.708333492279053,286400,7.708333492279053,7.708333492279053,0.8034202456474304
27-04-1983,7.708333492279053,7.708333492279053,1447400,7.791666507720947,7.791666507720947,0.8121050596237183
28-04-1983,7.75,7.791666507720947,937200,7.958333492279053,7.875,0.8207912445068359
29-04-1983,7.833333492279053,7.875,369000,7.958333492279053,7.875,0.8207912445068359
02-05-1983,7.875,7.875,255800,7.958333492279053,7.916666507720947,0.8251335620880127
03-05-1983,7.625,7.916666507720947,1274000,8.0,8.0,0.8338196873664856
04-05-1983,7.916666507720947,8.0,1311800,8.041666984558105,8.0,0.8338196873664856
05-05-1983,7.958333492279053,8.0,1179600,8.083333015441895,8.041666984558105,0.8381623029708862
06-05-1983,8.0,8.041666984558105,210600,8.083333015441895,8.041666984558105,0.8381623029708862
09-05-1983,7.875,8.041666984558105,1150800,8.041666984558105,8.0,0.8338196873664856
10-05-1983,7.916666507720947,8.0,381800,8.0,7.958333492279053,0.8294763565063477
11-05-1983,7.958333492279053,7.958333492279053,1197200,8.083333015441895,8.0,0.8338196873664856
12-05-1983,8.0,8.0,198800,8.083333015441895,8.0,0.8338196873664856
13-05-1983,8.0,8.0,440600,8.083333015441895,8.041666984558105,0.8381623029708862
16-05-1983,7.958333492279053,8.041666984558105,347000,8.083333015441895,8.041666984558105,0.8381623029708862
17-05-1983,8.041666984558105,8.041666984558105,185600,8.125,8.083333015441895,0.8425049781799316
18-05-1983,8.083333015441895,8.083333015441895,712400,8.25,8.166666984558105,0.8511905670166016
19-05-1983,8.083333015441895,8.166666984558105,590000,8.208333015441895,8.125,0.8468477725982666
20-05-1983,8.041666984558105,8.125,124400,8.166666984558105,8.125,0.8468477725982666
23-05-1983,8.041666984558105,8.125,506400,8.166666984558105,8.125,0.8468477725982666
24-05-1983,8.083333015441895,8.125,1256400,8.25,8.25,0.8598761558532715
25-05-1983,8.125,8.25,1104600,8.25,8.25,0.8598761558532715
26-05-1983,8.083333015441895,8.25,562400,8.25,8.083333015441895,0.8425049781799316
27-05-1983,7.75,8.083333015441895,310800,8.166666984558105,8.166666984558105,0.8511905670166016
31-05-1983,7.708333492279053,7.916666507720947,471200,7.916666507720947,7.791666507720947,0.834587812423706
01-06-1983,7.791666507720947,7.791666507720947,516000,7.833333492279053,7.791666507720947,0.834587812423706
02-06-1983,7.791666507720947,7.791666507720947,752600,8.208333015441895,7.791666507720947,0.834587812423706
03-06-1983,7.708333492279053,7.791666507720947,144200,7.833333492279053,7.75,0.8301253318786621
06-06-1983,7.666666507720947,7.75,746400,7.75,7.666666507720947,0.8211985230445862
07-06-1983,7.5,7.666666507720947,669000,7.708333492279053,7.583333492279053,0.8122729659080505
08-06-1983,7.5,7.583333492279053,701000,7.625,7.541666507720947,0.8078097701072693
09-06-1983,7.416666507720947,7.541666507720947,881400,7.583333492279053,7.5,0.8033468723297119
10-06-1983,7.458333492279053,7.5,130800,7.541666507720947,7.458333492279053,0.7988836765289307
13-06-1983,7.416666507720947,7.458333492279053,237600,7.541666507720947,7.541666507720947,0.8078097701072693
14-06-1983,7.458333492279053,7.541666507720947,455600,7.583333492279053,7.5,0.8033468723297119
15-06-1983,7.416666507720947,7.5,438200,7.541666507720947,7.541666507720947,0.8078097701072693
16-06-1983,7.458333492279053,7.541666507720947,213800,7.541666507720947,7.541666507720947,0.8078097701072693
17-06-1983,7.416666507720947,7.541666507720947,871400,7.541666507720947,7.416666507720947,0.7944208383560181
20-06-1983,7.291666507720947,7.416666507720947,544200,7.5,7.333333492279053,0.7854945659637451
21-06-1983,7.333333492279053,7.333333492279053,915800,7.416666507720947,7.416666507720947,0.7944208383560181
22-06-1983,7.375,7.416666507720947,876600,7.458333492279053,7.416666507720947,0.7944208383560181
23-06-1983,7.333333492279053,7.416666507720947,341000,7.458333492279053,7.375,0.7899578809738159
24-06-1983,7.208333492279053,7.375,1582800,7.375,7.25,0.776568591594696
27-06-1983,7.25,7.25,260600,7.333333492279053,7.25,0.776568591594696
28-06-1983,7.25,7.25,149600,7.375,7.333333492279053,0.7854945659637451
29-06-1983,7.25,7.333333492279053,222800,7.333333492279053,7.333333492279053,0.7854945659637451
30-06-1983,7.208333492279053,7.333333492279053,1327800,7.416666507720947,7.333333492279053,0.7854945659637451
01-07-1983,7.083333492279053,7.333333492279053,1169400,7.5,7.5,0.8033468723297119
05-07-1983,7.375,7.458333492279053,477600,7.458333492279053,7.458333492279053,0.7988836765289307
06-07-1983,7.375,7.458333492279053,265800,7.5,7.458333492279053,0.7988836765289307
07-07-1983,7.375,7.458333492279053,580800,7.458333492279053,7.416666507720947,0.7944208383560181
08-07-1983,7.333333492279053,7.416666507720947,183800,7.458333492279053,7.375,0.7899578809738159
11-07-1983,7.458333492279053,7.458333492279053,378000,7.666666507720947,7.583333492279053,0.8122729659080505
12-07-1983,7.5,7.583333492279053,1056000,7.583333492279053,7.541666507720947,0.8078097701072693
13-07-1983,7.5,7.541666507720947,455600,7.625,7.625,0.8167363405227661
14-07-1983,7.583333492279053,7.625,403800,7.666666507720947,7.583333492279053,0.8122729659080505
15-07-1983,7.541666507720947,7.583333492279053,245400,7.666666507720947,7.541666507720947,0.8078097701072693
18-07-1983,7.5,7.541666507720947,171000,7.625,7.583333492279053,0.8122729659080505
19-07-1983,7.583333492279053,7.583333492279053,612000,7.666666507720947,7.666666507720947,0.8211985230445862
20-07-1983,7.666666507720947,7.666666507720947,389600,7.875,7.833333492279053,0.8390514850616455
21-07-1983,7.75,7.833333492279053,203400,7.875,7.833333492279053,0.8390514850616455
22-07-1983,7.666666507720947,7.833333492279053,1678400,7.833333492279053,7.666666507720947,0.8211985230445862
25-07-1983,7.666666507720947,7.666666507720947,163200,7.75,7.75,0.8301253318786621
26-07-1983,7.708333492279053,7.75,251400,7.833333492279053,7.791666507720947,0.834587812423706
27-07-1983,7.75,7.791666507720947,394800,7.833333492279053,7.791666507720947,0.834587812423706
28-07-1983,7.75,7.791666507720947,544400,7.833333492279053,7.791666507720947,0.834587812423706
29-07-1983,7.708333492279053,7.791666507720947,625800,7.833333492279053,7.791666507720947,0.834587812423706
01-08-1983,7.666666507720947,7.75,135800,7.75,7.708333492279053,0.8256624937057495
02-08-1983,7.416666507720947,7.708333492279053,723200,7.75,7.708333492279053,0.8256624937057495
03-08-1983,7.708333492279053,7.708333492279053,151800,7.958333492279053,7.708333492279053,0.8256624937057495
04-08-1983,7.708333492279053,7.708333492279053,95000,7.791666507720947,7.75,0.8301253318786621
05-08-1983,7.708333492279053,7.75,204000,7.791666507720947,7.75,0.8301253318786621
08-08-1983,7.625,7.75,431000,7.75,7.625,0.8167363405227661
09-08-1983,7.625,7.625,485000,7.708333492279053,7.666666507720947,0.8211985230445862
10-08-1983,7.583333492279053,7.666666507720947,633600,7.708333492279053,7.625,0.8167363405227661
11-08-1983,7.625,7.625,229200,7.708333492279053,7.708333492279053,0.8256624937057495
12-08-1983,7.625,7.708333492279053,204000,7.708333492279053,7.666666507720947,0.8211985230445862
15-08-1983,7.666666507720947,7.666666507720947,1275000,7.75,7.708333492279053,0.8256624937057495
16-08-1983,7.666666507720947,7.708333492279053,306600,7.75,7.75,0.8301253318786621
17-08-1983,7.666666507720947,7.75,1039200,7.75,7.75,0.8301253318786621
18-08-1983,7.708333492279053,7.75,277400,7.75,7.708333492279053,0.8256624937057495
19-08-1983,7.708333492279053,7.708333492279053,169200,7.75,7.708333492279053,0.8256624937057495
22-08-1983,7.666666507720947,7.708333492279053,815600,7.833333492279053,7.791666507720947,0.834587812423706
23-08-1983,7.75,7.791666507720947,391800,7.833333492279053,7.791666507720947,0.834587812423706
24-08-1983,7.75,7.791666507720947,660800,7.875,7.875,0.8435145616531372
25-08-1983,7.875,7.875,122600,8.0,8.0,0.8569034934043884
26-08-1983,7.916666507720947,8.0,144600,8.0,7.916666507720947,0.8479770421981812
29-08-1983,7.875,7.916666507720947,1125800,7.958333492279053,7.916666507720947,0.8479770421981812
30-08-1983,7.791666507720947,7.916666507720947,715400,7.916666507720947,7.833333492279053,0.8390514850616455
31-08-1983,7.458333492279053,7.541666507720947,428000,7.541666507720947,7.541666507720947,0.8311529159545898
01-09-1983,7.5,7.541666507720947,168000,7.541666507720947,7.541666507720947,0.8311529159545898
02-09-1983,7.5,7.541666507720947,414000,7.541666507720947,7.541666507720947,0.8311529159545898
06-09-1983,7.5,7.541666507720947,359600,7.583333492279053,7.541666507720947,0.8311529159545898
07-09-1983,7.458333492279053,7.541666507720947,384800,7.541666507720947,7.541666507720947,0.8311529159545898
08-09-1983,7.5,7.541666507720947,282800,7.583333492279053,7.583333492279053,0.8357448577880859
09-09-1983,7.541666507720947,7.583333492279053,720000,7.666666507720947,7.666666507720947,0.8449287414550781
12-09-1983,7.666666507720947,7.666666507720947,358200,7.833333492279053,7.75,0.8541131019592285
13-09-1983,7.666666507720947,7.75,617400,7.75,7.666666507720947,0.8449287414550781
14-09-1983,7.625,7.666666507720947,120000,7.708333492279053,7.666666507720947,0.8449287414550781
15-09-1983,7.625,7.666666507720947,228000,7.708333492279053,7.666666507720947,0.8449287414550781
16-09-1983,7.625,7.666666507720947,293000,7.708333492279053,7.708333492279053,0.8495213389396667
19-09-1983,7.625,7.708333492279053,888800,7.75,7.708333492279053,0.8495213389396667
20-09-1983,7.666666507720947,7.708333492279053,922800,7.791666507720947,7.75,0.8541131019592285
21-09-1983,7.75,7.75,514200,7.833333492279053,7.791666507720947,0.8587046265602112
22-09-1983,7.75,7.791666507720947,560600,7.791666507720947,7.75,0.8541131019592285
23-09-1983,7.708333492279053,7.75,618200,7.791666507720947,7.75,0.8541131019592285
26-09-1983,7.791666507720947,7.791666507720947,917400,7.916666507720947,7.833333492279053,0.863297164440155
27-09-1983,7.833333492279053,7.833333492279053,166200,7.916666507720947,7.833333492279053,0.863297164440155
28-09-1983,7.833333492279053,7.833333492279053,363600,7.916666507720947,7.875,0.8678890466690063
29-09-1983,7.708333492279053,7.875,233600,7.875,7.833333492279053,0.863297164440155
30-09-1983,7.833333492279053,7.833333492279053,152400,7.875,7.833333492279053,0.863297164440155
03-10-1983,7.833333492279053,7.833333492279053,216000,8.0,7.958333492279053,0.8770731687545776
04-10-1983,7.958333492279053,7.958333492279053,630600,8.166666984558105,8.125,0.8954408764839172
05-10-1983,7.916666507720947,8.125,564800,8.25,8.25,0.9092170000076294
06-10-1983,8.208333015441895,8.25,1542800,8.333333015441895,8.291666984558105,0.9138093590736389
07-10-1983,8.291666984558105,8.291666984558105,1142400,8.416666984558105,8.291666984558105,0.9138093590736389
10-10-1983,7.958333492279053,8.291666984558105,104400,8.333333015441895,8.208333015441895,0.904624879360199
11-10-1983,8.208333015441895,8.208333015441895,258600,8.291666984558105,8.25,0.9092170000076294
12-10-1983,8.083333015441895,8.25,1335200,8.25,8.125,0.8954408764839172
13-10-1983,8.0,8.125,93200,8.125,8.041666984558105,0.8862571716308594
14-10-1983,8.041666984558105,8.041666984558105,716400,8.125,8.083333015441895,0.8908489346504211
17-10-1983,8.083333015441895,8.083333015441895,225200,8.166666984558105,8.166666984558105,0.9000328779220581
18-10-1983,8.166666984558105,8.166666984558105,211200,8.208333015441895,8.166666984558105,0.9000328779220581
19-10-1983,8.083333015441895,8.166666984558105,263600,8.208333015441895,8.166666984558105,0.9000328779220581
20-10-1983,8.083333015441895,8.166666984558105,749000,8.166666984558105,8.166666984558105,0.9000328779220581
21-10-1983,8.083333015441895,8.166666984558105,322200,8.25,8.166666984558105,0.9000328779220581
24-10-1983,8.041666984558105,8.166666984558105,282000,8.208333015441895,8.208333015441895,0.904624879360199
25-10-1983,8.125,8.208333015441895,921800,8.25,8.208333015441895,0.904624879360199
26-10-1983,8.208333015441895,8.208333015441895,436200,8.333333015441895,8.333333015441895,0.9184011220932007
27-10-1983,8.333333015441895,8.333333015441895,307200,8.416666984558105,8.375,0.9229929447174072
28-10-1983,8.375,8.375,945800,8.5,8.458333015441895,0.9321771264076233
31-10-1983,8.416666984558105,8.458333015441895,156800,8.5,8.458333015441895,0.9321771264076233
01-11-1983,8.333333015441895,8.458333015441895,342200,8.5,8.416666984558105,0.9275848865509033
02-11-1983,8.416666984558105,8.416666984558105,775200,8.625,8.583333015441895,0.9459526538848877
03-11-1983,8.541666984558105,8.583333015441895,423800,8.708333015441895,8.541666984558105,0.9413611888885498
04-11-1983,8.458333015441895,8.541666984558105,241400,8.583333015441895,8.5,0.9367689490318298
07-11-1983,8.333333015441895,8.5,270000,8.5,8.333333015441895,0.9184011220932007
08-11-1983,8.291666984558105,8.333333015441895,183200,8.416666984558105,8.416666984558105,0.9275848865509033
09-11-1983,8.291666984558105,8.416666984558105,400400,8.416666984558105,8.416666984558105,0.9275848865509033
10-11-1983,8.333333015441895,8.416666984558105,440600,8.458333015441895,8.458333015441895,0.9321771264076233
11-11-1983,8.375,8.458333015441895,237000,8.5,8.458333015441895,0.9321771264076233
14-11-1983,8.458333015441895,8.458333015441895,419600,8.541666984558105,8.541666984558105,0.9413611888885498
15-11-1983,8.416666984558105,8.541666984558105,420000,8.541666984558105,8.541666984558105,0.9413611888885498
16-11-1983,8.583333015441895,8.583333015441895,2824400,8.625,8.625,0.9505455493927002
17-11-1983,8.583333015441895,8.625,867000,8.666666984558105,8.625,0.9505455493927002
18-11-1983,8.625,8.625,831600,8.666666984558105,8.666666984558105,0.9551371335983276
21-11-1983,8.583333015441895,8.666666984558105,722400,8.666666984558105,8.666666984558105,0.9551371335983276
22-11-1983,8.708333015441895,8.708333015441895,832200,8.833333015441895,8.833333015441895,0.9735053777694702
23-11-1983,8.708333015441895,8.833333015441895,597000,8.833333015441895,8.708333015441895,0.9597289562225342
25-11-1983,8.791666984558105,8.791666984558105,125600,8.833333015441895,8.791666984558105,0.9689130187034607
28-11-1983,8.75,8.791666984558105,672800,8.833333015441895,8.791666984558105,0.9689130187034607
29-11-1983,8.625,8.791666984558105,1916400,8.791666984558105,8.708333015441895,0.9597289562225342
30-11-1983,8.416666984558105,8.5,735600,8.5,8.416666984558105,0.9516260027885437
01-12-1983,8.291666984558105,8.416666984558105,193800,8.458333015441895,8.291666984558105,0.9374931454658508
02-12-1983,8.125,8.291666984558105,1078400,8.291666984558105,8.166666984558105,0.923359751701355
05-12-1983,8.125,8.166666984558105,190200,8.25,8.208333015441895,0.928071141242981
06-12-1983,8.125,8.208333015441895,189600,8.291666984558105,8.25,0.9327817559242249
07-12-1983,8.208333015441895,8.25,606800,8.416666984558105,8.416666984558105,0.9516260027885437
08-12-1983,8.375,8.416666984558105,201800,8.5,8.458333015441895,0.9563373327255249
09-12-1983,8.375,8.416666984558105,404600,8.416666984558105,8.375,0.9469152092933655
12-12-1983,8.416666984558105,8.416666984558105,202200,8.541666984558105,8.5,0.961048424243927
13-12-1983,8.416666984558105,8.458333015441895,186000,8.458333015441895,8.458333015441895,0.9563373327255249
14-12-1983,8.208333015441895,8.416666984558105,207200,8.416666984558105,8.25,0.9327817559242249
15-12-1983,8.083333015441895,8.208333015441895,418800,8.208333015441895,8.083333015441895,0.9139375686645508
16-12-1983,8.0,8.083333015441895,373400,8.083333015441895,8.0,0.9045160412788391
19-12-1983,7.958333492279053,8.0,300000,8.041666984558105,8.0,0.9045160412788391
20-12-1983,7.958333492279053,8.0,840200,8.166666984558105,8.041666984558105,0.9092267751693726
21-12-1983,7.916666507720947,8.041666984558105,121400,8.083333015441895,8.0,0.9045160412788391
22-12-1983,7.375,7.958333492279053,389400,7.958333492279053,7.458333492279053,0.8432729244232178
23-12-1983,7.333333492279053,7.458333492279053,247200,7.625,7.583333492279053,0.8574057221412659
27-12-1983,7.541666507720947,7.583333492279053,184400,7.625,7.583333492279053,0.8574057221412659
28-12-1983,7.5,7.583333492279053,804600,7.666666507720947,7.625,0.8621166348457336
29-12-1983,7.583333492279053,7.625,147600,7.708333492279053,7.625,0.8621166348457336
30-12-1983,7.541666507720947,7.625,151400,7.625,7.583333492279053,0.8574057221412659
03-01-1984,7.541666507720947,7.583333492279053,210800,7.666666507720947,7.583333492279053,0.8574057221412659
04-01-1984,7.583333492279053,7.583333492279053,475800,7.833333492279053,7.833333492279053,0.8856719732284546
05-01-1984,7.791666507720947,7.833333492279053,198200,8.041666984558105,7.958333492279053,0.8998053669929504
06-01-1984,8.0,8.0,479000,8.125,8.125,0.9186486005783081
09-01-1984,8.041666984558105,8.125,167600,8.166666984558105,8.083333015441895,0.9139375686645508
10-01-1984,8.041666984558105,8.083333015441895,342200,8.125,8.041666984558105,0.9092267751693726
11-01-1984,8.083333015441895,8.083333015441895,146600,8.125,8.125,0.9186486005783081
12-01-1984,8.0,8.125,336200,8.125,8.041666984558105,0.9092267751693726
13-01-1984,7.958333492279053,8.041666984558105,224600,8.125,8.0,0.9045160412788391
16-01-1984,7.666666507720947,7.916666507720947,623600,7.916666507720947,7.75,0.8762499094009399
17-01-1984,7.625,7.75,471000,7.75,7.666666507720947,0.8668277859687805
18-01-1984,7.416666507720947,7.666666507720947,313800,7.666666507720947,7.5,0.8479835987091064
19-01-1984,7.291666507720947,7.5,451400,7.541666507720947,7.375,0.8338505029678345
20-01-1984,7.416666507720947,7.416666507720947,1458600,7.583333492279053,7.5,0.8479835987091064
23-01-1984,7.458333492279053,7.5,366000,7.583333492279053,7.5,0.8479835987091064
24-01-1984,7.458333492279053,7.5,250200,7.541666507720947,7.5,0.8479835987091064
25-01-1984,7.375,7.5,680000,7.541666507720947,7.5,0.8479835987091064
26-01-1984,7.375,7.5,1053200,7.666666507720947,7.583333492279053,0.8574057221412659
27-01-1984,7.541666507720947,7.583333492279053,759600,7.666666507720947,7.666666507720947,0.8668277859687805
30-01-1984,7.666666507720947,7.666666507720947,348600,7.708333492279053,7.708333492279053,0.8715391755104065
31-01-1984,7.625,7.708333492279053,583200,7.791666507720947,7.791666507720947,0.8809604048728943
01-02-1984,7.791666507720947,7.791666507720947,337200,7.875,7.875,0.8903831839561462
02-02-1984,7.833333492279053,7.875,283400,7.958333492279053,7.958333492279053,0.8998053669929504
03-02-1984,7.791666507720947,7.958333492279053,278600,7.958333492279053,7.875,0.8903831839561462
06-02-1984,7.666666507720947,7.833333492279053,228800,7.833333492279053,7.708333492279053,0.8715391755104065
07-02-1984,7.666666507720947,7.708333492279053,355400,7.791666507720947,7.791666507720947,0.8809604048728943
08-02-1984,7.708333492279053,7.791666507720947,613400,7.791666507720947,7.75,0.8762499094009399
09-02-1984,7.5,7.708333492279053,717000,7.708333492279053,7.541666507720947,0.8526946902275085
10-02-1984,7.375,7.541666507720947,624600,7.541666507720947,7.416666507720947,0.8385613560676575
13-02-1984,7.291666507720947,7.416666507720947,1044800,7.5,7.333333492279053,0.8291391730308533
14-02-1984,7.25,7.333333492279053,1423200,7.375,7.291666507720947,0.8244284391403198
15-02-1984,7.25,7.291666507720947,1563200,7.375,7.25,0.819718062877655
16-02-1984,7.083333492279053,7.25,662000,7.291666507720947,7.166666507720947,0.8102954626083374
17-02-1984,7.0,7.166666507720947,555800,7.166666507720947,7.166666507720947,0.8102954626083374
21-02-1984,7.0,7.166666507720947,356400,7.166666507720947,7.166666507720947,0.8102954626083374
22-02-1984,7.041666507720947,7.166666507720947,218400,7.166666507720947,7.125,0.8055843710899353
23-02-1984,6.916666507720947,7.125,570000,7.166666507720947,7.041666507720947,0.7961622476577759
24-02-1984,7.041666507720947,7.041666507720947,479000,7.208333492279053,7.208333492279053,0.8150064945220947
27-02-1984,7.125,7.208333492279053,1619000,7.208333492279053,7.208333492279053,0.8150064945220947
28-02-1984,7.083333492279053,7.208333492279053,2320800,7.291666507720947,7.083333492279053,0.800873339176178
29-02-1984,6.791666507720947,6.916666507720947,1010600,6.916666507720947,6.916666507720947,0.8070966601371765
01-03-1984,6.833333492279053,6.916666507720947,426600,7.0,7.0,0.8168209195137024
02-03-1984,6.916666507720947,7.0,203000,7.083333492279053,7.041666507720947,0.8216828107833862
05-03-1984,6.958333492279053,7.041666507720947,108800,7.125,7.0,0.8168209195137024
06-03-1984,6.916666507720947,7.0,117200,7.0,6.958333492279053,0.8119588494300842
07-03-1984,6.708333492279053,6.916666507720947,556200,6.916666507720947,6.75,0.7876487970352173
08-03-1984,6.708333492279053,6.75,273600,6.75,6.75,0.7876487970352173
09-03-1984,6.708333492279053,6.75,449400,6.75,6.75,0.7876487970352173
12-03-1984,6.708333492279053,6.75,287400,6.791666507720947,6.791666507720947,0.792510449886322
13-03-1984,6.791666507720947,6.791666507720947,487400,6.958333492279053,6.916666507720947,0.8070966601371765
14-03-1984,6.833333492279053,6.916666507720947,378800,6.958333492279053,6.958333492279053,0.8119588494300842
15-03-1984,6.875,6.958333492279053,218400,7.0,7.0,0.8168209195137024
16-03-1984,6.958333492279053,7.0,166200,7.083333492279053,7.041666507720947,0.8216828107833862
19-03-1984,7.0,7.041666507720947,123200,7.083333492279053,7.083333492279053,0.8265452980995178
20-03-1984,7.083333492279053,7.083333492279053,297800,7.166666507720947,7.083333492279053,0.8265452980995178
21-03-1984,7.041666507720947,7.083333492279053,164000,7.166666507720947,7.083333492279053,0.8265452980995178
22-03-1984,6.875,7.083333492279053,395000,7.083333492279053,6.916666507720947,0.8070966601371765
23-03-1984,6.75,6.916666507720947,318600,6.958333492279053,6.791666507720947,0.792510449886322
26-03-1984,6.833333492279053,6.833333492279053,187400,6.916666507720947,6.916666507720947,0.8070966601371765
27-03-1984,6.833333492279053,6.916666507720947,437400,6.958333492279053,6.875,0.8022347092628479
28-03-1984,6.833333492279053,6.875,273800,6.958333492279053,6.916666507720947,0.8070966601371765
29-03-1984,6.791666507720947,6.916666507720947,204000,6.916666507720947,6.833333492279053,0.7973726391792297
30-03-1984,6.75,6.833333492279053,286400,6.875,6.833333492279053,0.7973726391792297
02-04-1984,6.791666507720947,6.833333492279053,375200,6.875,6.791666507720947,0.792510449886322
03-04-1984,6.791666507720947,6.791666507720947,1252200,6.916666507720947,6.916666507720947,0.8070966601371765
04-04-1984,6.916666507720947,6.916666507720947,416600,7.041666507720947,7.0,0.8168209195137024
05-04-1984,6.875,7.0,321800,7.0,6.916666507720947,0.8070966601371765
06-04-1984,6.916666507720947,6.916666507720947,153000,7.0,7.0,0.8168209195137024
09-04-1984,6.916666507720947,7.0,140600,7.041666507720947,7.0,0.8168209195137024
10-04-1984,6.958333492279053,7.0,200000,7.166666507720947,7.083333492279053,0.8265452980995178
11-04-1984,7.0,7.083333492279053,102600,7.125,7.083333492279053,0.8265452980995178
12-04-1984,7.0,7.083333492279053,166800,7.083333492279053,7.083333492279053,0.8265452980995178
13-04-1984,7.041666507720947,7.083333492279053,119000,7.125,7.125,0.8314065933227539
16-04-1984,7.0,7.125,134600,7.125,7.041666507720947,0.8216828107833862
17-04-1984,7.041666507720947,7.041666507720947,167600,7.166666507720947,7.125,0.8314065933227539
18-04-1984,7.166666507720947,7.166666507720947,404400,7.375,7.375,0.8605793714523315
19-04-1984,7.291666507720947,7.375,443400,7.416666507720947,7.375,0.8605793714523315
23-04-1984,7.25,7.375,155400,7.416666507720947,7.291666507720947,0.8508545160293579
24-04-1984,7.25,7.291666507720947,222800,7.375,7.333333492279053,0.855717122554779
25-04-1984,7.25,7.333333492279053,282600,7.375,7.375,0.8605793714523315
26-04-1984,7.333333492279053,7.375,474200,7.458333492279053,7.375,0.8605793714523315
27-04-1984,7.375,7.375,208400,7.416666507720947,7.375,0.8605793714523315
30-04-1984,7.333333492279053,7.375,118400,7.416666507720947,7.416666507720947,0.865441083908081
01-05-1984,7.375,7.416666507720947,615600,7.541666507720947,7.5,0.8751651048660278
02-05-1984,7.416666507720947,7.5,292200,7.5,7.458333492279053,0.8703029155731201
03-05-1984,7.458333492279053,7.458333492279053,189000,7.541666507720947,7.5,0.8751651048660278
04-05-1984,7.333333492279053,7.5,126800,7.583333492279053,7.416666507720947,0.865441083908081
07-05-1984,7.25,7.416666507720947,131400,7.416666507720947,7.291666507720947,0.8508545160293579
08-05-1984,7.291666507720947,7.291666507720947,276000,7.416666507720947,7.375,0.8605793714523315
09-05-1984,7.333333492279053,7.375,501600,7.458333492279053,7.416666507720947,0.865441083908081
10-05-1984,7.416666507720947,7.416666507720947,633800,7.583333492279053,7.541666507720947,0.8800275325775146
11-05-1984,7.5,7.541666507720947,992400,7.625,7.541666507720947,0.8800275325775146
14-05-1984,7.541666507720947,7.541666507720947,237200,7.625,7.583333492279053,0.8848896026611328
15-05-1984,7.583333492279053,7.583333492279053,831000,7.666666507720947,7.625,0.8897513747215271
16-05-1984,7.541666507720947,7.625,985400,7.625,7.625,0.8897513747215271
17-05-1984,7.583333492279053,7.625,314400,7.625,7.583333492279053,0.8848896026611328
18-05-1984,7.416666507720947,7.583333492279053,485400,7.583333492279053,7.458333492279053,0.8703029155731201
21-05-1984,7.375,7.458333492279053,1690400,7.458333492279053,7.416666507720947,0.865441083908081
22-05-1984,7.333333492279053,7.416666507720947,158400,7.416666507720947,7.416666507720947,0.865441083908081
23-05-1984,7.291666507720947,7.416666507720947,433800,7.416666507720947,7.375,0.8605793714523315
24-05-1984,7.208333492279053,7.291666507720947,244800,7.291666507720947,7.291666507720947,0.8508545160293579
25-05-1984,7.208333492279053,7.291666507720947,443000,7.291666507720947,7.291666507720947,0.8508545160293579
29-05-1984,7.166666507720947,7.291666507720947,100400,7.291666507720947,7.208333492279053,0.8411306738853455
30-05-1984,7.125,7.208333492279053,2114000,7.291666507720947,7.208333492279053,0.8411306738853455
31-05-1984,7.125,7.208333492279053,3739800,7.25,7.208333492279053,0.8411306738853455
01-06-1984,6.958333492279053,7.125,617000,7.125,7.125,0.8584001064300537
04-06-1984,7.041666507720947,7.125,99600,7.166666507720947,7.041666507720947,0.8483601212501526
05-06-1984,7.0,7.041666507720947,487400,7.125,7.041666507720947,0.8483601212501526
06-06-1984,7.083333492279053,7.083333492279053,374000,7.208333492279053,7.125,0.8584001064300537
07-06-1984,7.0,7.125,192200,7.125,7.083333492279053,0.8533800840377808
08-06-1984,7.083333492279053,7.083333492279053,138200,7.208333492279053,7.208333492279053,0.868439257144928
11-06-1984,7.083333492279053,7.208333492279053,823400,7.208333492279053,7.083333492279053,0.8533800840377808
12-06-1984,7.083333492279053,7.083333492279053,1136400,7.166666507720947,7.166666507720947,0.8634198904037476
13-06-1984,7.125,7.166666507720947,174200,7.208333492279053,7.208333492279053,0.868439257144928
14-06-1984,7.125,7.208333492279053,273800,7.208333492279053,7.166666507720947,0.8634198904037476
15-06-1984,7.125,7.166666507720947,418800,7.208333492279053,7.166666507720947,0.8634198904037476
18-06-1984,7.166666507720947,7.166666507720947,564600,7.25,7.166666507720947,0.8634198904037476
19-06-1984,7.166666507720947,7.166666507720947,1094400,7.291666507720947,7.25,0.8734598755836487
20-06-1984,7.166666507720947,7.25,406800,7.25,7.25,0.8734598755836487
21-06-1984,7.166666507720947,7.25,301400,7.25,7.208333492279053,0.868439257144928
22-06-1984,7.208333492279053,7.208333492279053,1223400,7.291666507720947,7.25,0.8734598755836487
25-06-1984,7.083333492279053,7.25,796200,7.25,7.125,0.8584001064300537
26-06-1984,7.0,7.125,289400,7.125,7.041666507720947,0.8483601212501526
27-06-1984,7.0,7.041666507720947,513800,7.125,7.083333492279053,0.8533800840377808
28-06-1984,7.0,7.083333492279053,518400,7.083333492279053,7.041666507720947,0.8483601212501526
29-06-1984,7.041666507720947,7.041666507720947,615600,7.166666507720947,7.166666507720947,0.8634198904037476
02-07-1984,7.041666507720947,7.166666507720947,191400,7.208333492279053,7.083333492279053,0.8533800840377808
03-07-1984,7.041666507720947,7.083333492279053,193200,7.25,7.166666507720947,0.8634198904037476
05-07-1984,7.083333492279053,7.166666507720947,408800,7.208333492279053,7.166666507720947,0.8634198904037476
06-07-1984,7.083333492279053,7.166666507720947,210000,7.166666507720947,7.166666507720947,0.8634198904037476
09-07-1984,7.125,7.166666507720947,1046000,7.333333492279053,7.25,0.8734598755836487
10-07-1984,7.208333492279053,7.25,344000,7.333333492279053,7.291666507720947,0.87847900390625
11-07-1984,7.208333492279053,7.291666507720947,111000,7.291666507720947,7.208333492279053,0.868439257144928
12-07-1984,7.208333492279053,7.208333492279053,472400,7.333333492279053,7.25,0.8734598755836487
13-07-1984,7.208333492279053,7.25,198200,7.416666507720947,7.416666507720947,0.8935391306877136
16-07-1984,7.333333492279053,7.416666507720947,262200,7.458333492279053,7.458333492279053,0.8985586166381836
17-07-1984,7.416666507720947,7.458333492279053,253800,7.541666507720947,7.541666507720947,0.9085989594459534
18-07-1984,7.458333492279053,7.541666507720947,488000,7.541666507720947,7.541666507720947,0.9085989594459534
19-07-1984,7.458333492279053,7.541666507720947,161600,7.541666507720947,7.5,0.9035789370536804
20-07-1984,7.458333492279053,7.5,389000,7.541666507720947,7.5,0.9035789370536804
23-07-1984,7.458333492279053,7.5,807800,7.541666507720947,7.541666507720947,0.9085989594459534
24-07-1984,7.208333492279053,7.541666507720947,286200,7.583333492279053,7.5,0.9035789370536804
25-07-1984,7.5,7.5,985400,7.666666507720947,7.625,0.9186390042304993
26-07-1984,7.583333492279053,7.625,214200,7.708333492279053,7.666666507720947,0.9236575961112976
27-07-1984,7.583333492279053,7.666666507720947,156000,7.666666507720947,7.666666507720947,0.9236575961112976
30-07-1984,7.583333492279053,7.666666507720947,269400,7.666666507720947,7.583333492279053,0.9136186838150024
31-07-1984,7.583333492279053,7.583333492279053,180600,7.666666507720947,7.625,0.9186390042304993
01-08-1984,7.625,7.625,367400,7.75,7.75,0.9336979985237122
02-08-1984,7.708333492279053,7.75,968400,8.0,8.0,0.9638177752494812
03-08-1984,7.708333492279053,8.0,1086600,8.0,7.75,0.9336979985237122
06-08-1984,7.708333492279053,7.75,534000,7.916666507720947,7.833333492279053,0.943737804889679
07-08-1984,7.75,7.833333492279053,341600,7.875,7.833333492279053,0.943737804889679
08-08-1984,7.833333492279053,7.833333492279053,275400,7.916666507720947,7.875,0.9487579464912415
09-08-1984,7.833333492279053,7.875,484800,8.166666984558105,8.166666984558105,0.9838972091674805
10-08-1984,8.166666984558105,8.166666984558105,786000,8.333333015441895,8.208333015441895,0.9889168739318848
13-08-1984,8.0,8.208333015441895,519800,8.25,8.041666984558105,0.968837559223175
14-08-1984,7.958333492279053,8.041666984558105,338600,8.166666984558105,8.0,0.9638177752494812
15-08-1984,7.833333492279053,8.0,118200,8.0,7.875,0.9487579464912415
16-08-1984,7.875,7.875,181400,8.0,7.958333492279053,0.9587976932525635
17-08-1984,7.958333492279053,7.958333492279053,348200,8.041666984558105,7.958333492279053,0.9587976932525635
20-08-1984,7.958333492279053,7.958333492279053,168600,8.083333015441895,8.041666984558105,0.968837559223175
21-08-1984,8.041666984558105,8.041666984558105,1090200,8.208333015441895,8.208333015441895,0.9889168739318848
22-08-1984,8.083333015441895,8.208333015441895,606200,8.208333015441895,8.125,0.9788772463798523
23-08-1984,8.041666984558105,8.125,753200,8.166666984558105,8.041666984558105,0.968837559223175
24-08-1984,8.0,8.041666984558105,100200,8.083333015441895,8.083333015441895,0.9738574028015137
27-08-1984,7.958333492279053,8.083333015441895,194000,8.083333015441895,8.041666984558105,0.968837559223175
28-08-1984,7.958333492279053,8.041666984558105,605000,8.041666984558105,8.041666984558105,0.968837559223175
29-08-1984,8.041666984558105,8.041666984558105,1326200,8.166666984558105,8.125,0.9788772463798523
30-08-1984,7.958333492279053,8.083333015441895,1129200,8.083333015441895,8.0,0.9638177752494812
31-08-1984,8.0,8.0,801800,8.083333015441895,8.083333015441895,0.9738574028015137
04-09-1984,7.791666507720947,7.875,240200,7.875,7.833333492279053,0.9709655046463013
05-09-1984,7.791666507720947,7.833333492279053,2775600,7.875,7.833333492279053,0.9709655046463013
06-09-1984,7.833333492279053,7.833333492279053,358400,7.958333492279053,7.958333492279053,0.9864603281021118
07-09-1984,7.791666507720947,7.958333492279053,460800,8.0,7.875,0.9761301279067993
10-09-1984,7.666666507720947,7.75,749400,7.75,7.75,0.960635781288147
11-09-1984,7.708333492279053,7.75,498800,7.791666507720947,7.75,0.960635781288147
12-09-1984,7.666666507720947,7.75,619800,7.791666507720947,7.75,0.960635781288147
13-09-1984,7.75,7.75,1619000,7.958333492279053,7.958333492279053,0.9864603281021118
14-09-1984,7.916666507720947,7.958333492279053,312200,8.083333015441895,8.041666984558105,0.9967887997627258
17-09-1984,7.916666507720947,8.041666984558105,207800,8.041666984558105,8.0,0.991624116897583
18-09-1984,7.958333492279053,8.0,2189400,8.125,8.0,0.991624116897583
19-09-1984,8.0,8.0,512400,8.166666984558105,8.125,1.0071187019348145
20-09-1984,8.125,8.125,820400,8.291666984558105,8.25,1.0226120948791504
21-09-1984,8.208333015441895,8.25,1410200,8.375,8.25,1.0226120948791504
24-09-1984,8.208333015441895,8.25,655400,8.291666984558105,8.25,1.0226120948791504
25-09-1984,8.25,8.25,638000,8.333333015441895,8.291666984558105,1.027778148651123
26-09-1984,8.25,8.291666984558105,588200,8.458333015441895,8.375,1.0381063222885132
27-09-1984,8.375,8.375,567600,8.458333015441895,8.375,1.0381063222885132
28-09-1984,8.333333015441895,8.375,1817400,8.416666984558105,8.375,1.0381063222885132
01-10-1984,8.333333015441895,8.375,356400,8.416666984558105,8.375,1.0381063222885132
02-10-1984,8.333333015441895,8.375,390600,8.416666984558105,8.375,1.0381063222885132
03-10-1984,8.208333015441895,8.375,305000,8.416666984558105,8.25,1.0226120948791504
04-10-1984,8.208333015441895,8.25,147000,8.291666984558105,8.25,1.0226120948791504
05-10-1984,8.166666984558105,8.25,598400,8.25,8.25,1.0226120948791504
08-10-1984,8.166666984558105,8.25,175400,8.25,8.25,1.0226120948791504
09-10-1984,8.208333015441895,8.25,447600,8.375,8.291666984558105,1.027778148651123
10-10-1984,8.25,8.291666984558105,500600,8.375,8.333333015441895,1.0329420566558838
11-10-1984,8.25,8.333333015441895,414200,8.333333015441895,8.333333015441895,1.0329420566558838
12-10-1984,8.25,8.333333015441895,315600,8.458333015441895,8.333333015441895,1.0329420566558838
15-10-1984,8.333333015441895,8.333333015441895,1230600,8.583333015441895,8.458333015441895,1.0484362840652466
16-10-1984,8.375,8.458333015441895,342200,8.5,8.375,1.0381063222885132
17-10-1984,8.458333015441895,8.458333015441895,2267600,8.541666984558105,8.541666984558105,1.0587655305862427
18-10-1984,8.583333015441895,8.583333015441895,2144600,8.75,8.708333015441895,1.0794237852096558
19-10-1984,8.583333015441895,8.708333015441895,2419400,8.958333015441895,8.666666984558105,1.0742594003677368
22-10-1984,8.541666984558105,8.666666984558105,446000,8.666666984558105,8.583333015441895,1.0639299154281616
23-10-1984,8.458333015441895,8.583333015441895,1248000,8.625,8.541666984558105,1.0587655305862427
24-10-1984,8.416666984558105,8.541666984558105,1183400,8.541666984558105,8.458333015441895,1.0484362840652466
25-10-1984,8.291666984558105,8.458333015441895,441000,8.458333015441895,8.291666984558105,1.027778148651123
26-10-1984,8.208333015441895,8.291666984558105,110000,8.333333015441895,8.291666984558105,1.027778148651123
29-10-1984,8.291666984558105,8.291666984558105,144800,8.375,8.333333015441895,1.0329420566558838
30-10-1984,8.333333015441895,8.333333015441895,170000,8.458333015441895,8.458333015441895,1.0484362840652466
31-10-1984,8.416666984558105,8.458333015441895,1075200,8.5,8.458333015441895,1.0484362840652466
01-11-1984,8.416666984558105,8.458333015441895,358400,8.541666984558105,8.5,1.053600788116455
02-11-1984,8.458333015441895,8.5,727400,8.583333015441895,8.583333015441895,1.0639299154281616
05-11-1984,8.541666984558105,8.583333015441895,456600,8.625,8.583333015441895,1.0639299154281616
06-11-1984,8.541666984558105,8.583333015441895,363600,8.666666984558105,8.666666984558105,1.0742594003677368
07-11-1984,8.541666984558105,8.666666984558105,479600,8.666666984558105,8.666666984558105,1.0742594003677368
08-11-1984,8.583333015441895,8.625,238800,8.625,8.583333015441895,1.0639299154281616
09-11-1984,8.458333015441895,8.583333015441895,201600,8.666666984558105,8.625,1.0690948963165283
12-11-1984,8.541666984558105,8.625,156000,8.666666984558105,8.541666984558105,1.0587655305862427
13-11-1984,8.333333015441895,8.541666984558105,253400,8.583333015441895,8.416666984558105,1.0432708263397217
14-11-1984,8.375,8.416666984558105,273000,8.5,8.458333015441895,1.0484362840652466
15-11-1984,8.458333015441895,8.458333015441895,189000,8.583333015441895,8.5,1.053600788116455
16-11-1984,8.5,8.5,332600,8.583333015441895,8.541666984558105,1.0587655305862427
19-11-1984,8.5,8.541666984558105,241800,8.583333015441895,8.541666984558105,1.0587655305862427
20-11-1984,8.541666984558105,8.541666984558105,410000,8.625,8.583333015441895,1.0639299154281616
21-11-1984,8.583333015441895,8.583333015441895,728600,8.666666984558105,8.666666984558105,1.0742594003677368
23-11-1984,8.666666984558105,8.666666984558105,425000,8.791666984558105,8.75,1.0845887660980225
26-11-1984,8.625,8.75,1170800,8.833333015441895,8.666666984558105,1.0742594003677368
27-11-1984,8.625,8.666666984558105,324200,8.708333015441895,8.708333015441895,1.0794237852096558
28-11-1984,8.666666984558105,8.708333015441895,402800,8.791666984558105,8.75,1.0845887660980225
29-11-1984,8.666666984558105,8.75,2077400,8.791666984558105,8.708333015441895,1.0794237852096558
30-11-1984,8.708333015441895,8.708333015441895,2236800,8.791666984558105,8.75,1.0845887660980225
03-12-1984,8.458333015441895,8.541666984558105,542600,8.541666984558105,8.5,1.0816203355789185
04-12-1984,8.458333015441895,8.5,382800,8.833333015441895,8.458333015441895,1.0763181447982788
05-12-1984,8.458333015441895,8.458333015441895,308600,8.541666984558105,8.458333015441895,1.0763181447982788
06-12-1984,8.458333015441895,8.458333015441895,1371800,8.541666984558105,8.5,1.0816203355789185
07-12-1984,8.458333015441895,8.5,307400,8.583333015441895,8.541666984558105,1.086922526359558
10-12-1984,8.5,8.541666984558105,279800,8.583333015441895,8.583333015441895,1.0922237634658813
11-12-1984,8.5,8.583333015441895,208200,8.625,8.541666984558105,1.086922526359558
12-12-1984,8.458333015441895,8.541666984558105,387000,8.583333015441895,8.458333015441895,1.0763181447982788
13-12-1984,8.458333015441895,8.458333015441895,201600,8.541666984558105,8.5,1.0816203355789185
14-12-1984,8.5,8.5,285000,8.625,8.583333015441895,1.0922237634658813
17-12-1984,8.541666984558105,8.583333015441895,251400,8.666666984558105,8.666666984558105,1.102828025817871
18-12-1984,8.625,8.666666984558105,758000,9.0,8.958333015441895,1.1399428844451904
19-12-1984,8.833333015441895,8.958333015441895,393600,9.0,8.875,1.1293385028839111
20-12-1984,8.875,8.875,726800,9.041666984558105,9.0,1.1452453136444092
21-12-1984,8.5,9.0,461000,9.041666984558105,8.708333015441895,1.1081302165985107
24-12-1984,8.583333015441895,8.708333015441895,334200,8.708333015441895,8.666666984558105,1.102828025817871
26-12-1984,8.541666984558105,8.666666984558105,171200,8.708333015441895,8.583333015441895,1.0922237634658813
27-12-1984,8.583333015441895,8.583333015441895,355200,8.666666984558105,8.583333015441895,1.0922237634658813
28-12-1984,8.583333015441895,8.583333015441895,267000,8.75,8.666666984558105,1.102828025817871
31-12-1984,8.666666984558105,8.666666984558105,557000,8.916666984558105,8.916666984558105,1.1346404552459717
02-01-1985,8.708333015441895,8.916666984558105,432600,8.916666984558105,8.791666984558105,1.118734359741211
03-01-1985,8.583333015441895,8.791666984558105,1356800,8.791666984558105,8.666666984558105,1.102828025817871
04-01-1985,8.583333015441895,8.666666984558105,995600,8.666666984558105,8.625,1.0975264310836792
07-01-1985,8.666666984558105,8.666666984558105,357000,8.875,8.791666984558105,1.118734359741211
08-01-1985,8.75,8.791666984558105,312000,8.833333015441895,8.791666984558105,1.118734359741211
09-01-1985,8.75,8.791666984558105,369800,8.875,8.791666984558105,1.118734359741211
10-01-1985,8.625,8.791666984558105,735600,8.791666984558105,8.75,1.113432765007019
11-01-1985,8.666666984558105,8.75,363000,8.75,8.666666984558105,1.102828025817871
14-01-1985,8.625,8.666666984558105,820400,8.708333015441895,8.666666984558105,1.102828025817871
15-01-1985,8.666666984558105,8.666666984558105,1237800,8.791666984558105,8.666666984558105,1.102828025817871
16-01-1985,8.625,8.666666984558105,433400,8.708333015441895,8.666666984558105,1.102828025817871
17-01-1985,8.583333015441895,8.666666984558105,2169200,8.708333015441895,8.666666984558105,1.102828025817871
18-01-1985,8.625,8.666666984558105,808200,8.708333015441895,8.666666984558105,1.102828025817871
21-01-1985,8.666666984558105,8.666666984558105,240000,8.708333015441895,8.666666984558105,1.102828025817871
22-01-1985,8.625,8.666666984558105,590000,8.833333015441895,8.708333015441895,1.1081302165985107
23-01-1985,8.708333015441895,8.708333015441895,518000,8.791666984558105,8.75,1.113432765007019
24-01-1985,8.625,8.75,502800,8.791666984558105,8.666666984558105,1.102828025817871
25-01-1985,8.625,8.666666984558105,534800,8.708333015441895,8.625,1.0975264310836792
28-01-1985,8.625,8.625,336600,8.708333015441895,8.666666984558105,1.102828025817871
29-01-1985,8.625,8.666666984558105,689000,8.708333015441895,8.666666984558105,1.102828025817871
30-01-1985,8.625,8.666666984558105,322200,8.75,8.708333015441895,1.1081302165985107
31-01-1985,8.625,8.708333015441895,372200,8.75,8.708333015441895,1.1081302165985107
01-02-1985,8.666666984558105,8.708333015441895,292800,8.833333015441895,8.75,1.113432765007019
04-02-1985,8.708333015441895,8.75,179000,8.791666984558105,8.791666984558105,1.118734359741211
05-02-1985,8.666666984558105,8.75,255800,8.75,8.666666984558105,1.102828025817871
06-02-1985,8.583333015441895,8.666666984558105,902000,8.75,8.625,1.0975264310836792
07-02-1985,8.625,8.625,2247200,8.708333015441895,8.708333015441895,1.1081302165985107
08-02-1985,8.583333015441895,8.708333015441895,375200,8.75,8.625,1.0975264310836792
11-02-1985,8.625,8.625,157200,8.708333015441895,8.666666984558105,1.102828025817871
12-02-1985,8.625,8.666666984558105,220800,8.791666984558105,8.791666984558105,1.118734359741211
13-02-1985,8.708333015441895,8.791666984558105,507800,8.833333015441895,8.833333015441895,1.1240376234054565
14-02-1985,8.75,8.833333015441895,2225400,8.916666984558105,8.791666984558105,1.118734359741211
15-02-1985,8.708333015441895,8.791666984558105,260600,8.875,8.875,1.1293385028839111
19-02-1985,8.833333015441895,8.875,163200,8.958333015441895,8.958333015441895,1.1399428844451904
20-02-1985,8.833333015441895,8.958333015441895,470400,8.958333015441895,8.916666984558105,1.1346404552459717
21-02-1985,8.875,8.916666984558105,582600,8.958333015441895,8.958333015441895,1.1399428844451904
22-02-1985,8.875,8.958333015441895,2148200,9.0,8.875,1.1293385028839111
25-02-1985,8.833333015441895,8.875,1159400,8.916666984558105,8.875,1.1293385028839111
26-02-1985,8.791666984558105,8.875,839600,8.875,8.791666984558105,1.118734359741211
27-02-1985,8.791666984558105,8.791666984558105,1143000,8.875,8.875,1.1293385028839111
28-02-1985,8.833333015441895,8.875,1490600,8.875,8.875,1.1293385028839111
01-03-1985,8.541666984558105,8.875,2387000,8.875,8.625,1.1262922286987305
04-03-1985,8.458333015441895,8.625,3033000,8.625,8.458333015441895,1.1045286655426025
05-03-1985,8.458333015441895,8.458333015441895,2943800,8.625,8.583333015441895,1.1208512783050537
06-03-1985,8.583333015441895,8.583333015441895,2605400,8.666666984558105,8.625,1.1262922286987305
07-03-1985,8.541666984558105,8.625,2708000,8.666666984558105,8.541666984558105,1.1154106855392456
08-03-1985,8.583333015441895,8.583333015441895,419000,8.708333015441895,8.583333015441895,1.1208512783050537
11-03-1985,8.583333015441895,8.583333015441895,308000,8.666666984558105,8.625,1.1262922286987305
12-03-1985,8.625,8.625,149400,8.75,8.666666984558105,1.1317334175109863
13-03-1985,8.625,8.666666984558105,149400,8.791666984558105,8.666666984558105,1.1317334175109863
14-03-1985,8.708333015441895,8.708333015441895,147600,8.791666984558105,8.791666984558105,1.148055911064148
15-03-1985,8.666666984558105,8.791666984558105,339600,8.833333015441895,8.666666984558105,1.1317334175109863
18-03-1985,8.666666984558105,8.666666984558105,471200,8.75,8.708333015441895,1.137174367904663
19-03-1985,8.708333015441895,8.708333015441895,860000,8.833333015441895,8.75,1.1426150798797607
20-03-1985,8.75,8.75,1188800,8.875,8.833333015441895,1.1534980535507202
21-03-1985,8.833333015441895,8.833333015441895,1260000,8.958333015441895,8.916666984558105,1.164379358291626
22-03-1985,8.833333015441895,8.916666984558105,938400,8.958333015441895,8.833333015441895,1.1534980535507202
25-03-1985,8.833333015441895,8.833333015441895,213800,8.916666984558105,8.875,1.1589381694793701
26-03-1985,8.875,8.875,513000,9.041666984558105,8.958333015441895,1.1698201894760132
27-03-1985,8.958333015441895,8.958333015441895,426800,9.083333015441895,8.958333015441895,1.1698201894760132
28-03-1985,8.958333015441895,8.958333015441895,367400,9.166666984558105,9.125,1.1915847063064575
29-03-1985,9.083333015441895,9.125,684600,9.166666984558105,9.125,1.1915847063064575
01-04-1985,9.083333015441895,9.125,1241000,9.25,9.208333015441895,1.2024667263031006
02-04-1985,9.166666984558105,9.208333015441895,379200,9.25,9.208333015441895,1.2024667263031006
03-04-1985,9.166666984558105,9.208333015441895,937200,9.333333015441895,9.25,1.2079071998596191
04-04-1985,9.166666984558105,9.25,252600,9.25,9.208333015441895,1.2024667263031006
08-04-1985,9.166666984558105,9.208333015441895,338600,9.291666984558105,9.166666984558105,1.197026014328003
09-04-1985,9.125,9.166666984558105,174000,9.25,9.125,1.1915847063064575
10-04-1985,9.166666984558105,9.166666984558105,272000,9.25,9.25,1.2079071998596191
11-04-1985,9.125,9.25,305000,9.333333015441895,9.291666984558105,1.2133482694625854
12-04-1985,9.25,9.291666984558105,585200,9.458333015441895,9.375,1.2242311239242554
15-04-1985,9.333333015441895,9.375,244400,9.5,9.416666984558105,1.229671597480774
16-04-1985,9.333333015441895,9.416666984558105,249800,9.5,9.458333015441895,1.2351127862930298
17-04-1985,9.416666984558105,9.458333015441895,307200,9.5,9.5,1.240553379058838
18-04-1985,9.375,9.5,471600,9.625,9.458333015441895,1.2351127862930298
19-04-1985,9.5,9.5,475200,9.583333015441895,9.583333015441895,1.2514352798461914
22-04-1985,9.458333015441895,9.583333015441895,2206800,9.625,9.583333015441895,1.2514352798461914
23-04-1985,9.375,9.583333015441895,369200,9.666666984558105,9.666666984558105,1.2623176574707031
24-04-1985,9.583333015441895,9.666666984558105,220400,9.708333015441895,9.583333015441895,1.2514352798461914
25-04-1985,9.541666984558105,9.583333015441895,145200,9.625,9.541666984558105,1.2459955215454102
26-04-1985,9.541666984558105,9.541666984558105,167600,9.625,9.583333015441895,1.2514352798461914
29-04-1985,9.416666984558105,9.541666984558105,1565000,9.541666984558105,9.458333015441895,1.2351127862930298
30-04-1985,9.375,9.458333015441895,1150400,9.5,9.416666984558105,1.229671597480774
01-05-1985,9.416666984558105,9.416666984558105,366200,9.5,9.458333015441895,1.2351127862930298
02-05-1985,9.416666984558105,9.458333015441895,237200,9.541666984558105,9.541666984558105,1.2459955215454102
03-05-1985,9.5,9.541666984558105,560600,9.625,9.583333015441895,1.2514352798461914
06-05-1985,9.583333015441895,9.583333015441895,946800,9.625,9.625,1.2568765878677368
07-05-1985,9.583333015441895,9.625,1231200,9.708333015441895,9.708333015441895,1.2677595615386963
08-05-1985,9.666666984558105,9.708333015441895,224000,9.791666984558105,9.791666984558105,1.2786405086517334
09-05-1985,9.708333015441895,9.791666984558105,411800,9.833333015441895,9.791666984558105,1.2786405086517334
10-05-1985,9.791666984558105,9.791666984558105,563000,9.958333015441895,9.958333015441895,1.3004051446914673
13-05-1985,9.875,9.958333015441895,1280600,10.0,9.916666984558105,1.2949633598327637
14-05-1985,9.875,9.916666984558105,1108400,9.958333015441895,9.916666984558105,1.2949633598327637
15-05-1985,9.875,9.916666984558105,246200,9.958333015441895,9.958333015441895,1.3004051446914673
16-05-1985,9.875,9.958333015441895,879800,10.083333015441895,10.041666984558105,1.3112874031066895
17-05-1985,10.0,10.041666984558105,339000,10.291666984558105,10.291666984558105,1.3439334630966187
20-05-1985,10.25,10.291666984558105,1084400,10.458333015441895,10.25,1.3384926319122314
21-05-1985,10.25,10.25,1226600,10.416666984558105,10.333333015441895,1.3493746519088745
22-05-1985,10.166666984558105,10.333333015441895,880200,10.375,10.208333015441895,1.3330515623092651
23-05-1985,10.083333015441895,10.208333015441895,447600,10.208333015441895,10.208333015441895,1.3330515623092651
24-05-1985,10.166666984558105,10.208333015441895,218400,10.25,10.208333015441895,1.3330515623092651
28-05-1985,10.166666984558105,10.208333015441895,2156600,10.333333015441895,10.291666984558105,1.3439334630966187
29-05-1985,10.25,10.291666984558105,1455800,10.333333015441895,10.333333015441895,1.3493746519088745
30-05-1985,10.291666984558105,10.333333015441895,1137000,10.416666984558105,10.416666984558105,1.360256314277649
31-05-1985,10.291666984558105,10.416666984558105,3117200,10.416666984558105,10.416666984558105,1.360256314277649
03-06-1985,10.083333015441895,10.291666984558105,420200,10.291666984558105,10.166666984558105,1.3584752082824707
04-06-1985,10.083333015441895,10.166666984558105,384000,10.208333015441895,10.166666984558105,1.3584752082824707
05-06-1985,10.125,10.166666984558105,372000,10.25,10.25,1.3696101903915405
06-06-1985,10.083333015441895,10.25,384600,10.25,10.25,1.3696101903915405
07-06-1985,10.208333015441895,10.25,588200,10.333333015441895,10.25,1.3696101903915405
10-06-1985,10.208333015441895,10.25,783600,10.291666984558105,10.25,1.3696101903915405
11-06-1985,10.166666984558105,10.25,525600,10.291666984558105,10.25,1.3696101903915405
12-06-1985,10.208333015441895,10.25,467000,10.458333015441895,10.416666984558105,1.3918805122375488
13-06-1985,10.333333015441895,10.416666984558105,1092000,10.458333015441895,10.375,1.3863129615783691
14-06-1985,10.375,10.375,598200,10.458333015441895,10.416666984558105,1.3918805122375488
17-06-1985,10.375,10.416666984558105,348600,10.458333015441895,10.458333015441895,1.3974478244781494
18-06-1985,10.458333015441895,10.458333015441895,429800,10.625,10.5,1.403015375137329
19-06-1985,10.5,10.5,601800,10.583333015441895,10.541666984558105,1.4085830450057983
20-06-1985,10.458333015441895,10.541666984558105,299600,10.541666984558105,10.5,1.403015375137329
21-06-1985,10.458333015441895,10.5,522000,10.833333015441895,10.833333015441895,1.4475548267364502
24-06-1985,10.5,10.75,728600,10.75,10.583333015441895,1.4141504764556885
25-06-1985,10.458333015441895,10.583333015441895,176000,10.583333015441895,10.541666984558105,1.4085830450057983
26-06-1985,10.25,10.5,616800,10.5,10.291666984558105,1.3751782178878784
27-06-1985,10.208333015441895,10.291666984558105,212400,10.291666984558105,10.291666984558105,1.3751782178878784
28-06-1985,10.041666984558105,10.291666984558105,742200,10.291666984558105,10.166666984558105,1.3584752082824707
01-07-1985,10.125,10.166666984558105,658200,10.333333015441895,10.333333015441895,1.3807454109191895
02-07-1985,10.166666984558105,10.333333015441895,882600,10.375,10.25,1.3696101903915405
03-07-1985,10.166666984558105,10.25,430400,10.333333015441895,10.25,1.3696101903915405
05-07-1985,10.25,10.25,187400,10.375,10.375,1.3863129615783691
08-07-1985,10.25,10.375,354200,10.416666984558105,10.416666984558105,1.3918805122375488
09-07-1985,10.333333015441895,10.416666984558105,347600,10.416666984558105,10.375,1.3863129615783691
10-07-1985,10.333333015441895,10.375,1116800,10.416666984558105,10.416666984558105,1.3918805122375488
11-07-1985,10.333333015441895,10.416666984558105,1840400,10.458333015441895,10.375,1.3863129615783691
12-07-1985,10.375,10.375,442800,10.666666984558105,10.583333015441895,1.4141504764556885
15-07-1985,10.583333015441895,10.583333015441895,373400,10.75,10.708333015441895,1.4308533668518066
16-07-1985,10.666666984558105,10.708333015441895,179400,10.75,10.708333015441895,1.4308533668518066
17-07-1985,10.583333015441895,10.708333015441895,1097000,10.791666984558105,10.625,1.4197181463241577
18-07-1985,10.416666984558105,10.583333015441895,1530600,10.583333015441895,10.5,1.403015375137329
19-07-1985,10.375,10.5,457200,10.583333015441895,10.5,1.403015375137329
22-07-1985,10.208333015441895,10.458333015441895,372600,10.458333015441895,10.375,1.3863129615783691
23-07-1985,9.416666984558105,10.333333015441895,887000,10.333333015441895,10.0,1.3362051248550415
24-07-1985,9.708333015441895,10.0,1934400,10.0,9.75,1.302800178527832
25-07-1985,9.583333015441895,9.75,1402200,9.833333015441895,9.791666984558105,1.3083668947219849
26-07-1985,9.5,9.791666984558105,562200,9.875,9.625,1.286097526550293
29-07-1985,9.25,9.583333015441895,607400,9.583333015441895,9.458333015441895,1.2638274431228638
30-07-1985,9.375,9.458333015441895,1428800,9.666666984558105,9.666666984558105,1.2916653156280518
31-07-1985,9.708333015441895,9.708333015441895,1249200,9.791666984558105,9.75,1.302800178527832
01-08-1985,9.75,9.75,2052200,9.916666984558105,9.833333015441895,1.313934087753296
02-08-1985,9.75,9.833333015441895,490800,9.916666984558105,9.833333015441895,1.313934087753296
05-08-1985,9.708333015441895,9.833333015441895,221400,9.875,9.75,1.302800178527832
06-08-1985,9.583333015441895,9.75,305000,9.875,9.583333015441895,1.2805300951004028
07-08-1985,9.333333015441895,9.583333015441895,1237400,9.583333015441895,9.458333015441895,1.2638274431228638
08-08-1985,9.458333015441895,9.458333015441895,1169000,9.666666984558105,9.666666984558105,1.2916653156280518
09-08-1985,9.708333015441895,9.708333015441895,284400,9.833333015441895,9.75,1.302800178527832
12-08-1985,9.75,9.75,759600,9.833333015441895,9.791666984558105,1.3083668947219849
13-08-1985,9.791666984558105,9.791666984558105,470400,9.875,9.791666984558105,1.3083668947219849
14-08-1985,9.791666984558105,9.791666984558105,916200,9.875,9.791666984558105,1.3083668947219849
15-08-1985,9.833333015441895,9.833333015441895,1154000,9.958333015441895,9.875,1.3195030689239502
16-08-1985,9.791666984558105,9.875,212600,9.916666984558105,9.875,1.3195030689239502
19-08-1985,9.875,9.875,138600,10.0,9.958333015441895,1.3306373357772827
20-08-1985,9.958333015441895,9.958333015441895,457200,10.083333015441895,10.041666984558105,1.3417730331420898
21-08-1985,10.041666984558105,10.041666984558105,355400,10.25,10.166666984558105,1.3584752082824707
22-08-1985,10.041666984558105,10.166666984558105,919800,10.291666984558105,10.125,1.3529077768325806
23-08-1985,10.083333015441895,10.125,239400,10.208333015441895,10.166666984558105,1.3584752082824707
26-08-1985,10.125,10.166666984558105,188600,10.208333015441895,10.166666984558105,1.3584752082824707
27-08-1985,10.166666984558105,10.166666984558105,355200,10.25,10.25,1.3696101903915405
28-08-1985,10.208333015441895,10.25,830400,10.291666984558105,10.291666984558105,1.3751782178878784
29-08-1985,10.25,10.291666984558105,655200,10.291666984558105,10.291666984558105,1.3751782178878784
30-08-1985,10.166666984558105,10.291666984558105,1772400,10.333333015441895,10.291666984558105,1.3751782178878784
03-09-1985,10.0,10.291666984558105,722400,10.291666984558105,10.041666984558105,1.373354196548462
04-09-1985,10.0,10.041666984558105,227400,10.041666984558105,10.0,1.367655873298645
05-09-1985,9.958333015441895,10.0,383000,10.041666984558105,10.0,1.367655873298645
06-09-1985,9.833333015441895,10.0,410400,10.0,9.875,1.3505605459213257
09-09-1985,9.75,9.875,437000,9.958333015441895,9.833333015441895,1.3448623418807983
10-09-1985,9.416666984558105,9.833333015441895,533400,9.833333015441895,9.5,1.2992732524871826
11-09-1985,9.416666984558105,9.5,1458800,9.541666984558105,9.458333015441895,1.293574571609497
12-09-1985,9.291666984558105,9.458333015441895,753000,9.458333015441895,9.375,1.2821780443191528
13-09-1985,9.333333015441895,9.375,570600,9.458333015441895,9.458333015441895,1.293574571609497
16-09-1985,9.458333015441895,9.458333015441895,280800,9.583333015441895,9.583333015441895,1.3106694221496582
17-09-1985,9.333333015441895,9.583333015441895,1622600,9.583333015441895,9.333333015441895,1.2764793634414673
18-09-1985,9.333333015441895,9.333333015441895,559400,9.458333015441895,9.375,1.2821780443191528
19-09-1985,9.333333015441895,9.375,718200,9.5,9.416666984558105,1.2878761291503906
20-09-1985,9.375,9.416666984558105,695000,9.541666984558105,9.416666984558105,1.2878761291503906
23-09-1985,9.291666984558105,9.416666984558105,180000,9.5,9.416666984558105,1.2878761291503906
24-09-1985,9.25,9.416666984558105,470600,9.416666984558105,9.333333015441895,1.2764793634414673
25-09-1985,9.166666984558105,9.333333015441895,173000,9.333333015441895,9.25,1.265081524848938
26-09-1985,8.916666984558105,9.125,728600,9.125,9.041666984558105,1.236588716506958
30-09-1985,8.875,9.041666984558105,1050600,9.041666984558105,8.916666984558105,1.21949303150177
01-10-1985,8.875,8.916666984558105,786000,9.0,8.916666984558105,1.21949303150177
02-10-1985,8.958333015441895,8.958333015441895,456200,9.083333015441895,9.041666984558105,1.236588716506958
03-10-1985,9.041666984558105,9.041666984558105,350000,9.166666984558105,9.125,1.2479859590530396
04-10-1985,8.916666984558105,9.125,280200,9.166666984558105,9.041666984558105,1.236588716506958
07-10-1985,8.916666984558105,9.041666984558105,372800,9.083333015441895,9.0,1.2308903932571411
08-10-1985,8.958333015441895,9.0,200400,9.041666984558105,9.0,1.2308903932571411
09-10-1985,8.958333015441895,9.0,291800,9.041666984558105,9.0,1.2308903932571411
10-10-1985,9.0,9.0,1059800,9.166666984558105,9.166666984558105,1.253684163093567
11-10-1985,9.208333015441895,9.208333015441895,1566800,9.333333015441895,9.25,1.265081524848938
14-10-1985,9.208333015441895,9.25,528200,9.416666984558105,9.375,1.2821780443191528
15-10-1985,9.291666984558105,9.375,264200,9.375,9.333333015441895,1.2764793634414673
16-10-1985,9.25,9.333333015441895,586200,9.333333015441895,9.291666984558105,1.270780086517334
17-10-1985,9.041666984558105,9.25,1377600,9.25,9.083333015441895,1.2422869205474854
18-10-1985,9.041666984558105,9.083333015441895,1647000,9.166666984558105,9.041666984558105,1.236588716506958
21-10-1985,9.0,9.041666984558105,767000,9.125,9.083333015441895,1.2422869205474854
22-10-1985,9.0,9.083333015441895,802200,9.125,9.041666984558105,1.236588716506958
23-10-1985,9.083333015441895,9.083333015441895,734000,9.291666984558105,9.25,1.265081524848938
24-10-1985,9.25,9.25,1392800,9.458333015441895,9.375,1.2821780443191528
25-10-1985,9.25,9.375,1613400,9.416666984558105,9.375,1.2821780443191528
28-10-1985,9.291666984558105,9.375,930600,9.458333015441895,9.458333015441895,1.293574571609497
29-10-1985,9.458333015441895,9.458333015441895,1052000,9.625,9.541666984558105,1.304972767829895
30-10-1985,9.416666984558105,9.541666984558105,742800,9.708333015441895,9.541666984558105,1.304972767829895
31-10-1985,9.333333015441895,9.541666984558105,1531200,9.541666984558105,9.416666984558105,1.2878761291503906
01-11-1985,9.333333015441895,9.416666984558105,1915400,9.541666984558105,9.541666984558105,1.304972767829895
04-11-1985,9.416666984558105,9.541666984558105,709800,9.583333015441895,9.5,1.2992732524871826
05-11-1985,9.416666984558105,9.5,1714400,9.583333015441895,9.541666984558105,1.304972767829895
06-11-1985,9.541666984558105,9.541666984558105,1542200,9.708333015441895,9.625,1.3163686990737915
07-11-1985,9.583333015441895,9.625,1477200,9.666666984558105,9.666666984558105,1.3220674991607666
08-11-1985,9.625,9.666666984558105,2694800,10.041666984558105,9.916666984558105,1.3562581539154053
11-11-1985,9.875,9.916666984558105,1043400,10.166666984558105,10.166666984558105,1.39044988155365
12-11-1985,10.166666984558105,10.166666984558105,1155600,10.375,10.333333015441895,1.4132447242736816
13-11-1985,10.208333015441895,10.333333015441895,774800,10.333333015441895,10.25,1.4018474817276
14-11-1985,10.25,10.25,1873400,10.458333015441895,10.458333015441895,1.4303398132324219
15-11-1985,10.333333015441895,10.458333015441895,1591800,10.458333015441895,10.416666984558105,1.4246422052383423
18-11-1985,10.291666984558105,10.416666984558105,667400,10.416666984558105,10.333333015441895,1.4132447242736816
19-11-1985,10.333333015441895,10.333333015441895,519800,10.458333015441895,10.458333015441895,1.4303398132324219
20-11-1985,10.375,10.458333015441895,218000,10.458333015441895,10.416666984558105,1.4246422052383423
21-11-1985,10.416666984558105,10.416666984558105,555200,10.625,10.541666984558105,1.4417378902435303
22-11-1985,10.5,10.541666984558105,458600,10.625,10.5,1.436038851737976
25-11-1985,10.375,10.5,518000,10.541666984558105,10.458333015441895,1.4303398132324219
26-11-1985,10.333333015441895,10.458333015441895,6699000,10.458333015441895,10.375,1.4189428091049194
27-11-1985,10.0,10.291666984558105,7080000,10.291666984558105,10.083333015441895,1.3790526390075684
29-11-1985,10.0,10.083333015441895,5865000,10.166666984558105,10.125,1.3847519159317017
02-12-1985,9.791666984558105,9.833333015441895,1244400,9.916666984558105,9.916666984558105,1.3887192010879517
03-12-1985,9.916666984558105,9.958333015441895,401600,10.083333015441895,9.958333015441895,1.3945542573928833
04-12-1985,10.041666984558105,10.041666984558105,1719800,10.166666984558105,10.125,1.417894721031189
05-12-1985,10.0,10.125,908400,10.125,10.083333015441895,1.4120593070983887
06-12-1985,9.958333015441895,10.0,461400,10.125,10.083333015441895,1.4120593070983887
09-12-1985,10.0,10.041666984558105,451200,10.166666984558105,10.125,1.417894721031189
10-12-1985,10.083333015441895,10.166666984558105,474600,10.291666984558105,10.25,1.4353996515274048
11-12-1985,10.208333015441895,10.208333015441895,804800,10.416666984558105,10.416666984558105,1.4587398767471313
12-12-1985,10.333333015441895,10.375,472200,10.625,10.458333015441895,1.464573621749878
13-12-1985,10.458333015441895,10.625,369800,10.666666984558105,10.625,1.487913966178894
16-12-1985,10.416666984558105,10.541666984558105,1285200,10.916666984558105,10.708333015441895,1.499584674835205
17-12-1985,10.75,10.791666984558105,1032200,10.958333015441895,10.833333015441895,1.5170884132385254
18-12-1985,10.833333015441895,10.875,534000,11.041666984558105,10.916666984558105,1.5287595987319946
19-12-1985,10.666666984558105,10.833333015441895,1166400,10.875,10.75,1.5054192543029785
20-12-1985,10.5,10.75,1084200,10.75,10.583333015441895,1.4820797443389893
23-12-1985,10.375,10.541666984558105,242400,10.541666984558105,10.541666984558105,1.4762448072433472
24-12-1985,10.375,10.5,952400,10.541666984558105,10.5,1.4704092741012573
26-12-1985,10.375,10.458333015441895,366600,10.5,10.375,1.4529043436050415
27-12-1985,10.375,10.416666984558105,353400,10.541666984558105,10.5,1.4704092741012573
30-12-1985,10.416666984558105,10.458333015441895,396000,10.5,10.416666984558105,1.4587398767471313
31-12-1985,10.416666984558105,10.416666984558105,596600,10.541666984558105,10.541666984558105,1.4762448072433472
02-01-1986,10.416666984558105,10.5,472800,10.541666984558105,10.5,1.4704092741012573
03-01-1986,10.416666984558105,10.458333015441895,319800,10.541666984558105,10.541666984558105,1.4762448072433472
06-01-1986,10.5,10.583333015441895,327800,10.625,10.541666984558105,1.4762448072433472
07-01-1986,10.583333015441895,10.625,1043000,10.875,10.833333015441895,1.5170884132385254
08-01-1986,10.625,10.916666984558105,567800,11.0,10.625,1.487913966178894
09-01-1986,10.291666984558105,10.541666984558105,588600,10.541666984558105,10.458333015441895,1.464573621749878
10-01-1986,10.291666984558105,10.416666984558105,589800,10.541666984558105,10.458333015441895,1.464573621749878
13-01-1986,10.25,10.458333015441895,519800,10.458333015441895,10.333333015441895,1.4470696449279785
14-01-1986,10.25,10.375,713600,10.458333015441895,10.291666984558105,1.441235065460205
15-01-1986,10.333333015441895,10.375,633800,10.458333015441895,10.375,1.4529043436050415
16-01-1986,10.375,10.458333015441895,327000,10.458333015441895,10.416666984558105,1.4587398767471313
17-01-1986,10.416666984558105,10.458333015441895,438800,10.5,10.458333015441895,1.464573621749878
20-01-1986,10.375,10.375,2103200,10.5,10.458333015441895,1.464573621749878
21-01-1986,10.416666984558105,10.458333015441895,334200,10.541666984558105,10.5,1.4704092741012573
22-01-1986,10.375,10.583333015441895,360600,10.625,10.458333015441895,1.464573621749878
23-01-1986,10.333333015441895,10.375,493200,10.458333015441895,10.458333015441895,1.464573621749878
24-01-1986,10.375,10.5,374000,10.541666984558105,10.541666984558105,1.4762448072433472
27-01-1986,10.583333015441895,10.625,2016000,10.833333015441895,10.791666984558105,1.5112541913986206
28-01-1986,10.833333015441895,10.833333015441895,682800,11.208333015441895,11.166666984558105,1.5637691020965576
29-01-1986,11.083333015441895,11.25,724400,11.333333015441895,11.125,1.5579334497451782
30-01-1986,10.916666984558105,11.041666984558105,488000,11.208333015441895,10.958333015441895,1.5345940589904785
31-01-1986,10.833333015441895,10.875,645600,11.291666984558105,11.125,1.5579334497451782
03-02-1986,11.041666984558105,11.166666984558105,2035800,11.25,11.166666984558105,1.5637691020965576
04-02-1986,11.083333015441895,11.25,846200,11.291666984558105,11.208333015441895,1.5696030855178833
05-02-1986,11.208333015441895,11.25,711800,11.375,11.333333015441895,1.5871080160140991
06-02-1986,11.166666984558105,11.333333015441895,252600,11.333333015441895,11.25,1.575438380241394
07-02-1986,11.166666984558105,11.25,264000,11.25,11.208333015441895,1.5696030855178833
10-02-1986,11.125,11.208333015441895,2031600,11.416666984558105,11.416666984558105,1.598779320716858
11-02-1986,11.375,11.416666984558105,632600,11.625,11.583333015441895,1.6221184730529785
12-02-1986,11.583333015441895,11.625,502200,11.75,11.708333015441895,1.6396218538284302
13-02-1986,11.583333015441895,11.666666984558105,305000,11.708333015441895,11.708333015441895,1.6396218538284302
14-02-1986,11.625,11.791666984558105,722400,11.875,11.708333015441895,1.6396218538284302
18-02-1986,11.666666984558105,11.708333015441895,2340000,12.0,11.958333015441895,1.6746325492858887
19-02-1986,11.875,11.916666984558105,567600,12.083333015441895,12.0,1.680467963218689
20-02-1986,12.0,12.041666984558105,682800,12.166666984558105,12.125,1.6979719400405884
21-02-1986,12.125,12.125,582800,12.458333015441895,12.333333015441895,1.7271480560302734
24-02-1986,11.333333015441895,12.375,451800,12.458333015441895,12.458333015441895,1.7446527481079102
25-02-1986,12.375,12.458333015441895,771800,12.541666984558105,12.416666984558105,1.738817572593689
26-02-1986,12.333333015441895,12.416666984558105,645200,12.5,12.333333015441895,1.7271480560302734
27-02-1986,12.375,12.416666984558105,404000,12.583333015441895,12.541666984558105,1.7563217878341675
28-02-1986,12.541666984558105,12.583333015441895,5010000,12.708333015441895,12.666666984558105,1.7738275527954102
03-03-1986,12.208333015441895,12.333333015441895,3960000,12.666666984558105,12.333333015441895,1.7600330114364624
04-03-1986,12.25,12.333333015441895,720000,12.416666984558105,12.333333015441895,1.7600330114364624
05-03-1986,11.75,12.25,1068200,12.291666984558105,12.0,1.712464690208435
06-03-1986,11.916666984558105,12.083333015441895,1545200,12.166666984558105,11.916666984558105,1.7005723714828491
07-03-1986,11.75,12.0,1130000,12.0,12.0,1.712464690208435
10-03-1986,11.916666984558105,11.958333015441895,557600,12.041666984558105,12.041666984558105,1.7184102535247803
11-03-1986,12.041666984558105,12.083333015441895,1442000,12.333333015441895,12.333333015441895,1.7600330114364624
12-03-1986,12.166666984558105,12.166666984558105,679200,12.375,12.291666984558105,1.754087209701538
13-03-1986,12.208333015441895,12.291666984558105,671000,12.291666984558105,12.25,1.7481414079666138
14-03-1986,12.083333015441895,12.25,930800,12.333333015441895,12.291666984558105,1.754087209701538
17-03-1986,12.041666984558105,12.166666984558105,960200,12.166666984558105,12.125,1.7303013801574707
18-03-1986,12.041666984558105,12.083333015441895,505200,12.291666984558105,12.041666984558105,1.7184102535247803
19-03-1986,11.75,12.041666984558105,1460000,12.083333015441895,11.833333015441895,1.6886804103851318
20-03-1986,11.666666984558105,11.666666984558105,497400,11.958333015441895,11.916666984558105,1.7005723714828491
21-03-1986,12.0,12.0,1097600,12.166666984558105,12.125,1.7303013801574707
24-03-1986,11.833333015441895,12.125,728000,12.291666984558105,12.291666984558105,1.754087209701538
25-03-1986,12.083333015441895,12.208333015441895,379400,12.25,12.25,1.7481414079666138
26-03-1986,12.125,12.25,824600,12.291666984558105,12.291666984558105,1.754087209701538
27-03-1986,12.25,12.25,803000,12.458333015441895,12.458333015441895,1.7778712511062622
31-03-1986,12.375,12.416666984558105,512400,12.625,12.583333015441895,1.7957096099853516
01-04-1986,12.416666984558105,12.625,797600,12.666666984558105,12.458333015441895,1.7778712511062622
02-04-1986,12.291666984558105,12.416666984558105,430200,12.458333015441895,12.458333015441895,1.7778712511062622
03-04-1986,12.208333015441895,12.458333015441895,1605200,12.458333015441895,12.333333015441895,1.7600330114364624
04-04-1986,12.083333015441895,12.375,925400,12.583333015441895,12.166666984558105,1.736248254776001
07-04-1986,11.916666984558105,12.083333015441895,367800,12.083333015441895,12.083333015441895,1.7243562936782837
08-04-1986,12.083333015441895,12.125,512000,12.416666984558105,12.416666984558105,1.7719249725341797
09-04-1986,12.125,12.375,482600,12.458333015441895,12.208333015441895,1.7421951293945312
10-04-1986,12.083333015441895,12.125,446400,12.333333015441895,12.333333015441895,1.7600330114364624
11-04-1986,12.083333015441895,12.333333015441895,301800,12.375,12.25,1.7481414079666138
14-04-1986,12.208333015441895,12.333333015441895,267200,12.375,12.25,1.7481414079666138
15-04-1986,12.125,12.208333015441895,515000,12.291666984558105,12.25,1.7481414079666138
16-04-1986,12.25,12.375,1138400,12.625,12.625,1.8016557693481445
17-04-1986,12.541666984558105,12.625,378800,12.666666984558105,12.625,1.8016557693481445
18-04-1986,12.25,12.625,372600,12.666666984558105,12.583333015441895,1.7957096099853516
21-04-1986,12.541666984558105,12.625,1161000,12.833333015441895,12.791666984558105,1.8254387378692627
22-04-1986,12.416666984558105,12.833333015441895,669200,12.916666984558105,12.583333015441895,1.7957096099853516
23-04-1986,12.375,12.583333015441895,630200,12.625,12.416666984558105,1.7719249725341797
24-04-1986,12.333333015441895,12.416666984558105,655400,12.5,12.375,1.7659776210784912
25-04-1986,12.208333015441895,12.333333015441895,308600,12.375,12.25,1.7481414079666138
28-04-1986,11.916666984558105,12.25,498000,12.291666984558105,12.083333015441895,1.7243562936782837
29-04-1986,11.541666984558105,12.041666984558105,1173000,12.041666984558105,11.958333015441895,1.7065179347991943
30-04-1986,11.541666984558105,11.916666984558105,1060200,11.916666984558105,11.666666984558105,1.6648961305618286
01-05-1986,11.541666984558105,11.583333015441895,1548600,11.833333015441895,11.708333015441895,1.6708403825759888
02-05-1986,11.75,11.75,963000,12.041666984558105,11.875,1.6946256160736084
05-05-1986,11.875,11.958333015441895,413600,12.041666984558105,11.958333015441895,1.7065179347991943
06-05-1986,11.916666984558105,12.0,387600,12.083333015441895,12.041666984558105,1.7184102535247803
07-05-1986,11.791666984558105,12.041666984558105,741600,12.041666984558105,11.833333015441895,1.6886804103851318
08-05-1986,11.875,11.916666984558105,372200,12.083333015441895,12.041666984558105,1.7184102535247803
09-05-1986,11.833333015441895,12.041666984558105,531200,12.041666984558105,11.916666984558105,1.7005723714828491
12-05-1986,11.791666984558105,11.875,562800,12.041666984558105,12.0,1.712464690208435
13-05-1986,12.0,12.083333015441895,386400,12.083333015441895,12.0,1.712464690208435
14-05-1986,12.0,12.083333015441895,593000,12.208333015441895,12.208333015441895,1.7421951293945312
15-05-1986,12.166666984558105,12.208333015441895,342000,12.25,12.208333015441895,1.7421951293945312
16-05-1986,12.041666984558105,12.208333015441895,754200,12.208333015441895,12.125,1.7303013801574707
19-05-1986,11.958333015441895,12.125,189800,12.208333015441895,12.083333015441895,1.7243562936782837
20-05-1986,11.916666984558105,12.041666984558105,269000,12.041666984558105,12.041666984558105,1.7184102535247803
21-05-1986,11.958333015441895,12.041666984558105,255800,12.083333015441895,12.0,1.712464690208435
22-05-1986,11.958333015441895,11.958333015441895,351800,12.208333015441895,12.208333015441895,1.7421951293945312
23-05-1986,12.083333015441895,12.25,618000,12.25,12.166666984558105,1.736248254776001
27-05-1986,12.166666984558105,12.166666984558105,648000,12.416666984558105,12.416666984558105,1.7719249725341797
28-05-1986,12.333333015441895,12.5,684800,12.625,12.541666984558105,1.7897626161575317
29-05-1986,12.416666984558105,12.541666984558105,1090800,12.708333015441895,12.666666984558105,1.807601809501648
30-05-1986,12.333333015441895,12.666666984558105,5430000,12.666666984558105,12.416666984558105,1.7719249725341797
02-06-1986,12.041666984558105,12.166666984558105,2973000,12.166666984558105,12.166666984558105,1.7714396715164185
03-06-1986,12.125,12.125,324000,12.25,12.166666984558105,1.7714396715164185
04-06-1986,12.083333015441895,12.208333015441895,849200,12.25,12.166666984558105,1.7714396715164185
05-06-1986,12.125,12.125,1668600,12.25,12.25,1.7835745811462402
06-06-1986,12.125,12.208333015441895,178200,12.25,12.125,1.7653725147247314
09-06-1986,11.916666984558105,12.125,770000,12.166666984558105,12.0,1.7471743822097778
10-06-1986,11.916666984558105,12.0,301800,12.0,11.958333015441895,1.7411065101623535
11-06-1986,11.791666984558105,12.041666984558105,474600,12.041666984558105,11.791666984558105,1.7168408632278442
12-06-1986,11.666666984558105,11.875,258200,11.916666984558105,11.833333015441895,1.722907543182373
13-06-1986,11.791666984558105,11.875,456600,12.083333015441895,12.0,1.7471743822097778
16-06-1986,11.791666984558105,11.958333015441895,697400,11.958333015441895,11.958333015441895,1.7411065101623535
17-06-1986,11.875,11.916666984558105,1381400,12.0,11.916666984558105,1.7350404262542725
18-06-1986,11.833333015441895,11.875,410000,12.0,11.916666984558105,1.7350404262542725
19-06-1986,11.875,11.958333015441895,282200,11.958333015441895,11.875,1.7289727926254272
20-06-1986,11.708333015441895,11.875,609200,12.0,12.0,1.7471743822097778
23-06-1986,11.833333015441895,11.916666984558105,608000,11.958333015441895,11.875,1.7289727926254272
24-06-1986,11.833333015441895,11.916666984558105,588000,12.083333015441895,12.083333015441895,1.759306788444519
25-06-1986,12.041666984558105,12.083333015441895,1148000,12.208333015441895,12.041666984558105,1.7532402276992798
26-06-1986,12.083333015441895,12.125,459600,12.208333015441895,12.125,1.7653725147247314
27-06-1986,12.125,12.125,496800,12.25,12.25,1.7835745811462402
30-06-1986,12.25,12.291666984558105,493200,12.5,12.458333015441895,1.8139060735702515
01-07-1986,12.208333015441895,12.416666984558105,861600,12.458333015441895,12.333333015441895,1.7957069873809814
02-07-1986,12.291666984558105,12.291666984558105,840800,12.75,12.666666984558105,1.844239592552185
03-07-1986,12.583333015441895,12.666666984558105,288200,12.791666984558105,12.625,1.8381725549697876
07-07-1986,12.458333015441895,12.583333015441895,1075800,12.666666984558105,12.625,1.8381725549697876
08-07-1986,12.416666984558105,12.5,884600,12.625,12.625,1.8381725549697876
09-07-1986,12.541666984558105,12.541666984558105,1110200,12.75,12.708333015441895,1.8503044843673706
10-07-1986,12.666666984558105,12.791666984558105,755600,12.875,12.833333015441895,1.8685047626495361
11-07-1986,12.875,12.958333015441895,899000,13.125,13.041666984558105,1.8988381624221802
14-07-1986,13.0,13.041666984558105,1198800,13.458333015441895,13.416666984558105,1.9534367322921753
15-07-1986,13.0,13.5,1238000,13.708333015441895,13.166666984558105,1.917037010192871
16-07-1986,13.166666984558105,13.25,537800,13.5,13.5,1.9655702114105225
17-07-1986,13.375,13.416666984558105,821400,13.666666984558105,13.583333015441895,1.977703332901001
18-07-1986,13.5,13.583333015441895,390200,13.666666984558105,13.541666984558105,1.9716367721557617
21-07-1986,13.5,13.541666984558105,817400,13.75,13.75,2.001970052719116
22-07-1986,13.666666984558105,13.75,398400,13.958333015441895,13.916666984558105,2.0262365341186523
23-07-1986,13.875,13.958333015441895,1087800,14.166666984558105,14.125,2.0565686225891113
24-07-1986,14.166666984558105,14.208333015441895,1445600,14.75,14.625,2.1293673515319824
25-07-1986,14.541666984558105,14.583333015441895,554600,14.708333015441895,14.666666984558105,2.13543438911438
28-07-1986,14.25,14.666666984558105,1869000,14.708333015441895,14.333333015441895,2.086902618408203
29-07-1986,14.0,14.208333015441895,1015800,14.291666984558105,14.25,2.0747687816619873
30-07-1986,13.833333015441895,14.166666984558105,1280400,14.291666984558105,14.25,2.0747687816619873
31-07-1986,14.125,14.291666984558105,424200,14.291666984558105,14.25,2.0747687816619873
01-08-1986,14.125,14.25,592400,14.291666984558105,14.166666984558105,2.062636375427246
04-08-1986,14.041666984558105,14.208333015441895,414800,14.25,14.166666984558105,2.062636375427246
05-08-1986,14.0,14.125,683000,14.208333015441895,14.166666984558105,2.062636375427246
06-08-1986,14.125,14.166666984558105,2559000,14.291666984558105,14.208333015441895,2.068702459335327
07-08-1986,14.125,14.208333015441895,558800,14.416666984558105,14.333333015441895,2.086902618408203
08-08-1986,14.208333015441895,14.333333015441895,571200,14.416666984558105,14.25,2.0747687816619873
11-08-1986,14.25,14.333333015441895,624600,14.5,14.333333015441895,2.086902618408203
12-08-1986,14.333333015441895,14.416666984558105,497000,14.625,14.541666984558105,2.117234706878662
13-08-1986,14.583333015441895,14.583333015441895,974600,14.958333015441895,14.916666984558105,2.1718337535858154
14-08-1986,14.916666984558105,14.958333015441895,788600,15.166666984558105,15.125,2.2021679878234863
15-08-1986,15.041666984558105,15.041666984558105,673200,15.333333015441895,15.25,2.2203686237335205
18-08-1986,15.0,15.166666984558105,435000,15.25,15.208333015441895,2.2143006324768066
19-08-1986,15.125,15.166666984558105,351600,15.958333015441895,15.291666984558105,2.2264325618743896
20-08-1986,15.25,15.291666984558105,1463600,16.08333396911621,15.875,2.311365842819214
21-08-1986,15.833333015441895,15.958333015441895,2272200,16.0,15.833333015441895,2.3052992820739746
22-08-1986,15.5,15.875,1283000,15.875,15.5,2.256765365600586
25-08-1986,14.708333015441895,15.333333015441895,372200,15.375,15.25,2.2203686237335205
26-08-1986,15.208333015441895,15.25,675200,15.5,15.333333015441895,2.2324984073638916
27-08-1986,15.166666984558105,15.416666984558105,994400,15.416666984558105,15.25,2.2203686237335205
28-08-1986,14.958333015441895,15.166666984558105,1840400,15.208333015441895,15.0,2.183966636657715
29-08-1986,15.0,15.0,4440000,15.291666984558105,15.208333015441895,2.2143006324768066
02-09-1986,14.625,14.833333015441895,3720000,14.958333015441895,14.833333015441895,2.1953065395355225
03-09-1986,14.666666984558105,14.708333015441895,3690000,14.958333015441895,14.875,2.2014734745025635
04-09-1986,14.666666984558105,14.791666984558105,872400,14.875,14.791666984558105,2.1891393661499023
05-09-1986,14.125,14.708333015441895,1349400,14.75,14.208333015441895,2.1028084754943848
08-09-1986,13.666666984558105,14.0,1383600,14.166666984558105,14.0,2.071974992752075
09-09-1986,13.916666984558105,14.083333015441895,709400,14.333333015441895,14.0,2.071974992752075
10-09-1986,13.916666984558105,14.041666984558105,806600,14.125,14.083333015441895,2.0843093395233154
11-09-1986,13.0,13.916666984558105,1444200,13.958333015441895,13.416666984558105,1.9856425523757935
12-09-1986,12.875,13.416666984558105,1870200,13.416666984558105,13.333333015441895,1.9733102321624756
15-09-1986,13.208333015441895,13.208333015441895,888800,13.541666984558105,13.541666984558105,2.004143476486206
16-09-1986,13.416666984558105,13.541666984558105,771000,13.625,13.625,2.0164761543273926
17-09-1986,13.5,13.666666984558105,352400,13.75,13.708333015441895,2.0288095474243164
18-09-1986,13.458333015441895,13.666666984558105,541800,13.708333015441895,13.5,1.9979764223098755
19-09-1986,13.166666984558105,13.416666984558105,1242200,13.416666984558105,13.416666984558105,1.9856425523757935
22-09-1986,13.25,13.375,308600,13.541666984558105,13.416666984558105,1.9856425523757935
23-09-1986,13.333333015441895,13.625,283800,13.625,13.458333015441895,1.991810917854309
24-09-1986,13.416666984558105,13.416666984558105,607800,13.666666984558105,13.5,1.9979764223098755
25-09-1986,13.375,13.5,403400,13.583333015441895,13.458333015441895,1.991810917854309
26-09-1986,13.166666984558105,13.416666984558105,349400,13.458333015441895,13.416666984558105,1.9856425523757935
29-09-1986,13.125,13.25,315600,13.291666984558105,13.25,1.9609776735305786
30-09-1986,13.208333015441895,13.208333015441895,519600,13.625,13.458333015441895,1.991810917854309
01-10-1986,13.458333015441895,13.583333015441895,633000,13.75,13.583333015441895,2.0103094577789307
02-10-1986,13.458333015441895,13.458333015441895,507800,13.583333015441895,13.541666984558105,2.004143476486206
03-10-1986,13.5,13.625,539400,13.666666984558105,13.541666984558105,2.004143476486206
06-10-1986,13.333333015441895,13.458333015441895,480000,13.541666984558105,13.333333015441895,1.9733102321624756
07-10-1986,13.208333015441895,13.416666984558105,655400,13.416666984558105,13.25,1.9609776735305786
08-10-1986,13.166666984558105,13.291666984558105,456000,13.333333015441895,13.208333015441895,1.9548097848892212
09-10-1986,13.166666984558105,13.166666984558105,339600,13.333333015441895,13.208333015441895,1.9548097848892212
10-10-1986,13.041666984558105,13.125,474000,13.208333015441895,13.125,1.942476511001587
13-10-1986,13.041666984558105,13.083333015441895,1266800,13.291666984558105,13.25,1.9609776735305786
14-10-1986,13.166666984558105,13.166666984558105,472400,13.291666984558105,13.291666984558105,1.9671434164047241
15-10-1986,13.25,13.291666984558105,457800,13.666666984558105,13.666666984558105,2.022642135620117
16-10-1986,13.458333015441895,13.666666984558105,602600,13.75,13.541666984558105,2.004143476486206
17-10-1986,13.291666984558105,13.458333015441895,893600,13.458333015441895,13.458333015441895,1.991810917854309
20-10-1986,13.208333015441895,13.375,315000,13.416666984558105,13.291666984558105,1.9671434164047241
21-10-1986,13.208333015441895,13.375,647000,13.416666984558105,13.375,1.9794763326644897
22-10-1986,13.291666984558105,13.333333015441895,705200,13.416666984558105,13.333333015441895,1.9733102321624756
23-10-1986,13.291666984558105,13.375,1222800,13.5,13.5,1.9979764223098755
24-10-1986,13.291666984558105,13.416666984558105,754400,13.458333015441895,13.375,1.9794763326644897
27-10-1986,13.333333015441895,13.375,447000,13.541666984558105,13.541666984558105,2.004143476486206
28-10-1986,13.541666984558105,13.583333015441895,454200,13.708333015441895,13.666666984558105,2.022642135620117
29-10-1986,13.5,13.583333015441895,1773800,13.916666984558105,13.916666984558105,2.0596425533294678
30-10-1986,13.916666984558105,13.958333015441895,1504200,14.208333015441895,14.0,2.071974992752075
31-10-1986,13.833333015441895,13.875,346800,14.041666984558105,14.041666984558105,2.0781424045562744
03-11-1986,14.0,14.0,406400,14.25,14.25,2.1089744567871094
04-11-1986,13.791666984558105,14.208333015441895,506400,14.25,14.166666984558105,2.09664249420166
05-11-1986,14.041666984558105,14.125,619400,14.166666984558105,14.166666984558105,2.09664249420166
06-11-1986,14.083333015441895,14.166666984558105,719400,14.291666984558105,14.291666984558105,2.1151411533355713
07-11-1986,14.166666984558105,14.333333015441895,371000,14.333333015441895,14.208333015441895,2.1028084754943848
10-11-1986,14.083333015441895,14.166666984558105,435000,14.25,14.166666984558105,2.09664249420166
11-11-1986,14.083333015441895,14.125,186800,14.208333015441895,14.208333015441895,2.1028084754943848
12-11-1986,14.083333015441895,14.25,336600,14.25,14.208333015441895,2.1028084754943848
13-11-1986,14.125,14.166666984558105,286800,14.25,14.166666984558105,2.09664249420166
14-11-1986,14.125,14.25,740000,14.25,14.208333015441895,2.1028084754943848
17-11-1986,14.125,14.125,710400,14.25,14.208333015441895,2.1028084754943848
18-11-1986,13.666666984558105,14.125,1165800,14.333333015441895,13.916666984558105,2.0596425533294678
19-11-1986,13.583333015441895,13.875,485600,13.916666984558105,13.791666984558105,2.041142463684082
20-11-1986,13.708333015441895,13.75,702000,14.041666984558105,14.0,2.071974992752075
21-11-1986,14.083333015441895,14.166666984558105,1194000,14.291666984558105,14.208333015441895,2.1028084754943848
24-11-1986,14.166666984558105,14.25,646400,14.458333015441895,14.333333015441895,2.121309280395508
25-11-1986,13.791666984558105,14.291666984558105,2400800,14.333333015441895,14.25,2.1089744567871094
26-11-1986,14.083333015441895,14.208333015441895,2137800,14.25,14.125,2.090474843978882
28-11-1986,14.0,14.166666984558105,3930000,14.166666984558105,14.083333015441895,2.0843093395233154
01-12-1986,13.583333015441895,14.0,4740000,14.0,14.0,2.108912944793701
02-12-1986,13.75,13.75,4200000,14.0,14.0,2.108912944793701
03-12-1986,13.833333015441895,13.916666984558105,721800,14.125,14.083333015441895,2.1214656829833984
04-12-1986,14.0,14.083333015441895,836600,14.166666984558105,14.083333015441895,2.1214656829833984
05-12-1986,13.791666984558105,14.0,457200,14.125,13.916666984558105,2.0963597297668457
08-12-1986,13.625,13.916666984558105,650600,13.958333015441895,13.875,2.0900838375091553
09-12-1986,13.75,13.958333015441895,690200,13.958333015441895,13.791666984558105,2.0775299072265625
10-12-1986,13.666666984558105,13.833333015441895,990000,13.916666984558105,13.875,2.0900838375091553
11-12-1986,13.541666984558105,13.875,580400,13.875,13.666666984558105,2.0587007999420166
12-12-1986,13.583333015441895,13.666666984558105,385400,13.75,13.666666984558105,2.0587007999420166
15-12-1986,13.541666984558105,13.625,519800,13.708333015441895,13.708333015441895,2.0649778842926025
16-12-1986,13.583333015441895,13.791666984558105,633600,13.916666984558105,13.916666984558105,2.0963597297668457
17-12-1986,13.75,13.833333015441895,943800,14.0,13.875,2.0900838375091553
18-12-1986,13.833333015441895,13.875,671600,14.0,13.916666984558105,2.0963597297668457
19-12-1986,13.666666984558105,13.916666984558105,1175000,14.0,13.791666984558105,2.0775299072265625
22-12-1986,13.5,13.708333015441895,679400,13.791666984558105,13.708333015441895,2.0649778842926025
23-12-1986,13.5,13.791666984558105,745800,13.791666984558105,13.5,2.0335938930511475
24-12-1986,13.541666984558105,13.583333015441895,437600,13.75,13.666666984558105,2.0587007999420166
26-12-1986,13.541666984558105,13.666666984558105,140000,13.666666984558105,13.583333015441895,2.046147584915161
29-12-1986,13.541666984558105,13.625,593600,13.666666984558105,13.625,2.0524237155914307
30-12-1986,13.5,13.541666984558105,1095600,13.625,13.5,2.0335938930511475
31-12-1986,13.25,13.5,787400,13.541666984558105,13.416666984558105,2.0210423469543457
02-01-1987,13.416666984558105,13.416666984558105,661800,13.75,13.75,2.071254014968872
05-01-1987,13.833333015441895,13.833333015441895,571800,14.0,14.0,2.108912944793701
06-01-1987,13.958333015441895,14.0,884400,14.083333015441895,14.0,2.108912944793701
07-01-1987,14.0,14.0,901800,14.375,14.333333015441895,2.1591265201568604
08-01-1987,14.333333015441895,14.416666984558105,310400,14.458333015441895,14.458333015441895,2.1779539585113525
09-01-1987,14.25,14.5,378200,14.583333015441895,14.5,2.184230089187622
12-01-1987,14.458333015441895,14.5,389000,14.791666984558105,14.75,2.221891164779663
13-01-1987,14.375,14.666666984558105,395600,14.666666984558105,14.416666984558105,2.171677827835083
14-01-1987,14.208333015441895,14.458333015441895,830600,14.5,14.333333015441895,2.1591265201568604
15-01-1987,14.166666984558105,14.375,431600,14.375,14.333333015441895,2.1591265201568604
16-01-1987,14.166666984558105,14.333333015441895,1010600,14.416666984558105,14.166666984558105,2.1340208053588867
19-01-1987,14.083333015441895,14.125,1001400,14.541666984558105,14.458333015441895,2.1779539585113525
20-01-1987,14.375,14.5,635000,14.625,14.583333015441895,2.196784257888794
21-01-1987,14.333333015441895,14.666666984558105,1186400,14.791666984558105,14.416666984558105,2.171677827835083
22-01-1987,14.458333015441895,14.5,476400,14.833333015441895,14.75,2.221891164779663
23-01-1987,14.166666984558105,14.791666984558105,971600,15.291666984558105,14.5,2.184230089187622
26-01-1987,14.416666984558105,14.5,354600,14.875,14.833333015441895,2.234442949295044
27-01-1987,14.541666984558105,14.75,750000,14.833333015441895,14.708333015441895,2.215613842010498
28-01-1987,14.333333015441895,14.75,1594400,14.75,14.541666984558105,2.1905078887939453
29-01-1987,14.166666984558105,14.625,2520200,14.666666984558105,14.416666984558105,2.171677827835083
30-01-1987,14.208333015441895,14.458333015441895,756000,14.458333015441895,14.291666984558105,2.1528494358062744
02-02-1987,14.166666984558105,14.291666984558105,964400,14.416666984558105,14.291666984558105,2.1528494358062744
03-02-1987,14.291666984558105,14.291666984558105,700200,14.458333015441895,14.375,2.1654016971588135
04-02-1987,14.333333015441895,14.333333015441895,454200,14.458333015441895,14.416666984558105,2.171677827835083
05-02-1987,14.041666984558105,14.333333015441895,821600,14.375,14.25,2.1465721130371094
06-02-1987,13.75,14.25,825800,14.291666984558105,13.958333015441895,2.102635622024536
09-02-1987,13.708333015441895,14.0,754200,14.0,13.833333015441895,2.0838072299957275
10-02-1987,13.625,13.833333015441895,639000,13.916666984558105,13.791666984558105,2.0775299072265625
11-02-1987,13.666666984558105,13.708333015441895,1799000,13.916666984558105,13.916666984558105,2.0963597297668457
12-02-1987,13.541666984558105,13.875,1011000,13.958333015441895,13.625,2.0524237155914307
13-02-1987,13.416666984558105,13.541666984558105,1528200,13.958333015441895,13.75,2.071254014968872
17-02-1987,13.666666984558105,13.791666984558105,861000,14.041666984558105,13.666666984558105,2.0587007999420166
18-02-1987,13.541666984558105,13.666666984558105,868200,13.875,13.791666984558105,2.0775299072265625
19-02-1987,13.833333015441895,13.875,798000,14.041666984558105,13.916666984558105,2.0963597297668457
20-02-1987,13.916666984558105,13.958333015441895,430200,14.0,13.958333015441895,2.102635622024536
23-02-1987,13.666666984558105,13.916666984558105,881400,14.0,13.916666984558105,2.0963597297668457
24-02-1987,13.958333015441895,14.0,405200,14.083333015441895,14.083333015441895,2.1214656829833984
25-02-1987,13.916666984558105,14.083333015441895,821000,14.208333015441895,14.0,2.108912944793701
26-02-1987,13.875,14.041666984558105,411600,14.041666984558105,13.916666984558105,2.0963597297668457
27-02-1987,13.875,14.0,1934400,14.041666984558105,13.916666984558105,2.0963597297668457
02-03-1987,13.375,13.708333015441895,1559400,13.833333015441895,13.708333015441895,2.1022393703460693
03-03-1987,13.416666984558105,13.416666984558105,1114200,13.625,13.5,2.0702896118164062
04-03-1987,13.5,13.583333015441895,963800,13.75,13.708333015441895,2.1022393703460693
05-03-1987,13.5,13.625,994400,13.875,13.875,2.1277987957000732
06-03-1987,13.75,13.958333015441895,585000,13.958333015441895,13.833333015441895,2.1214091777801514
09-03-1987,13.708333015441895,13.791666984558105,405800,13.833333015441895,13.833333015441895,2.1214091777801514
10-03-1987,13.75,13.791666984558105,388200,13.875,13.791666984558105,2.1150176525115967
11-03-1987,13.708333015441895,13.833333015441895,465200,13.875,13.75,2.108628749847412
12-03-1987,13.666666984558105,13.75,728600,13.875,13.791666984558105,2.1150176525115967
13-03-1987,13.75,13.791666984558105,251000,13.875,13.75,2.108628749847412
16-03-1987,13.583333015441895,13.75,461400,13.75,13.666666984558105,2.095848798751831
17-03-1987,13.625,13.666666984558105,474200,14.083333015441895,13.791666984558105,2.1150176525115967
18-03-1987,13.375,13.875,411600,13.875,13.5,2.0702896118164062
19-03-1987,13.208333015441895,13.416666984558105,362400,13.5,13.458333015441895,2.06390118598938
20-03-1987,13.25,13.25,645800,13.75,13.708333015441895,2.1022393703460693
23-03-1987,13.583333015441895,13.75,629000,13.791666984558105,13.791666984558105,2.1150176525115967
24-03-1987,13.541666984558105,13.708333015441895,415400,13.708333015441895,13.541666984558105,2.0766799449920654
25-03-1987,13.541666984558105,13.666666984558105,414600,13.833333015441895,13.791666984558105,2.1150176525115967
26-03-1987,13.708333015441895,13.708333015441895,582000,13.958333015441895,13.875,2.1277987957000732
27-03-1987,13.625,13.833333015441895,1266800,13.833333015441895,13.666666984558105,2.095848798751831
30-03-1987,13.0,13.0,1772400,13.333333015441895,13.166666984558105,2.019172430038452
31-03-1987,12.916666984558105,13.166666984558105,1225200,13.333333015441895,13.083333015441895,2.00639271736145
01-04-1987,12.791666984558105,12.833333015441895,790800,13.125,13.083333015441895,2.00639271736145
02-04-1987,12.833333015441895,13.083333015441895,512000,13.208333015441895,13.041666984558105,2.000002861022949
03-04-1987,13.041666984558105,13.041666984558105,539000,13.291666984558105,13.208333015441895,2.0255613327026367
06-04-1987,12.916666984558105,13.166666984558105,642000,13.333333015441895,13.166666984558105,2.019172430038452
07-04-1987,12.916666984558105,13.125,644400,13.166666984558105,12.958333015441895,1.9872230291366577
08-04-1987,12.75,12.958333015441895,836000,13.041666984558105,12.75,1.9552745819091797
09-04-1987,12.375,12.75,921600,12.791666984558105,12.583333015441895,1.929715871810913
10-04-1987,12.25,12.5,859200,12.541666984558105,12.458333015441895,1.910544753074646
13-04-1987,12.375,12.416666984558105,1096200,12.583333015441895,12.458333015441895,1.910544753074646
14-04-1987,12.0,12.333333015441895,1129800,12.333333015441895,12.166666984558105,1.8658158779144287
15-04-1987,12.166666984558105,12.166666984558105,1093200,12.541666984558105,12.416666984558105,1.9041569232940674
16-04-1987,12.458333015441895,12.541666984558105,578600,12.875,12.583333015441895,1.929715871810913
20-04-1987,12.375,12.666666984558105,413000,12.791666984558105,12.583333015441895,1.929715871810913
21-04-1987,12.333333015441895,12.5,714000,13.25,13.125,2.012782096862793
22-04-1987,12.541666984558105,13.0,1015200,13.083333015441895,12.541666984558105,1.9233253002166748
23-04-1987,12.541666984558105,12.625,744000,12.75,12.75,1.9552745819091797
24-04-1987,12.291666984558105,12.666666984558105,1467000,12.708333015441895,12.416666984558105,1.9041569232940674
27-04-1987,12.166666984558105,12.416666984558105,706200,12.583333015441895,12.333333015441895,1.8913764953613281
28-04-1987,12.208333015441895,12.333333015441895,764400,12.541666984558105,12.5,1.9169340133666992
29-04-1987,12.583333015441895,12.666666984558105,1257800,12.833333015441895,12.708333015441895,1.94888436794281
30-04-1987,12.666666984558105,12.833333015441895,263000,12.833333015441895,12.833333015441895,1.9680546522140503
01-05-1987,12.5,12.833333015441895,352200,12.833333015441895,12.625,1.9361059665679932
04-05-1987,12.333333015441895,12.708333015441895,1131600,12.791666984558105,12.583333015441895,1.929715871810913
05-05-1987,12.583333015441895,12.666666984558105,1113200,12.916666984558105,12.875,1.9744430780410767
06-05-1987,12.583333015441895,12.875,521000,12.958333015441895,12.875,1.9744430780410767
07-05-1987,12.583333015441895,12.75,816000,12.916666984558105,12.791666984558105,1.9616628885269165
08-05-1987,12.666666984558105,12.875,1043600,12.958333015441895,12.75,1.9552745819091797
11-05-1987,12.333333015441895,12.833333015441895,788000,13.166666984558105,12.333333015441895,1.8913764953613281
12-05-1987,12.375,12.5,296400,12.666666984558105,12.5,1.9169340133666992
13-05-1987,12.416666984558105,12.625,354600,12.625,12.583333015441895,1.929715871810913
14-05-1987,12.541666984558105,12.75,555200,12.791666984558105,12.708333015441895,1.94888436794281
15-05-1987,12.25,12.5,707400,12.583333015441895,12.333333015441895,1.8913764953613281
18-05-1987,12.083333015441895,12.333333015441895,673400,12.416666984558105,12.333333015441895,1.8913764953613281
19-05-1987,11.708333015441895,12.333333015441895,592400,12.416666984558105,11.708333015441895,1.795528531074524
20-05-1987,11.75,11.791666984558105,690000,12.25,11.958333015441895,1.8338686227798462
21-05-1987,12.125,12.125,582000,12.291666984558105,12.166666984558105,1.8658158779144287
22-05-1987,12.208333015441895,12.291666984558105,978600,12.5,12.458333015441895,1.910544753074646
26-05-1987,12.5,12.5,684000,12.875,12.833333015441895,1.9680546522140503
27-05-1987,12.708333015441895,12.833333015441895,553800,12.833333015441895,12.75,1.9552745819091797
28-05-1987,12.625,12.833333015441895,746400,12.916666984558105,12.875,1.9744430780410767
29-05-1987,12.791666984558105,12.916666984558105,432600,12.958333015441895,12.875,1.9744430780410767
01-06-1987,12.375,12.416666984558105,1112400,12.666666984558105,12.416666984558105,1.9418625831604004
02-06-1987,12.25,12.458333015441895,1227000,12.583333015441895,12.416666984558105,1.9418625831604004
03-06-1987,12.375,12.375,500000,12.708333015441895,12.666666984558105,1.980960726737976
04-06-1987,12.541666984558105,12.583333015441895,195000,12.75,12.75,1.9939919710159302
05-06-1987,12.458333015441895,12.75,322200,12.75,12.5,1.9548944234848022
08-06-1987,12.375,12.416666984558105,301200,12.75,12.75,1.9939919710159302
09-06-1987,12.666666984558105,12.708333015441895,219000,12.75,12.75,1.9939919710159302
10-06-1987,12.708333015441895,12.708333015441895,855000,12.958333015441895,12.875,2.0135414600372314
11-06-1987,12.791666984558105,12.916666984558105,255800,12.916666984558105,12.875,2.0135414600372314
12-06-1987,12.958333015441895,12.958333015441895,600600,13.25,13.166666984558105,2.0591554641723633
15-06-1987,12.916666984558105,13.166666984558105,728000,13.166666984558105,13.125,2.052638292312622
16-06-1987,12.958333015441895,13.083333015441895,286400,13.125,13.125,2.052638292312622
17-06-1987,12.958333015441895,13.166666984558105,312600,13.166666984558105,13.083333015441895,2.0461227893829346
18-06-1987,12.958333015441895,13.125,351000,13.166666984558105,13.125,2.052638292312622
19-06-1987,12.958333015441895,13.125,737000,13.125,13.125,2.052638292312622
22-06-1987,13.0,13.125,435600,13.166666984558105,13.125,2.052638292312622
23-06-1987,12.916666984558105,13.125,1541000,13.125,12.916666984558105,2.0200581550598145
24-06-1987,12.75,12.916666984558105,270200,12.958333015441895,12.875,2.0135414600372314
25-06-1987,12.833333015441895,12.875,906800,12.958333015441895,12.958333015441895,2.026573419570923
26-06-1987,12.75,12.875,216000,12.916666984558105,12.833333015441895,2.0070252418518066
29-06-1987,12.666666984558105,12.75,767000,12.833333015441895,12.833333015441895,2.0070252418518066
30-06-1987,12.541666984558105,12.833333015441895,409800,12.833333015441895,12.666666984558105,1.980960726737976
01-07-1987,12.583333015441895,12.75,327800,12.75,12.625,1.9744443893432617
02-07-1987,12.583333015441895,12.625,561800,12.708333015441895,12.666666984558105,1.980960726737976
06-07-1987,12.541666984558105,12.708333015441895,518600,12.75,12.583333015441895,1.96792733669281
07-07-1987,12.583333015441895,12.583333015441895,1181000,12.666666984558105,12.625,1.9744443893432617
08-07-1987,12.25,12.625,420200,12.625,12.5,1.9548944234848022
09-07-1987,12.375,12.375,542000,12.541666984558105,12.375,1.9353444576263428
10-07-1987,12.333333015441895,12.375,363800,12.666666984558105,12.666666984558105,1.980960726737976
13-07-1987,12.458333015441895,12.625,300200,12.625,12.583333015441895,1.96792733669281
14-07-1987,12.5,12.583333015441895,258000,12.666666984558105,12.583333015441895,1.96792733669281
15-07-1987,12.416666984558105,12.416666984558105,466400,12.541666984558105,12.458333015441895,1.9483784437179565
16-07-1987,12.416666984558105,12.458333015441895,381800,12.5,12.416666984558105,1.9418625831604004
17-07-1987,12.416666984558105,12.416666984558105,392000,12.541666984558105,12.5,1.9548944234848022
20-07-1987,12.375,12.375,135200,12.458333015441895,12.416666984558105,1.9418625831604004
21-07-1987,12.375,12.5,384200,12.625,12.458333015441895,1.9483784437179565
22-07-1987,12.333333015441895,12.458333015441895,234000,12.5,12.333333015441895,1.9288299083709717
23-07-1987,12.291666984558105,12.458333015441895,332400,12.5,12.375,1.9353444576263428
24-07-1987,12.25,12.375,881000,12.416666984558105,12.333333015441895,1.9288299083709717
27-07-1987,12.1875,12.4375,169400,12.5,12.4375,1.945119857788086
28-07-1987,12.25,12.4375,500800,12.4375,12.375,1.9353444576263428
29-07-1987,12.1875,12.3125,356000,12.3125,12.3125,1.9255707263946533
30-07-1987,12.1875,12.25,1401200,12.375,12.25,1.9157967567443848
31-07-1987,12.125,12.25,373600,12.25,12.1875,1.9060231447219849
03-08-1987,12.0,12.0625,639400,12.1875,12.0,1.876698613166809
04-08-1987,11.9375,12.0,706800,12.125,12.0,1.876698613166809
05-08-1987,12.0,12.0625,380200,12.25,12.1875,1.9060231447219849
06-08-1987,12.125,12.25,518600,12.4375,12.4375,1.945119857788086
07-08-1987,12.25,12.3125,301200,12.5,12.5,1.9548944234848022
10-08-1987,12.375,12.5,1185000,13.0,13.0,2.033090829849243
11-08-1987,13.0,13.125,728000,13.25,13.1875,2.062413454055786
12-08-1987,13.0625,13.25,715400,13.25,13.1875,2.062413454055786
13-08-1987,13.125,13.1875,972000,13.625,13.625,2.1308350563049316
14-08-1987,13.25,13.3125,1233000,13.625,13.4375,2.1015102863311768
17-08-1987,13.1875,13.375,804800,13.4375,13.3125,2.081963062286377
18-08-1987,12.9375,13.3125,1089600,13.3125,13.0625,2.0428647994995117
19-08-1987,12.8125,12.9375,465400,13.125,13.125,2.052638292312622
20-08-1987,13.0,13.125,551600,13.25,13.1875,2.062413454055786
21-08-1987,13.0,13.1875,478000,13.1875,13.125,2.052638292312622
24-08-1987,12.8125,13.0,310200,13.0625,13.0,2.033090829849243
25-08-1987,12.9375,13.125,396400,13.125,13.125,2.052638292312622
26-08-1987,12.875,13.0,1398600,13.125,13.0,2.033090829849243
27-08-1987,12.875,13.0625,827400,13.0625,12.9375,2.0233163833618164
28-08-1987,12.5625,12.9375,1040200,12.9375,12.625,1.9744443893432617
31-08-1987,12.3125,12.625,15818000,12.8125,12.8125,2.0037667751312256
01-09-1987,12.25,12.25,2260000,12.5625,12.25,1.9539227485656738
02-09-1987,12.1875,12.3125,1473600,12.8125,12.375,1.973859190940857
03-09-1987,12.3125,12.375,624200,12.5625,12.5,1.9937970638275146
04-09-1987,12.375,12.4375,926000,12.5625,12.4375,1.9838290214538574
08-09-1987,12.0625,12.375,626600,12.4375,12.3125,1.963890552520752
09-09-1987,12.1875,12.3125,665600,12.375,12.25,1.9539227485656738
10-09-1987,12.0625,12.3125,365800,12.375,12.125,1.9339827299118042
11-09-1987,12.125,12.1875,208400,12.3125,12.3125,1.963890552520752
14-09-1987,12.0,12.4375,336000,12.4375,12.3125,1.963890552520752
15-09-1987,11.875,12.125,608000,12.1875,12.0,1.9140459299087524
16-09-1987,11.75,11.75,671200,12.1875,12.0,1.9140459299087524
17-09-1987,11.75,12.0,391600,12.0,11.9375,1.9040776491165161
18-09-1987,11.875,11.9375,684600,12.0,12.0,1.9140459299087524
21-09-1987,11.875,12.0,447800,12.0625,11.875,1.8941081762313843
22-09-1987,11.9375,12.0,643600,12.125,12.125,1.9339827299118042
23-09-1987,12.0625,12.125,506800,12.3125,12.25,1.9539227485656738
24-09-1987,12.125,12.25,630400,12.3125,12.125,1.9339827299118042
25-09-1987,12.0,12.125,664400,12.25,12.125,1.9339827299118042
28-09-1987,12.0,12.25,1394200,12.3125,12.0625,1.9240151643753052
29-09-1987,12.3125,12.3125,1565000,12.375,12.3125,1.963890552520752
30-09-1987,12.1875,12.1875,1330800,12.4375,12.375,1.973859190940857
01-10-1987,12.3125,12.4375,439800,12.75,12.6875,2.023705005645752
02-10-1987,12.5,12.5625,1269000,12.8125,12.75,2.0336740016937256
05-10-1987,12.5625,12.6875,578400,12.6875,12.6875,2.023705005645752
06-10-1987,12.5,12.5625,576400,12.6875,12.5625,2.0037667751312256
07-10-1987,12.5,12.5,606800,12.75,12.6875,2.023705005645752
08-10-1987,12.5625,12.625,586800,12.8125,12.75,2.0336740016937256
09-10-1987,12.75,12.75,770600,12.875,12.8125,2.0436434745788574
12-10-1987,12.6875,12.75,358000,12.8125,12.6875,2.023705005645752
13-10-1987,12.75,12.8125,2540000,13.1875,13.125,2.0934879779815674
14-10-1987,12.8125,12.9375,1500000,13.375,13.0,2.0735504627227783
15-10-1987,12.5,12.625,691400,13.0,12.6875,2.023705005645752
16-10-1987,12.0625,12.625,867600,12.6875,12.0625,1.9240151643753052
19-10-1987,10.0,11.8125,1770000,11.8125,10.1875,1.6249451637268066
20-10-1987,10.5,12.0,1860400,12.25,11.0,1.7545411586761475
21-10-1987,11.25,11.25,1230000,12.9375,12.1875,1.943953037261963
22-10-1987,11.5,11.625,1076600,12.375,11.9375,1.9040776491165161
23-10-1987,11.75,11.875,1900800,12.25,11.9375,1.9040776491165161
26-10-1987,11.5,11.8125,502600,11.875,11.5625,1.8442624807357788
27-10-1987,11.5625,11.5625,499400,12.0,11.75,1.8741693496704102
28-10-1987,11.5625,11.5625,372000,12.125,11.625,1.8542320728302002
29-10-1987,11.6875,11.75,562800,11.875,11.75,1.8741693496704102
30-10-1987,11.5,11.75,1044400,12.4375,11.75,1.8741693496704102
02-11-1987,11.8125,11.9375,927200,12.0,11.875,1.8941081762313843
03-11-1987,11.625,11.75,623400,12.0,12.0,1.9140459299087524
04-11-1987,11.75,11.875,512200,12.125,12.0625,1.9240151643753052
05-11-1987,11.875,12.0625,701000,12.5625,12.4375,1.9838290214538574
06-11-1987,12.375,12.5625,558600,12.8125,12.6875,2.023705005645752
09-11-1987,12.3125,12.375,513800,12.5,12.3125,1.963890552520752
10-11-1987,12.0625,12.25,448000,12.4375,12.25,1.9539227485656738
11-11-1987,12.3125,12.4375,346000,12.4375,12.375,1.973859190940857
12-11-1987,12.25,12.4375,278000,12.625,12.3125,1.963890552520752
13-11-1987,12.0625,12.25,443400,12.3125,12.125,1.9339827299118042
16-11-1987,12.0,12.375,255800,12.375,12.125,1.9339827299118042
17-11-1987,12.0,12.25,788800,12.25,12.125,1.9339827299118042
18-11-1987,12.0,12.1875,488000,12.5,12.4375,1.9838290214538574
19-11-1987,11.9375,12.4375,451800,12.4375,12.1875,1.943953037261963
20-11-1987,11.875,12.0625,662800,12.25,12.1875,1.943953037261963
23-11-1987,12.0625,12.25,252000,12.25,12.125,1.9339827299118042
24-11-1987,12.1875,12.1875,4289000,12.375,12.1875,1.943953037261963
25-11-1987,11.875,12.125,938200,12.25,12.0625,1.9240151643753052
27-11-1987,11.9375,12.0625,439800,12.125,12.0625,1.9240151643753052
30-11-1987,11.375,11.9375,7617200,11.9375,11.6875,1.864200472831726
01-12-1987,11.3125,11.4375,695000,11.5625,11.375,1.8540141582489014
02-12-1987,11.25,11.375,2202800,11.4375,11.375,1.8540141582489014
03-12-1987,11.0625,11.4375,1391000,11.4375,11.25,1.8336403369903564
04-12-1987,11.0,11.125,971400,11.3125,11.25,1.8336403369903564
07-12-1987,11.25,11.375,271000,11.4375,11.375,1.8540141582489014
08-12-1987,11.3125,11.375,366800,11.4375,11.4375,1.8642009496688843
09-12-1987,11.1875,11.375,471200,11.4375,11.3125,1.843827724456787
10-12-1987,10.875,10.9375,387400,11.25,11.1875,1.8234531879425049
11-12-1987,11.0,11.0625,427200,11.1875,11.1875,1.8234531879425049
14-12-1987,11.0625,11.0625,367400,11.375,11.3125,1.843827724456787
15-12-1987,11.25,11.5,392600,11.625,11.4375,1.8642009496688843
16-12-1987,10.9375,11.4375,1262000,11.5,11.1875,1.8234531879425049
17-12-1987,11.0,11.3125,1131200,11.3125,11.0,1.792892575263977
18-12-1987,11.1875,11.4375,1225600,11.625,11.625,1.894761562347412
21-12-1987,11.25,11.5,1097400,11.6875,11.3125,1.843827724456787
22-12-1987,11.125,11.25,977600,11.6875,11.3125,1.843827724456787
23-12-1987,11.375,11.375,843400,11.6875,11.6875,1.904947280883789
24-12-1987,11.75,11.8125,421800,12.0,11.875,1.9355090856552124
28-12-1987,11.625,11.9375,834800,11.9375,11.8125,1.9253225326538086
29-12-1987,11.6875,11.8125,264400,11.875,11.75,1.9151346683502197
30-12-1987,11.8125,11.8125,334000,11.9375,11.875,1.9355090856552124
31-12-1987,11.8125,11.875,974200,12.0,11.9375,1.9456958770751953
04-01-1988,11.9375,11.9375,631800,12.375,12.3125,2.006817579269409
05-01-1988,12.3125,12.5625,534400,12.5625,12.4375,2.027190685272217
06-01-1988,12.125,12.375,295000,12.4375,12.375,2.0170035362243652
07-01-1988,12.1875,12.375,501400,12.625,12.5625,2.047565221786499
08-01-1988,12.0,12.4375,633600,12.5,12.125,1.976254940032959
11-01-1988,12.125,12.25,585200,12.3125,12.25,1.996631383895874
12-01-1988,11.875,12.375,413200,12.375,12.0625,1.9660704135894775
13-01-1988,11.75,12.0625,315400,12.1875,11.9375,1.9456958770751953
14-01-1988,11.8125,12.0625,216400,12.0625,11.875,1.9355090856552124
15-01-1988,11.9375,12.125,1048400,12.1875,12.0625,1.9660704135894775
18-01-1988,11.9375,12.0625,217000,12.125,12.0625,1.9660704135894775
19-01-1988,11.875,12.0625,689200,12.25,12.0,1.9558827877044678
20-01-1988,11.9375,12.125,900400,12.125,12.0,1.9558827877044678
21-01-1988,12.0,12.125,326800,12.125,12.0,1.9558827877044678
22-01-1988,12.0,12.0,562600,12.4375,12.4375,2.027190685272217
25-01-1988,12.375,12.5,725200,12.6875,12.5625,2.047565221786499
26-01-1988,12.375,12.5,410800,12.625,12.4375,2.027190685272217
27-01-1988,12.375,12.5625,500600,12.6875,12.5625,2.047565221786499
28-01-1988,12.5,12.625,498200,12.8125,12.8125,2.088313341140747
29-01-1988,12.6875,12.75,2060000,13.4375,13.4375,2.1901798248291016
01-02-1988,13.125,13.4375,1118800,13.4375,13.25,2.159621000289917
02-02-1988,12.875,13.1875,646200,13.1875,13.0625,2.129060983657837
03-02-1988,12.6875,12.9375,788600,13.0625,12.9375,2.1086862087249756
04-02-1988,12.75,12.8125,263400,13.0,12.875,2.098499059677124
05-02-1988,12.875,13.0,198000,13.125,12.875,2.098499059677124
08-02-1988,12.75,12.875,142000,12.9375,12.9375,2.1086862087249756
09-02-1988,12.75,12.875,602200,13.0,13.0,2.118873119354248
10-02-1988,12.8125,13.0625,951600,13.125,12.9375,2.1086862087249756
11-02-1988,12.75,12.9375,612600,12.9375,12.75,2.078125238418579
12-02-1988,12.375,12.8125,561000,12.875,12.5625,2.047565221786499
16-02-1988,12.0625,12.5,773600,12.5,12.25,1.996631383895874
17-02-1988,12.25,12.3125,751200,12.5,12.375,2.0170035362243652
18-02-1988,12.1875,12.375,262800,12.375,12.3125,2.006817579269409
19-02-1988,12.125,12.3125,648400,12.4375,12.4375,2.027190685272217
22-02-1988,12.3125,12.4375,998600,12.75,12.6875,2.0679383277893066
23-02-1988,12.25,12.5,1140000,12.5625,12.4375,2.027190685272217
24-02-1988,12.25,12.375,610800,12.4375,12.3125,2.006817579269409
25-02-1988,12.0625,12.375,732800,12.4375,12.25,1.996631383895874
26-02-1988,12.0625,12.25,215400,12.25,12.1875,1.9864442348480225
29-02-1988,12.1875,12.1875,80302600,12.3125,12.3125,2.006817579269409
01-03-1988,11.875,12.0625,9583400,12.25,12.125,2.017214298248291
02-03-1988,12.0625,12.0625,2180000,12.3125,12.1875,2.0276126861572266
03-03-1988,12.125,12.1875,1077000,12.375,12.375,2.058807134628296
04-03-1988,12.25,12.25,324400,12.375,12.375,2.058807134628296
07-03-1988,12.0625,12.25,472200,12.3125,12.1875,2.0276126861572266
08-03-1988,12.0,12.25,504200,12.25,12.0,1.9964195489883423
09-03-1988,11.75,12.0,615400,12.0,11.8125,1.9652254581451416
10-03-1988,11.375,11.8125,741200,11.8125,11.5,1.9132351875305176
11-03-1988,11.5,11.5,414600,11.8125,11.8125,1.9652254581451416
14-03-1988,11.75,11.8125,460000,12.0,11.9375,1.9860213994979858
15-03-1988,11.875,11.875,763400,12.0625,12.0625,2.006817579269409
16-03-1988,11.9375,12.0625,276600,12.0625,12.0,1.9964195489883423
17-03-1988,11.9375,12.125,670600,12.1875,12.0625,2.006817579269409
18-03-1988,12.0625,12.125,789600,12.1875,12.125,2.017214298248291
21-03-1988,11.625,12.0625,423000,12.0625,11.75,1.954827904701233
22-03-1988,11.625,11.8125,178200,11.8125,11.75,1.954827904701233
23-03-1988,11.625,11.8125,772800,11.8125,11.625,1.9340318441390991
24-03-1988,11.5625,11.625,856200,11.6875,11.5625,1.9236326217651367
25-03-1988,11.5625,11.625,407600,11.625,11.625,1.9340318441390991
28-03-1988,11.5,11.5625,353800,11.6875,11.625,1.9340318441390991
29-03-1988,11.625,11.625,596000,11.75,11.6875,1.9444286823272705
30-03-1988,11.6875,11.6875,335400,11.75,11.6875,1.9444286823272705
31-03-1988,11.625,11.6875,307400,11.75,11.625,1.9340318441390991
04-04-1988,11.5,11.5625,609200,11.625,11.5625,1.9236326217651367
05-04-1988,11.5625,11.5625,471000,11.6875,11.6875,1.9444286823272705
06-04-1988,11.5625,11.625,678800,11.8125,11.75,1.954827904701233
07-04-1988,11.6875,11.8125,693200,11.875,11.8125,1.9652254581451416
08-04-1988,11.75,11.8125,554000,12.0,11.9375,1.9860213994979858
11-04-1988,11.8125,11.8125,594800,11.9375,11.875,1.975622534751892
12-04-1988,11.75,11.8125,460000,11.9375,11.9375,1.9860213994979858
13-04-1988,11.75,11.875,403200,11.9375,11.8125,1.9652254581451416
14-04-1988,11.375,11.5625,593200,11.75,11.375,1.892438530921936
15-04-1988,11.0625,11.375,1816600,11.375,11.25,1.8716427087783813
18-04-1988,11.1875,11.25,427600,11.375,11.1875,1.8612451553344727
19-04-1988,11.0,11.25,687000,11.3125,11.0,1.8300514221191406
20-04-1988,11.0,11.125,2000000,11.3125,11.125,1.850846290588379
21-04-1988,11.1875,11.1875,410800,11.375,11.3125,1.8820407390594482
22-04-1988,11.25,11.3125,584400,12.0,11.625,1.9340318441390991
25-04-1988,11.3125,11.5625,281200,11.6875,11.375,1.892438530921936
26-04-1988,11.25,11.25,451400,11.4375,11.3125,1.8820407390594482
27-04-1988,11.375,11.5,401000,11.625,11.4375,1.9028371572494507
28-04-1988,11.3125,11.4375,329000,11.4375,11.3125,1.8820407390594482
29-04-1988,11.25,11.375,384000,11.4375,11.375,1.892438530921936
02-05-1988,11.25,11.4375,494600,11.5,11.5,1.9132351875305176
03-05-1988,11.4375,11.4375,508400,11.625,11.5625,1.9236326217651367
04-05-1988,11.3125,11.625,344400,11.625,11.4375,1.9028371572494507
05-05-1988,11.125,11.375,798600,11.4375,11.3125,1.8820407390594482
06-05-1988,11.25,11.4375,968000,11.5625,11.375,1.892438530921936
09-05-1988,11.1875,11.3125,303200,11.3125,11.25,1.8716427087783813
10-05-1988,11.1875,11.25,323400,11.3125,11.1875,1.8612451553344727
11-05-1988,11.125,11.1875,327800,11.25,11.1875,1.8612451553344727
12-05-1988,11.1875,11.1875,338200,11.3125,11.1875,1.8612451553344727
13-05-1988,11.1875,11.25,473000,11.3125,11.25,1.8716427087783813
16-05-1988,11.25,11.3125,494000,11.375,11.375,1.892438530921936
17-05-1988,11.125,11.375,501800,11.5,11.125,1.850846290588379
18-05-1988,11.0,11.1875,490600,11.25,11.125,1.850846290588379
19-05-1988,11.125,11.1875,497600,11.25,11.25,1.8716427087783813
20-05-1988,11.125,11.1875,545200,11.375,11.375,1.892438530921936
23-05-1988,11.25,11.4375,253400,11.5,11.375,1.892438530921936
24-05-1988,11.3125,11.375,353800,11.4375,11.4375,1.9028371572494507
25-05-1988,11.3125,11.375,332200,11.5,11.3125,1.8820407390594482
26-05-1988,11.25,11.25,487600,11.4375,11.3125,1.8820407390594482
27-05-1988,11.3125,11.3125,1223400,11.5,11.5,1.9132351875305176
31-05-1988,11.4375,11.5,73533000,11.9375,11.9375,1.9860213994979858
01-06-1988,11.75,11.75,14021400,11.9375,11.9375,2.028502941131592
02-06-1988,11.75,11.75,2360000,11.9375,11.9375,2.028502941131592
03-06-1988,11.875,11.875,664000,12.125,12.0625,2.049744129180908
06-06-1988,12.0,12.0625,1496200,12.125,12.0,2.03912353515625
07-06-1988,11.75,12.0,870600,12.0,11.8125,2.0072622299194336
08-06-1988,11.8125,11.8125,756400,12.0625,12.0,2.03912353515625
09-06-1988,11.875,11.875,810600,12.125,11.9375,2.028502941131592
10-06-1988,11.9375,12.0,446000,12.0625,12.0625,2.049744129180908
13-06-1988,11.875,11.9375,1591000,12.125,12.0625,2.049744129180908
14-06-1988,12.0,12.25,778200,12.4375,12.1875,2.070984363555908
15-06-1988,12.125,12.125,900200,12.3125,12.3125,2.092226028442383
16-06-1988,11.875,12.25,313000,12.25,12.0,2.03912353515625
17-06-1988,12.0,12.1875,1242600,12.1875,12.125,2.060363531112671
20-06-1988,11.9375,12.0625,295000,12.125,12.0,2.03912353515625
21-06-1988,12.0,12.0,385400,12.1875,12.1875,2.070984363555908
22-06-1988,12.1875,12.4375,802600,12.5,12.375,2.1028459072113037
23-06-1988,12.25,12.4375,145400,12.4375,12.375,2.1028459072113037
24-06-1988,12.1875,12.375,355600,12.375,12.25,2.081605911254883
27-06-1988,11.8125,12.3125,492000,12.3125,12.0,2.03912353515625
28-06-1988,12.0,12.125,1095200,12.1875,12.1875,2.070984363555908
29-06-1988,11.9375,12.1875,465000,12.1875,12.125,2.060363531112671
30-06-1988,12.0625,12.0625,351400,12.3125,12.25,2.081605911254883
01-07-1988,12.0625,12.375,537600,12.375,12.25,2.081605911254883
05-07-1988,12.0625,12.125,593600,12.375,12.375,2.1028459072113037
06-07-1988,11.75,12.3125,615400,12.375,11.75,1.9966422319412231
07-07-1988,11.8125,11.875,557200,12.125,12.0625,2.049744129180908
08-07-1988,11.75,11.9375,445400,12.125,11.75,1.9966422319412231
11-07-1988,11.625,11.75,469600,11.875,11.6875,1.9860206842422485
12-07-1988,11.25,11.6875,776400,11.75,11.4375,1.9435396194458008
13-07-1988,11.375,11.4375,1346600,11.6875,11.6875,1.9860206842422485
14-07-1988,11.5,11.625,350200,11.6875,11.625,1.975401520729065
15-07-1988,11.4375,11.5625,617800,11.6875,11.5625,1.9647799730300903
18-07-1988,11.1875,11.5625,353600,11.5625,11.3125,1.9222981929779053
19-07-1988,11.375,11.4375,380200,11.5,11.5,1.9541599750518799
20-07-1988,11.5625,11.625,298000,11.6875,11.6875,1.9860206842422485
21-07-1988,11.375,11.625,610200,11.625,11.4375,1.9435396194458008
22-07-1988,11.25,11.5,527600,11.5,11.3125,1.9222981929779053
25-07-1988,11.3125,11.3125,354800,11.4375,11.4375,1.9435396194458008
26-07-1988,11.375,11.375,502000,11.6875,11.6875,1.9860206842422485
27-07-1988,11.5,11.625,287600,11.6875,11.5625,1.9647799730300903
28-07-1988,11.4375,11.5625,229000,11.625,11.5625,1.9647799730300903
29-07-1988,11.5,11.5625,387000,11.875,11.8125,2.0072622299194336
01-08-1988,11.6875,11.6875,226600,11.8125,11.8125,2.0072622299194336
02-08-1988,11.6875,12.0,321800,12.0,11.75,1.9966422319412231
03-08-1988,11.625,11.6875,329800,11.875,11.8125,2.0072622299194336
04-08-1988,11.6875,11.875,212200,11.875,11.75,1.9966422319412231
05-08-1988,11.625,11.625,144800,11.75,11.6875,1.9860206842422485
08-08-1988,11.5625,11.6875,242400,11.75,11.5625,1.9647799730300903
09-08-1988,11.1875,11.625,930600,11.625,11.4375,1.9435396194458008
10-08-1988,11.25,11.4375,231800,11.4375,11.375,1.9329184293746948
11-08-1988,11.3125,11.3125,381200,11.5,11.5,1.9541599750518799
12-08-1988,11.3125,11.5,243200,11.5,11.4375,1.9435396194458008
15-08-1988,11.3125,11.375,205000,11.4375,11.3125,1.9222981929779053
16-08-1988,11.1875,11.25,562400,11.5625,11.5,1.9541599750518799
17-08-1988,11.375,11.4375,803000,11.625,11.5625,1.9647799730300903
18-08-1988,11.5625,11.625,544400,11.6875,11.5625,1.9647799730300903
19-08-1988,11.5625,11.5625,406400,11.6875,11.6875,1.9860206842422485
22-08-1988,11.5625,11.625,590200,11.75,11.6875,1.9860206842422485
23-08-1988,11.625,11.6875,282800,11.75,11.6875,1.9860206842422485
24-08-1988,11.6875,11.6875,409400,11.8125,11.8125,2.0072622299194336
25-08-1988,11.625,11.6875,481400,11.75,11.75,1.9966422319412231
26-08-1988,11.5,11.75,741200,11.75,11.625,1.975401520729065
29-08-1988,11.4375,11.625,765800,11.625,11.5625,1.9647799730300903
30-08-1988,11.375,11.5625,1280800,11.5625,11.5625,1.9647799730300903
31-08-1988,11.5,11.625,13682200,11.625,11.5625,1.9647799730300903
01-09-1988,11.0,11.3125,2824000,11.6875,11.125,1.9322155714035034
02-09-1988,11.1875,11.25,1807200,11.375,11.375,1.9756367206573486
06-09-1988,11.1875,11.375,921000,11.375,11.3125,1.9647799730300903
07-09-1988,11.3125,11.4375,465400,11.4375,11.375,1.9756367206573486
08-09-1988,11.3125,11.375,320200,11.4375,11.4375,1.9864908456802368
09-09-1988,11.3125,11.4375,925600,11.5,11.5,1.9973464012145996
12-09-1988,11.25,11.5,517000,11.5625,11.25,1.9539247751235962
13-09-1988,11.25,11.25,686600,11.5,11.5,1.9973464012145996
14-09-1988,11.5,11.5,744000,11.625,11.5625,2.0082011222839355
15-09-1988,11.4375,11.4375,278800,11.5625,11.4375,1.9864908456802368
16-09-1988,11.4375,11.4375,751600,11.625,11.625,2.0190556049346924
19-09-1988,11.375,11.5625,639600,11.625,11.5,1.9973464012145996
20-09-1988,11.5,11.5,138200,11.5625,11.5625,2.0082011222839355
21-09-1988,11.5,11.5625,219800,11.625,11.5625,2.0082011222839355
22-09-1988,11.5,11.5625,141400,11.625,11.5625,2.0082011222839355
23-09-1988,11.4375,11.4375,476000,11.6875,11.625,2.0190556049346924
26-09-1988,11.5625,11.625,588200,11.75,11.6875,2.0299110412597656
27-09-1988,11.6875,11.75,324000,11.875,11.875,2.062476396560669
28-09-1988,11.75,11.8125,256600,11.875,11.8125,2.051621437072754
29-09-1988,11.8125,11.875,631600,12.125,12.125,2.105896472930908
30-09-1988,12.0625,12.0625,770800,12.3125,12.1875,2.116753101348877
03-10-1988,12.125,12.125,389600,12.25,12.125,2.105896472930908
04-10-1988,12.125,12.1875,445200,12.25,12.1875,2.116753101348877
05-10-1988,12.125,12.1875,445800,12.25,12.25,2.1276087760925293
06-10-1988,12.25,12.3125,442600,12.3125,12.3125,2.138463020324707
07-10-1988,12.375,12.4375,2134600,12.6875,12.625,2.192739486694336
10-10-1988,12.375,12.5625,340200,12.625,12.4375,2.1601734161376953
11-10-1988,12.3125,12.375,175000,12.5,12.4375,2.1601734161376953
12-10-1988,12.1875,12.3125,549800,12.375,12.375,2.149317502975464
13-10-1988,12.3125,12.3125,509400,12.5,12.375,2.149317502975464
14-10-1988,12.1875,12.4375,414800,12.4375,12.3125,2.138463020324707
17-10-1988,12.25,12.3125,192800,12.375,12.375,2.149317502975464
18-10-1988,12.25,12.4375,468200,12.5,12.5,2.1710283756256104
19-10-1988,12.3125,12.5625,344600,12.625,12.4375,2.1601734161376953
20-10-1988,12.3125,12.3125,503000,12.5,12.5,2.1710283756256104
21-10-1988,12.25,12.5,824400,12.5625,12.5625,2.1818811893463135
24-10-1988,12.3125,12.5,388000,12.5,12.3125,2.138463020324707
25-10-1988,12.3125,12.375,433600,12.4375,12.375,2.149317502975464
26-10-1988,12.25,12.3125,191600,12.375,12.375,2.149317502975464
27-10-1988,12.25,12.3125,649800,12.375,12.3125,2.138463020324707
28-10-1988,12.3125,12.375,237800,12.4375,12.4375,2.1601734161376953
31-10-1988,12.3125,12.375,266200,12.4375,12.4375,2.1601734161376953
01-11-1988,12.3125,12.375,788000,12.4375,12.4375,2.1601734161376953
02-11-1988,12.3125,12.375,451000,12.5,12.5,2.1710283756256104
03-11-1988,12.4375,12.5,457000,12.625,12.625,2.192739486694336
04-11-1988,12.3125,12.5,788600,12.5625,12.375,2.149317502975464
07-11-1988,12.1875,12.4375,327400,12.4375,12.25,2.1276087760925293
08-11-1988,12.3125,12.375,133400,12.4375,12.375,2.149317502975464
09-11-1988,12.25,12.25,316000,12.375,12.3125,2.138463020324707
10-11-1988,12.25,12.3125,204200,12.375,12.25,2.1276087760925293
11-11-1988,12.0,12.3125,461600,12.3125,12.0,2.0841872692108154
14-11-1988,12.0625,12.125,311800,12.25,12.125,2.105896472930908
15-11-1988,12.125,12.125,252800,12.3125,12.25,2.1276087760925293
16-11-1988,12.125,12.25,541800,12.25,12.1875,2.116753101348877
17-11-1988,12.1875,12.25,268600,12.3125,12.3125,2.138463020324707
18-11-1988,12.1875,12.3125,1071600,12.3125,12.1875,2.116753101348877
21-11-1988,12.1875,12.3125,284200,12.3125,12.3125,2.138463020324707
22-11-1988,12.1875,12.3125,267800,12.3125,12.3125,2.138463020324707
23-11-1988,12.25,12.25,265600,12.4375,12.375,2.149317502975464
25-11-1988,12.1875,12.25,150600,12.3125,12.25,2.1276087760925293
28-11-1988,12.1875,12.3125,465400,12.375,12.3125,2.138463020324707
29-11-1988,12.1875,12.25,1149400,12.4375,12.3125,2.138463020324707
30-11-1988,12.3125,12.375,1343400,12.5,12.5,2.1710283756256104
01-12-1988,12.125,12.1875,1262000,12.3125,12.1875,2.160834312438965
02-12-1988,12.0,12.125,2369400,12.1875,12.0625,2.138672113418579
05-12-1988,12.0,12.0625,2581800,12.125,12.125,2.1497511863708496
06-12-1988,12.0,12.125,1024800,12.1875,12.1875,2.160834312438965
07-12-1988,12.1875,12.1875,500800,12.3125,12.3125,2.1829957962036133
08-12-1988,12.125,12.25,908200,12.375,12.125,2.1497511863708496
09-12-1988,12.0625,12.125,447400,12.1875,12.125,2.1497511863708496
12-12-1988,12.125,12.1875,826800,12.25,12.125,2.1497511863708496
13-12-1988,12.0625,12.125,930000,12.1875,12.0625,2.138672113418579
14-12-1988,12.0,12.0625,1102400,12.125,12.0625,2.138672113418579
15-12-1988,12.0625,12.0625,246000,12.125,12.0625,2.138672113418579
16-12-1988,12.0625,12.1875,1494400,12.1875,12.1875,2.160834312438965
19-12-1988,12.0625,12.125,358400,12.25,12.25,2.1719157695770264
20-12-1988,12.1875,12.1875,309400,12.3125,12.1875,2.160834312438965
21-12-1988,12.0625,12.1875,243000,12.25,12.125,2.1497511863708496
22-12-1988,12.0625,12.125,1276800,12.3125,12.25,2.1719157695770264
23-12-1988,12.1875,12.25,471600,12.375,12.3125,2.1829957962036133
27-12-1988,12.1875,12.3125,287600,12.4375,12.1875,2.160834312438965
28-12-1988,12.25,12.25,463400,12.375,12.3125,2.1829957962036133
29-12-1988,12.25,12.375,325000,12.4375,12.3125,2.1829957962036133
30-12-1988,12.25,12.375,552200,12.4375,12.25,2.1719157695770264
03-01-1989,12.125,12.25,277800,12.3125,12.125,2.1497511863708496
04-01-1989,12.125,12.1875,432200,12.3125,12.3125,2.1829957962036133
05-01-1989,12.1875,12.25,180200,12.25,12.1875,2.160834312438965
06-01-1989,12.0625,12.3125,689200,12.3125,12.125,2.1497511863708496
09-01-1989,12.0625,12.1875,266000,12.1875,12.125,2.1497511863708496
10-01-1989,12.0625,12.125,309600,12.1875,12.0625,2.138672113418579
11-01-1989,12.0625,12.125,156200,12.125,12.125,2.1497511863708496
12-01-1989,12.0625,12.125,511600,12.125,12.125,2.1497511863708496
13-01-1989,12.0,12.0625,233000,12.125,12.0625,2.138672113418579
16-01-1989,11.9375,12.0625,262400,12.0625,11.9375,2.1165082454681396
17-01-1989,11.9375,12.0,361200,12.0625,12.0,2.1275899410247803
18-01-1989,11.9375,12.0,366400,12.1875,12.1875,2.160834312438965
19-01-1989,12.0625,12.125,431800,12.1875,12.125,2.1497511863708496
20-01-1989,12.0,12.0625,518400,12.125,12.0625,2.138672113418579
23-01-1989,12.0,12.0,354000,12.125,12.0625,2.138672113418579
24-01-1989,12.0,12.125,1123800,12.25,12.125,2.1497511863708496
25-01-1989,12.125,12.125,449600,12.1875,12.125,2.1497511863708496
26-01-1989,12.0625,12.125,279200,12.1875,12.125,2.1497511863708496
27-01-1989,12.125,12.1875,374800,12.25,12.1875,2.160834312438965
30-01-1989,12.1875,12.25,287000,12.3125,12.3125,2.1829957962036133
31-01-1989,12.25,12.3125,350600,12.4375,12.4375,2.2051584720611572
01-02-1989,12.25,12.375,209800,12.4375,12.25,2.1719157695770264
02-02-1989,12.1875,12.3125,302200,12.3125,12.1875,2.160834312438965
03-02-1989,12.25,12.25,192800,12.375,12.25,2.1719157695770264
06-02-1989,12.25,12.25,182400,12.3125,12.3125,2.1829957962036133
07-02-1989,12.125,12.25,1018000,12.3125,12.3125,2.1829957962036133
08-02-1989,12.1875,12.25,369400,12.3125,12.1875,2.160834312438965
09-02-1989,12.0,12.1875,797800,12.3125,12.0625,2.138672113418579
10-02-1989,11.9375,12.0,398200,12.0625,11.9375,2.1165082454681396
13-02-1989,11.875,11.9375,319200,12.0625,12.0625,2.138672113418579
14-02-1989,11.9375,12.125,419800,12.1875,12.0,2.1275899410247803
15-02-1989,12.0,12.0625,489600,12.0625,12.0,2.1275899410247803
16-02-1989,12.0,12.0625,360800,12.0625,12.0,2.1275899410247803
17-02-1989,12.0,12.0,372600,12.125,12.0625,2.138672113418579
21-02-1989,12.0,12.0,306200,12.0625,12.0,2.1275899410247803
22-02-1989,11.8125,12.0625,505000,12.0625,11.8125,2.094346284866333
23-02-1989,11.75,11.8125,1014800,11.9375,11.9375,2.1165082454681396
24-02-1989,11.75,11.9375,482600,11.9375,11.8125,2.094346284866333
27-02-1989,11.75,11.875,555800,11.9375,11.8125,2.094346284866333
28-02-1989,11.8125,11.8125,1538200,11.9375,11.9375,2.1165082454681396
01-03-1989,11.5625,11.6875,4021400,11.8125,11.625,2.1060917377471924
02-03-1989,11.5625,11.5625,2380400,11.6875,11.6875,2.1174137592315674
03-03-1989,11.5625,11.625,219200,11.6875,11.625,2.1060917377471924
06-03-1989,11.5625,11.625,749400,11.6875,11.6875,2.1174137592315674
07-03-1989,11.5,11.6875,368600,11.6875,11.5625,2.0947678089141846
08-03-1989,11.5,11.5,782600,11.625,11.5625,2.0947678089141846
09-03-1989,11.5,11.625,302600,11.625,11.5625,2.0947678089141846
10-03-1989,11.5,11.5625,244400,11.5625,11.5,2.0834455490112305
13-03-1989,11.5,11.5625,357800,11.6875,11.625,2.1060917377471924
14-03-1989,11.625,11.6875,741000,11.75,11.75,2.1287379264831543
15-03-1989,11.625,11.75,1059400,11.8125,11.8125,2.1400609016418457
16-03-1989,11.75,11.8125,1095800,12.0,12.0,2.1740307807922363
17-03-1989,11.75,11.8125,1134000,11.9375,11.875,2.1513826847076416
20-03-1989,11.8125,11.875,872600,11.9375,11.875,2.1513826847076416
21-03-1989,11.875,11.9375,447000,12.0,11.875,2.1513826847076416
22-03-1989,11.875,11.875,257800,12.0,12.0,2.1740307807922363
23-03-1989,11.9375,11.9375,530200,12.0625,12.0,2.1740307807922363
27-03-1989,12.0,12.0,428200,12.0625,12.0625,2.1853525638580322
28-03-1989,12.0625,12.0625,730200,12.1875,12.125,2.1966755390167236
29-03-1989,12.0625,12.125,387000,12.1875,12.125,2.1966755390167236
30-03-1989,12.0625,12.0625,264600,12.125,12.0625,2.1853525638580322
31-03-1989,12.0625,12.125,593800,12.25,12.25,2.2193222045898438
03-04-1989,12.1875,12.1875,549800,12.375,12.3125,2.230644702911377
04-04-1989,12.1875,12.25,442400,12.3125,12.1875,2.208000659942627
05-04-1989,12.1875,12.1875,283800,12.3125,12.1875,2.208000659942627
06-04-1989,12.125,12.1875,286800,12.25,12.25,2.2193222045898438
07-04-1989,12.125,12.1875,272400,12.25,12.25,2.2193222045898438
10-04-1989,12.0625,12.1875,177800,12.1875,12.125,2.1966755390167236
11-04-1989,12.0625,12.125,163400,12.1875,12.125,2.1966755390167236
12-04-1989,12.125,12.1875,123200,12.1875,12.125,2.1966755390167236
13-04-1989,12.0625,12.0625,299800,12.1875,12.0625,2.1853525638580322
14-04-1989,12.0625,12.125,774000,12.1875,12.1875,2.208000659942627
17-04-1989,12.0625,12.1875,698400,12.25,12.25,2.2193222045898438
18-04-1989,12.25,12.3125,740400,12.375,12.25,2.2193222045898438
19-04-1989,12.25,12.3125,301000,12.3125,12.3125,2.230644702911377
20-04-1989,12.125,12.25,356000,12.375,12.25,2.2193222045898438
21-04-1989,12.1875,12.1875,387200,12.3125,12.25,2.2193222045898438
24-04-1989,12.125,12.1875,146800,12.3125,12.25,2.2193222045898438
25-04-1989,12.125,12.1875,181200,12.25,12.125,2.1966755390167236
26-04-1989,12.125,12.1875,213000,12.1875,12.1875,2.208000659942627
27-04-1989,12.0625,12.0625,445000,12.3125,12.25,2.2193222045898438
28-04-1989,12.25,12.25,170800,12.3125,12.25,2.2193222045898438
01-05-1989,12.1875,12.25,560800,12.375,12.375,2.241966724395752
02-05-1989,12.3125,12.375,442200,12.375,12.3125,2.230644702911377
03-05-1989,12.3125,12.3125,174800,12.375,12.375,2.241966724395752
04-05-1989,12.25,12.3125,144600,12.375,12.375,2.241966724395752
05-05-1989,12.3125,12.375,401200,12.4375,12.375,2.241966724395752
08-05-1989,12.1875,12.3125,227800,12.375,12.25,2.2193222045898438
09-05-1989,12.125,12.25,245800,12.25,12.1875,2.208000659942627
10-05-1989,12.1875,12.1875,356400,12.3125,12.25,2.2193222045898438
11-05-1989,12.3125,12.3125,590800,12.4375,12.375,2.241966724395752
12-05-1989,12.625,12.75,1927600,12.875,12.875,2.3325531482696533
15-05-1989,12.8125,12.875,591400,13.0625,13.0625,2.3665220737457275
16-05-1989,12.9375,13.0,754000,13.0625,13.0625,2.3665220737457275
17-05-1989,13.0,13.0,770600,13.125,13.0625,2.3665220737457275
18-05-1989,13.0,13.0625,817600,13.125,13.0625,2.3665220737457275
19-05-1989,13.0,13.0625,471400,13.125,13.125,2.3778462409973145
22-05-1989,13.25,13.3125,729200,13.375,13.3125,2.411813974380493
23-05-1989,13.125,13.125,377000,13.25,13.1875,2.389169216156006
24-05-1989,13.0625,13.25,592600,13.25,13.125,2.3778462409973145
25-05-1989,12.875,13.0625,398000,13.125,12.875,2.3325531482696533
26-05-1989,12.875,12.875,434600,13.0,13.0,2.355198383331299
30-05-1989,12.75,13.0,501800,13.125,12.8125,2.321230888366699
31-05-1989,12.875,12.875,2387000,13.0625,13.0,2.355198383331299
01-06-1989,12.625,12.6875,3127000,12.8125,12.75,2.3561224937438965
02-06-1989,12.8125,12.8125,2468400,12.9375,12.875,2.3792223930358887
05-06-1989,12.875,12.875,420000,13.125,12.875,2.3792223930358887
06-06-1989,12.8125,12.9375,885800,13.0625,13.0,2.402322769165039
07-06-1989,12.9375,12.9375,347800,13.125,13.0,2.402322769165039
08-06-1989,12.9375,12.9375,353600,13.0625,13.0,2.402322769165039
09-06-1989,12.9375,12.9375,314000,13.0625,13.0,2.402322769165039
12-06-1989,12.875,12.9375,271800,13.0,13.0,2.402322769165039
13-06-1989,12.75,13.0,270000,13.0625,12.875,2.3792223930358887
14-06-1989,12.9375,13.0,322000,13.125,13.0625,2.413872241973877
15-06-1989,12.8125,13.0625,317600,13.0625,12.875,2.3792223930358887
16-06-1989,12.625,12.625,1271600,13.125,13.0,2.402322769165039
19-06-1989,13.0,13.0625,534200,13.1875,13.125,2.4254205226898193
20-06-1989,13.0625,13.125,353600,13.1875,13.125,2.4254205226898193
21-06-1989,13.0,13.0625,711000,13.125,13.0625,2.413872241973877
22-06-1989,13.0,13.0625,316200,13.1875,13.1875,2.4369704723358154
23-06-1989,13.1875,13.25,976000,13.75,13.5,2.494720220565796
26-06-1989,13.5,13.6875,627000,13.75,13.5625,2.5062685012817383
27-06-1989,13.5,13.5625,852200,13.75,13.625,2.517817497253418
28-06-1989,13.5,13.5625,1081400,13.625,13.625,2.517817497253418
29-06-1989,13.4375,13.6875,404600,13.6875,13.4375,2.483167886734009
30-06-1989,13.25,13.4375,367600,13.5625,13.4375,2.483167886734009
03-07-1989,13.375,13.375,128400,13.5,13.4375,2.483167886734009
05-07-1989,13.3125,13.375,212000,13.4375,13.4375,2.483167886734009
06-07-1989,13.25,13.4375,582200,13.4375,13.3125,2.4600703716278076
07-07-1989,13.25,13.375,735000,13.5,13.5,2.494720220565796
10-07-1989,13.4375,13.4375,540200,13.6875,13.5625,2.5062685012817383
11-07-1989,13.5625,13.625,376000,13.75,13.6875,2.529366970062256
12-07-1989,13.5,13.6875,438800,13.6875,13.625,2.517817497253418
13-07-1989,13.625,13.6875,675000,13.6875,13.6875,2.529366970062256
14-07-1989,13.5625,13.6875,408600,13.9375,13.9375,2.575566291809082
17-07-1989,13.75,13.8125,188000,13.875,13.8125,2.5524654388427734
18-07-1989,13.5,13.75,567600,13.8125,13.5625,2.5062685012817383
19-07-1989,13.625,13.6875,2515000,13.75,13.75,2.54091739654541
20-07-1989,13.5625,13.6875,226800,13.75,13.5625,2.5062685012817383
21-07-1989,13.4375,13.4375,338200,13.625,13.5625,2.5062685012817383
24-07-1989,13.5,13.5625,436600,13.625,13.5,2.494720220565796
25-07-1989,13.375,13.4375,784600,13.5,13.5,2.494720220565796
26-07-1989,13.4375,13.4375,209400,13.625,13.625,2.517817497253418
27-07-1989,13.625,13.625,195000,13.8125,13.75,2.54091739654541
28-07-1989,13.6875,13.75,254200,13.875,13.6875,2.529366970062256
31-07-1989,13.5,13.75,437400,14.0625,14.0625,2.5986640453338623
01-08-1989,13.8125,14.0,396600,14.0625,13.875,2.564016103744507
02-08-1989,13.6875,13.8125,508400,13.9375,13.9375,2.575566291809082
03-08-1989,13.875,13.9375,238600,14.0,13.9375,2.575566291809082
04-08-1989,13.875,13.875,655800,14.0,14.0,2.5871152877807617
07-08-1989,13.9375,14.0,406400,14.25,14.25,2.6333160400390625
08-08-1989,14.0625,14.1875,414600,14.25,14.125,2.6102147102355957
09-08-1989,13.875,14.125,414400,14.1875,13.9375,2.575566291809082
10-08-1989,13.8125,13.8125,332600,14.0625,14.0,2.5871152877807617
11-08-1989,13.625,14.125,555400,14.125,13.75,2.54091739654541
14-08-1989,13.5,13.6875,299800,13.75,13.5625,2.5062685012817383
15-08-1989,13.5,13.625,380000,13.625,13.625,2.517817497253418
16-08-1989,13.5625,13.625,214600,13.75,13.75,2.54091739654541
17-08-1989,13.5625,13.6875,235200,13.75,13.5625,2.5062685012817383
18-08-1989,13.5,13.5625,287600,13.6875,13.6875,2.529366970062256
21-08-1989,13.3125,13.625,337200,13.6875,13.4375,2.483167886734009
22-08-1989,13.3125,13.375,186800,13.4375,13.375,2.471618890762329
23-08-1989,13.3125,13.4375,1430600,13.5625,13.5625,2.5062685012817383
24-08-1989,13.5625,13.5625,738400,13.8125,13.8125,2.5524654388427734
25-08-1989,13.625,13.75,609600,13.875,13.75,2.54091739654541
28-08-1989,13.5625,13.75,306000,13.8125,13.8125,2.5524654388427734
29-08-1989,13.625,13.6875,254600,13.8125,13.6875,2.529366970062256
30-08-1989,13.5625,13.625,341200,13.75,13.5625,2.5062685012817383
31-08-1989,13.5625,13.5625,387000,13.75,13.5625,2.5062685012817383
01-09-1989,13.25,13.3125,260200,13.4375,13.4375,2.5307512283325195
05-09-1989,13.25,13.375,1014600,13.4375,13.25,2.4954397678375244
06-09-1989,13.0625,13.25,1453800,13.25,13.125,2.4718968868255615
07-09-1989,13.125,13.125,597200,13.25,13.1875,2.4836666584014893
08-09-1989,13.0,13.1875,290200,13.3125,13.25,2.4954397678375244
11-09-1989,13.1875,13.1875,258800,13.375,13.3125,2.5072102546691895
12-09-1989,13.1875,13.3125,342200,13.375,13.25,2.4954397678375244
13-09-1989,13.0625,13.25,285800,13.3125,13.125,2.4718968868255615
14-09-1989,13.0625,13.125,948800,13.1875,13.0625,2.4601259231567383
15-09-1989,12.9375,13.0,730000,13.125,13.125,2.4718968868255615
18-09-1989,13.0625,13.125,370200,13.3125,13.25,2.4954397678375244
19-09-1989,13.1875,13.25,210400,13.25,13.1875,2.4836666584014893
20-09-1989,13.125,13.1875,1948800,13.25,13.25,2.4954397678375244
21-09-1989,13.1875,13.25,932200,13.375,13.25,2.4954397678375244
22-09-1989,13.25,13.25,584400,13.375,13.3125,2.5072102546691895
25-09-1989,13.25,13.3125,1016600,13.375,13.375,2.5189807415008545
26-09-1989,13.3125,13.3125,1090000,13.4375,13.3125,2.5072102546691895
27-09-1989,13.25,13.25,425600,13.375,13.25,2.4954397678375244
28-09-1989,13.25,13.25,330000,13.3125,13.3125,2.5072102546691895
29-09-1989,13.1875,13.25,386400,13.375,13.3125,2.5072102546691895
02-10-1989,13.25,13.3125,365000,13.4375,13.375,2.5189807415008545
03-10-1989,13.3125,13.375,347200,13.4375,13.4375,2.5307512283325195
04-10-1989,13.3125,13.4375,322600,13.4375,13.3125,2.5072102546691895
05-10-1989,13.3125,13.375,203400,13.375,13.375,2.5189807415008545
06-10-1989,13.3125,13.4375,230800,13.5,13.4375,2.5307512283325195
09-10-1989,13.3125,13.4375,240400,13.4375,13.375,2.5189807415008545
10-10-1989,13.3125,13.375,787200,13.4375,13.4375,2.5307512283325195
11-10-1989,13.3125,13.375,186200,13.4375,13.4375,2.5307512283325195
12-10-1989,13.3125,13.4375,465800,13.4375,13.4375,2.5307512283325195
13-10-1989,13.0,13.375,1115400,13.4375,13.125,2.4718968868255615
16-10-1989,13.0,13.1875,852800,13.3125,13.25,2.4954397678375244
17-10-1989,13.0625,13.25,379800,13.3125,13.25,2.4954397678375244
18-10-1989,13.125,13.25,380800,13.25,13.125,2.4718968868255615
19-10-1989,13.125,13.125,434200,13.375,13.25,2.4954397678375244
20-10-1989,13.25,13.25,297000,13.4375,13.375,2.5189807415008545
23-10-1989,13.1875,13.5,392800,13.5,13.25,2.4954397678375244
24-10-1989,13.0,13.1875,688400,13.375,13.375,2.5189807415008545
25-10-1989,13.1875,13.1875,139800,13.375,13.3125,2.5072102546691895
26-10-1989,13.1875,13.25,263000,13.4375,13.375,2.5189807415008545
27-10-1989,13.25,13.3125,1009000,13.5,13.375,2.5189807415008545
30-10-1989,13.375,13.4375,740800,13.5,13.4375,2.5307512283325195
31-10-1989,13.5,13.5,896000,13.75,13.625,2.5660648345947266
01-11-1989,13.625,13.75,377000,13.9375,13.9375,2.624919891357422
02-11-1989,13.875,13.875,406600,13.9375,13.9375,2.624919891357422
03-11-1989,13.8125,13.875,365600,14.0,14.0,2.6366899013519287
06-11-1989,13.75,14.0,672000,14.0,13.8125,2.601376533508301
07-11-1989,13.75,13.8125,344400,14.0,13.9375,2.624919891357422
08-11-1989,13.875,13.875,978200,14.0625,14.0,2.6366899013519287
09-11-1989,13.9375,14.0,789800,14.0625,13.9375,2.624919891357422
10-11-1989,13.9375,13.9375,168600,14.0,14.0,2.6366899013519287
13-11-1989,13.875,14.0,418000,14.0,14.0,2.6366899013519287
14-11-1989,13.9375,14.0,352000,14.0,14.0,2.6366899013519287
15-11-1989,13.9375,14.0,270800,14.0,14.0,2.6366899013519287
16-11-1989,13.9375,14.0,516000,14.0625,14.0625,2.648460626602173
17-11-1989,13.875,14.0,606200,14.0625,14.0,2.6366899013519287
20-11-1989,13.875,13.9375,440600,14.0,14.0,2.6366899013519287
21-11-1989,13.9375,13.9375,555200,14.0,13.9375,2.624919891357422
22-11-1989,13.875,13.9375,457000,14.0,13.875,2.6131479740142822
24-11-1989,13.8125,13.875,558600,13.9375,13.9375,2.624919891357422
27-11-1989,13.8125,13.875,705800,14.0,13.9375,2.624919891357422
28-11-1989,13.875,13.9375,380600,14.0625,13.9375,2.624919891357422
29-11-1989,13.9375,13.9375,286400,14.0,14.0,2.6366899013519287
30-11-1989,13.9375,14.0,1079000,14.0625,14.0625,2.648460626602173
01-12-1989,13.75,13.75,2692200,14.0,14.0,2.6863574981689453
04-12-1989,13.8125,14.0,1335000,14.0,13.875,2.662372589111328
05-12-1989,13.875,13.9375,519400,14.0,14.0,2.6863574981689453
06-12-1989,13.8125,14.0,581200,14.0,13.875,2.662372589111328
07-12-1989,13.75,13.8125,528400,13.9375,13.75,2.6383869647979736
08-12-1989,13.8125,13.8125,218000,13.9375,13.9375,2.674365520477295
11-12-1989,13.8125,13.9375,464200,13.9375,13.875,2.662372589111328
12-12-1989,13.875,13.875,1381800,14.1875,14.125,2.7103431224823
13-12-1989,14.0625,14.0625,1158200,14.3125,14.3125,2.7463231086730957
14-12-1989,14.1875,14.25,681400,14.375,14.25,2.73432993888855
15-12-1989,14.0625,14.375,1810600,14.375,14.25,2.73432993888855
18-12-1989,14.0,14.25,255800,14.3125,14.125,2.7103431224823
19-12-1989,13.875,14.0625,1149800,14.1875,14.125,2.7103431224823
20-12-1989,14.0625,14.25,293400,14.25,14.0625,2.6983509063720703
21-12-1989,14.125,14.1875,516600,14.25,14.1875,2.7223355770111084
22-12-1989,14.125,14.125,526800,14.3125,14.3125,2.7463231086730957
26-12-1989,14.25,14.25,110400,14.375,14.3125,2.7463231086730957
27-12-1989,14.3125,14.375,241200,14.4375,14.375,2.7583141326904297
28-12-1989,14.375,14.4375,565600,14.6875,14.625,2.806286096572876
29-12-1989,14.5,14.625,460400,14.625,14.625,2.806286096572876
02-01-1990,14.4375,14.625,449600,14.875,14.875,2.8542556762695312
03-01-1990,14.375,14.625,453800,14.625,14.5,2.782299757003784
04-01-1990,14.125,14.4375,263600,14.5,14.25,2.73432993888855
05-01-1990,13.8125,14.125,312600,14.3125,13.875,2.662372589111328
08-01-1990,13.8125,13.8125,283800,14.0,14.0,2.6863574981689453
09-01-1990,13.875,14.0,217600,14.0625,13.875,2.662372589111328
10-01-1990,13.8125,13.9375,971600,14.125,14.0625,2.6983509063720703
11-01-1990,14.0,14.1875,238800,14.1875,14.0625,2.6983509063720703
12-01-1990,13.875,14.0,375600,14.0,13.9375,2.674365520477295
15-01-1990,13.625,13.875,286000,13.9375,13.6875,2.626394033432007
16-01-1990,13.5625,13.5625,301800,13.9375,13.9375,2.674365520477295
17-01-1990,13.8125,13.9375,246400,13.9375,13.8125,2.6503798961639404
18-01-1990,13.6875,13.8125,400200,14.0,14.0,2.6863574981689453
19-01-1990,13.8125,14.0,1254800,14.0,13.8125,2.6503798961639404
22-01-1990,13.625,13.875,354800,13.9375,13.6875,2.626394033432007
23-01-1990,13.625,13.625,294200,13.875,13.6875,2.626394033432007
24-01-1990,13.3125,13.6875,787600,13.6875,13.6875,2.626394033432007
25-01-1990,13.3125,13.625,386000,13.625,13.3125,2.554438591003418
26-01-1990,13.1875,13.3125,675000,13.5625,13.4375,2.5784237384796143
29-01-1990,13.25,13.4375,347600,13.5,13.3125,2.554438591003418
30-01-1990,13.3125,13.4375,278400,13.5,13.4375,2.5784237384796143
31-01-1990,13.4375,13.4375,540400,13.6875,13.625,2.6144022941589355
01-02-1990,13.4375,13.5625,455800,13.6875,13.5625,2.602409839630127
02-02-1990,13.4375,13.4375,514800,13.625,13.625,2.6144022941589355
05-02-1990,13.5625,13.625,306800,13.6875,13.625,2.6144022941589355
06-02-1990,13.375,13.5625,277200,13.625,13.5625,2.602409839630127
07-02-1990,13.4375,13.5,490800,13.75,13.6875,2.626394033432007
08-02-1990,13.5,13.625,303800,13.6875,13.5625,2.602409839630127
09-02-1990,13.5625,13.6875,186400,13.6875,13.6875,2.626394033432007
12-02-1990,13.4375,13.6875,587600,13.6875,13.5,2.5904181003570557
13-02-1990,13.375,13.4375,1175000,13.75,13.625,2.6144022941589355
14-02-1990,13.625,13.6875,365200,13.8125,13.75,2.6383869647979736
15-02-1990,13.6875,13.75,157400,13.8125,13.75,2.6383869647979736
16-02-1990,13.75,13.8125,459000,13.875,13.8125,2.6503798961639404
20-02-1990,13.6875,13.6875,432200,13.75,13.75,2.6383869647979736
21-02-1990,13.625,13.625,351600,13.75,13.75,2.6383869647979736
22-02-1990,13.6875,13.875,271400,13.875,13.6875,2.626394033432007
23-02-1990,13.625,13.75,359200,13.75,13.6875,2.626394033432007
26-02-1990,13.5625,13.625,360000,13.75,13.75,2.6383869647979736
27-02-1990,13.6875,13.6875,514000,13.8125,13.75,2.6383869647979736
28-02-1990,13.6875,13.8125,729400,13.875,13.8125,2.6503798961639404
01-03-1990,13.4375,13.5625,440800,13.5625,13.5625,2.627135992050171
02-03-1990,13.4375,13.5625,927800,13.625,13.5625,2.627135992050171
05-03-1990,13.4375,13.5,405200,13.625,13.4375,2.6029212474823
06-03-1990,13.375,13.5,392600,13.625,13.625,2.639241933822632
07-03-1990,13.375,13.5,367400,13.625,13.4375,2.6029212474823
08-03-1990,13.3125,13.375,377000,13.5,13.5,2.615030527114868
09-03-1990,13.25,13.5,475800,13.5,13.3125,2.5787088871002197
12-03-1990,13.125,13.25,496200,13.25,13.25,2.5666017532348633
13-03-1990,13.0,13.1875,991000,13.1875,13.0625,2.5302815437316895
14-03-1990,13.0,13.0625,390000,13.125,13.0625,2.5302815437316895
15-03-1990,12.9375,13.0625,790000,13.0625,13.0,2.518176555633545
16-03-1990,13.0,13.0625,636200,13.1875,13.125,2.542388439178467
19-03-1990,12.9375,13.125,278800,13.1875,13.125,2.542388439178467
20-03-1990,13.0625,13.125,368400,13.25,13.25,2.5666017532348633
21-03-1990,13.125,13.375,258800,13.375,13.125,2.542388439178467
22-03-1990,12.75,13.1875,565000,13.1875,12.875,2.493962526321411
23-03-1990,12.75,12.875,281800,13.0,13.0,2.518176555633545
26-03-1990,12.875,13.0,293800,13.0625,13.0,2.518176555633545
27-03-1990,12.9375,13.0,684400,13.1875,13.1875,2.554495334625244
28-03-1990,13.0625,13.125,230800,13.1875,13.125,2.542388439178467
29-03-1990,12.9375,13.0625,1276600,13.25,13.25,2.5666017532348633
30-03-1990,13.125,13.1875,664000,13.3125,13.25,2.5666017532348633
02-04-1990,13.0625,13.1875,360000,13.25,13.125,2.542388439178467
03-04-1990,13.0625,13.0625,468600,13.3125,13.3125,2.5787088871002197
04-04-1990,13.25,13.25,746000,13.375,13.25,2.5666017532348633
05-04-1990,13.0625,13.3125,335800,13.3125,13.125,2.542388439178467
06-04-1990,13.0,13.125,188200,13.1875,13.125,2.542388439178467
09-04-1990,13.0,13.0,218200,13.1875,13.0,2.518176555633545
10-04-1990,12.9375,13.0,324400,13.0625,13.0,2.518176555633545
11-04-1990,12.9375,12.9375,195000,13.125,13.0,2.518176555633545
12-04-1990,12.9375,13.0,213800,13.0625,13.0,2.518176555633545
16-04-1990,13.0,13.0625,397000,13.125,13.125,2.542388439178467
17-04-1990,13.0,13.0625,353200,13.125,13.0,2.518176555633545
18-04-1990,12.875,13.125,387600,13.125,12.875,2.493962526321411
19-04-1990,12.875,12.875,298600,13.0625,12.9375,2.506068468093872
20-04-1990,12.5,12.9375,522600,12.9375,12.625,2.4455368518829346
23-04-1990,12.1875,12.5,810200,12.5625,12.5,2.4213240146636963
24-04-1990,12.375,12.4375,587000,12.5625,12.4375,2.4092161655426025
25-04-1990,12.25,12.375,401800,12.625,12.3125,2.3850033283233643
26-04-1990,12.25,12.375,484200,12.4375,12.3125,2.3850033283233643
27-04-1990,12.1875,12.3125,410600,12.3125,12.25,2.372896432876587
30-04-1990,12.1875,12.25,387600,12.3125,12.3125,2.3850033283233643
01-05-1990,12.25,12.3125,382600,12.5,12.5,2.4213240146636963
02-05-1990,12.4375,12.5,467800,12.625,12.625,2.4455368518829346
03-05-1990,12.5625,12.625,238800,12.75,12.625,2.4455368518829346
04-05-1990,12.6875,12.75,200400,12.8125,12.75,2.4697492122650146
07-05-1990,12.6875,12.6875,398600,13.0,12.9375,2.506068468093872
08-05-1990,12.875,12.9375,295800,13.1875,13.1875,2.554495334625244
09-05-1990,13.0,13.1875,370800,13.1875,13.1875,2.554495334625244
10-05-1990,13.25,13.25,823000,13.375,13.25,2.5666017532348633
11-05-1990,13.3125,13.375,523600,13.625,13.5625,2.627135992050171
14-05-1990,13.375,13.5,335800,13.625,13.375,2.590815544128418
15-05-1990,13.1875,13.375,562400,13.4375,13.1875,2.554495334625244
16-05-1990,13.125,13.1875,438600,13.3125,13.3125,2.5787088871002197
17-05-1990,13.125,13.25,304400,13.375,13.125,2.542388439178467
18-05-1990,13.125,13.25,445800,13.25,13.25,2.5666017532348633
21-05-1990,13.125,13.1875,312400,13.3125,13.1875,2.554495334625244
22-05-1990,13.0625,13.25,415600,13.3125,13.1875,2.554495334625244
23-05-1990,13.0625,13.25,315600,13.375,13.375,2.590815544128418
24-05-1990,13.0625,13.25,457200,13.3125,13.0625,2.5302815437316895
25-05-1990,12.875,13.0625,533600,13.125,12.9375,2.506068468093872
29-05-1990,12.9375,12.9375,212000,13.25,13.25,2.5666017532348633
30-05-1990,13.1875,13.3125,912800,13.375,13.3125,2.5787088871002197
31-05-1990,13.3125,13.3125,1101600,13.375,13.375,2.590815544128418
01-06-1990,12.875,13.3125,365800,13.375,13.0,2.568098306655884
04-06-1990,12.875,13.0,416800,13.3125,13.1875,2.6051361560821533
05-06-1990,13.0,13.3125,492200,13.3125,13.0,2.568098306655884
06-06-1990,13.0625,13.125,473200,13.25,13.1875,2.6051361560821533
07-06-1990,13.0625,13.25,265800,13.25,13.1875,2.6051361560821533
08-06-1990,13.0,13.125,351600,13.1875,13.0625,2.580444097518921
11-06-1990,12.9375,13.0,329400,13.3125,13.3125,2.6298305988311768
12-06-1990,13.125,13.1875,330800,13.375,13.375,2.642177104949951
13-06-1990,13.0625,13.375,862000,13.375,13.1875,2.6051361560821533
14-06-1990,13.0,13.125,184600,13.1875,13.125,2.592789888381958
15-06-1990,13.0,13.0,668600,13.125,13.125,2.592789888381958
18-06-1990,12.9375,13.0,368800,13.0625,12.9375,2.5557503700256348
19-06-1990,12.875,13.0,310400,13.125,13.0625,2.580444097518921
20-06-1990,12.875,13.0625,435200,13.125,12.875,2.5434048175811768
21-06-1990,12.875,13.0,915600,13.0,13.0,2.568098306655884
22-06-1990,12.625,13.0,390800,13.0625,12.75,2.5187113285064697
25-06-1990,12.5,12.75,757800,12.8125,12.5625,2.4816718101501465
26-06-1990,12.625,12.6875,784000,12.8125,12.6875,2.5063650608062744
27-06-1990,12.625,12.625,185600,13.0,13.0,2.568098306655884
28-06-1990,12.625,12.75,58400,12.875,12.6875,2.5063650608062744
29-06-1990,12.6875,12.75,537200,12.9375,12.9375,2.5557503700256348
02-07-1990,12.8125,12.875,254400,13.0,13.0,2.568098306655884
03-07-1990,12.875,12.9375,552800,13.0,12.875,2.5434048175811768
05-07-1990,12.8125,12.875,319000,12.9375,12.8125,2.5310585498809814
06-07-1990,12.8125,12.8125,519800,13.0625,12.9375,2.5557503700256348
09-07-1990,12.8125,12.9375,327600,13.0,12.9375,2.5557503700256348
10-07-1990,12.8125,12.875,394200,13.0,12.8125,2.5310585498809814
11-07-1990,12.75,12.8125,489800,13.0,13.0,2.568098306655884
12-07-1990,12.8125,12.9375,296400,13.0,13.0,2.568098306655884
13-07-1990,12.8125,12.9375,266800,13.0,12.9375,2.5557503700256348
16-07-1990,12.75,12.875,286200,12.9375,12.875,2.5434048175811768
17-07-1990,12.5,12.8125,269200,12.875,12.75,2.5187113285064697
18-07-1990,12.5625,12.6875,236400,12.75,12.6875,2.5063650608062744
19-07-1990,12.4375,12.6875,426600,12.75,12.5,2.469325542449951
20-07-1990,12.3125,12.5,417200,12.5,12.375,2.4446303844451904
23-07-1990,12.0,12.3125,451600,12.375,12.3125,2.4322845935821533
24-07-1990,12.1875,12.3125,880400,12.4375,12.3125,2.4322845935821533
25-07-1990,12.25,12.3125,625600,12.5,12.5,2.469325542449951
26-07-1990,12.3125,12.375,664800,12.4375,12.375,2.4446303844451904
27-07-1990,12.25,12.375,696400,12.5,12.375,2.4446303844451904
30-07-1990,12.25,12.3125,1488200,12.625,12.5625,2.4816718101501465
31-07-1990,12.5,12.5625,1164200,12.8125,12.75,2.5187113285064697
01-08-1990,12.6875,12.75,869200,13.0625,13.0625,2.580444097518921
02-08-1990,12.625,12.875,551800,13.0,12.75,2.5187113285064697
03-08-1990,12.5,12.6875,616800,12.8125,12.8125,2.5310585498809814
06-08-1990,12.1875,12.375,317800,12.5,12.375,2.4446303844451904
07-08-1990,12.3125,12.375,417000,12.4375,12.375,2.4446303844451904
08-08-1990,12.25,12.3125,465600,12.5,12.3125,2.4322845935821533
09-08-1990,12.25,12.3125,309200,12.375,12.25,2.419938564300537
10-08-1990,12.125,12.3125,721200,12.3125,12.1875,2.4075920581817627
13-08-1990,12.0625,12.125,402200,12.1875,12.1875,2.4075920581817627
14-08-1990,12.125,12.125,508800,12.375,12.3125,2.4322845935821533
15-08-1990,12.3125,12.375,457800,12.4375,12.4375,2.456977367401123
16-08-1990,12.1875,12.3125,238800,12.375,12.1875,2.4075920581817627
17-08-1990,12.0625,12.125,376600,12.3125,12.3125,2.4322845935821533
20-08-1990,12.1875,12.25,301000,12.4375,12.25,2.419938564300537
21-08-1990,11.75,12.0,67600,12.125,12.0625,2.3828980922698975
22-08-1990,11.8125,12.125,443000,12.1875,11.8125,2.3335118293762207
23-08-1990,11.625,11.75,1048800,11.875,11.625,2.2964725494384766
24-08-1990,11.3125,11.625,867800,11.6875,11.5,2.271778106689453
27-08-1990,11.5625,11.625,1557800,11.75,11.625,2.2964725494384766
28-08-1990,11.5625,11.6875,733800,11.75,11.5625,2.2841250896453857
29-08-1990,11.5,11.625,1225200,11.8125,11.75,2.3211658000946045
30-08-1990,11.5,11.8125,600600,11.875,11.5625,2.2841250896453857
31-08-1990,11.5625,11.5625,1440400,11.875,11.875,2.3458595275878906
04-09-1990,11.5,11.5625,333000,11.625,11.625,2.347878932952881
05-09-1990,11.5625,11.625,607800,11.8125,11.8125,2.385747194290161
06-09-1990,11.625,11.8125,428600,11.875,11.6875,2.3605008125305176
07-09-1990,11.625,11.625,268000,11.875,11.875,2.398369789123535
10-09-1990,11.5625,11.9375,322200,12.0,11.875,2.398369789123535
11-09-1990,11.6875,11.75,301000,11.875,11.6875,2.3605008125305176
12-09-1990,11.5,11.6875,515000,11.6875,11.625,2.347878932952881
13-09-1990,11.375,11.625,441000,11.625,11.5,2.3226318359375
14-09-1990,11.3125,11.4375,642200,11.5,11.4375,2.3100087642669678
17-09-1990,11.3125,11.375,255000,11.4375,11.4375,2.3100087642669678
18-09-1990,11.3125,11.4375,646200,11.4375,11.4375,2.3100087642669678
19-09-1990,11.3125,11.4375,429600,11.4375,11.375,2.2973859310150146
20-09-1990,11.25,11.375,514200,11.375,11.375,2.2973859310150146
21-09-1990,11.4375,11.5625,627400,11.625,11.625,2.347878932952881
24-09-1990,11.4375,11.625,219200,11.625,11.4375,2.3100087642669678
25-09-1990,11.5,11.5,343600,11.6875,11.625,2.347878932952881
26-09-1990,11.375,11.5625,715600,11.625,11.5625,2.335253953933716
27-09-1990,11.375,11.5625,489600,11.5625,11.5625,2.335253953933716
28-09-1990,11.4375,11.5,334000,11.625,11.625,2.347878932952881
01-10-1990,11.6875,11.75,581400,12.0,12.0,2.4236156940460205
02-10-1990,11.9375,11.9375,327000,12.0625,11.9375,2.4109930992126465
03-10-1990,11.875,11.875,436400,12.1875,12.0,2.4236156940460205
04-10-1990,11.9375,11.9375,557200,12.125,12.125,2.448861598968506
05-10-1990,11.9375,11.9375,556400,12.1875,12.1875,2.461484909057617
08-10-1990,12.1875,12.25,409600,12.3125,12.25,2.4741079807281494
09-10-1990,11.9375,12.1875,365000,12.25,12.0,2.4236156940460205
10-10-1990,11.8125,12.0,595200,12.0625,11.875,2.398369789123535
11-10-1990,11.5,12.0,676000,12.0,11.625,2.347878932952881
12-10-1990,11.75,11.8125,475200,12.125,12.0625,2.436239004135132
15-10-1990,11.9375,12.125,879200,12.1875,12.125,2.448861598968506
16-10-1990,12.0,12.125,1201200,12.1875,12.125,2.448861598968506
17-10-1990,12.0625,12.125,633400,12.3125,12.25,2.4741079807281494
18-10-1990,12.25,12.25,557200,12.375,12.375,2.4993529319763184
19-10-1990,12.3125,12.4375,1220000,12.5625,12.5625,2.5372226238250732
22-10-1990,12.5,12.5625,379000,12.625,12.625,2.5498461723327637
23-10-1990,12.5625,12.625,681200,12.75,12.625,2.5498461723327637
24-10-1990,12.5625,12.6875,974800,12.75,12.6875,2.5624706745147705
25-10-1990,12.6875,12.75,660200,12.875,12.75,2.575092315673828
26-10-1990,12.625,12.625,340600,12.75,12.625,2.5498461723327637
29-10-1990,12.5,12.6875,491600,12.75,12.6875,2.5624706745147705
30-10-1990,12.5625,12.5625,410400,12.75,12.75,2.575092315673828
31-10-1990,12.6875,12.75,499200,13.1875,13.1875,2.6634531021118164
01-11-1990,13.0625,13.125,593000,13.3125,13.25,2.676076889038086
02-11-1990,13.125,13.1875,1139000,13.3125,13.1875,2.6634531021118164
05-11-1990,13.1875,13.25,488600,13.3125,13.25,2.676076889038086
06-11-1990,13.0625,13.25,435600,13.375,13.1875,2.6634531021118164
07-11-1990,12.8125,13.1875,823000,13.25,12.8125,2.5877156257629395
08-11-1990,12.8125,12.8125,844200,13.0,13.0,2.6255836486816406
09-11-1990,13.0,13.0,606400,13.25,13.25,2.676076889038086
12-11-1990,13.25,13.3125,775200,13.375,13.3125,2.688699245452881
13-11-1990,13.0625,13.375,364400,13.375,13.125,2.650829315185547
14-11-1990,12.9375,13.1875,962800,13.1875,13.0625,2.638206958770752
15-11-1990,12.75,13.0,565400,13.0,12.9375,2.6129605770111084
16-11-1990,12.875,13.0,470600,13.125,13.0,2.6255836486816406
19-11-1990,13.0,13.0,505200,13.1875,13.0625,2.638206958770752
20-11-1990,12.875,13.0625,1288800,13.0625,12.9375,2.6129605770111084
21-11-1990,12.8125,13.0,349800,13.0,13.0,2.6255836486816406
23-11-1990,12.875,13.0,374400,13.0,13.0,2.6255836486816406
26-11-1990,12.875,12.875,481000,12.9375,12.9375,2.6129605770111084
27-11-1990,12.875,12.9375,551400,13.0625,13.0,2.6255836486816406
28-11-1990,12.9375,13.0,600400,13.1875,13.125,2.650829315185547
29-11-1990,13.0,13.125,610800,13.1875,13.125,2.650829315185547
30-11-1990,13.0625,13.0625,2342400,13.25,13.25,2.676076889038086
03-12-1990,12.75,13.0,789200,13.0,12.75,2.6276462078094482
04-12-1990,12.6875,12.75,512400,13.0,13.0,2.679168224334717
05-12-1990,12.875,12.9375,452600,13.0,12.9375,2.6662869453430176
06-12-1990,12.875,12.875,2057800,13.0625,13.0,2.679168224334717
07-12-1990,12.9375,13.0,3072000,13.125,13.0625,2.692049026489258
10-12-1990,12.9375,13.125,380400,13.125,13.125,2.704928398132324
11-12-1990,13.0625,13.125,574200,13.1875,13.125,2.704928398132324
12-12-1990,13.125,13.1875,396600,13.25,13.1875,2.7178101539611816
13-12-1990,13.125,13.125,200400,13.1875,13.125,2.704928398132324
14-12-1990,13.0625,13.0625,258400,13.1875,13.125,2.704928398132324
17-12-1990,13.0625,13.125,166600,13.1875,13.1875,2.7178101539611816
18-12-1990,13.125,13.1875,458600,13.4375,13.375,2.756450891494751
19-12-1990,13.3125,13.4375,688600,13.5,13.5,2.7822132110595703
20-12-1990,13.25,13.4375,992400,13.4375,13.4375,2.76933217048645
21-12-1990,13.375,13.5,775800,13.5,13.5,2.7822132110595703
24-12-1990,13.3125,13.375,114000,13.4375,13.3125,2.7435710430145264
26-12-1990,13.25,13.3125,347200,13.4375,13.375,2.756450891494751
27-12-1990,13.3125,13.375,540000,13.5,13.4375,2.76933217048645
28-12-1990,13.375,13.4375,541000,13.4375,13.4375,2.76933217048645
31-12-1990,13.1875,13.4375,155400,13.4375,13.1875,2.7178101539611816
02-01-1991,13.1875,13.3125,303200,13.375,13.25,2.7306904792785645
03-01-1991,13.25,13.25,276400,13.3125,13.3125,2.7435710430145264
04-01-1991,13.1875,13.25,334800,13.3125,13.25,2.7306904792785645
07-01-1991,13.125,13.25,534000,13.25,13.125,2.704928398132324
08-01-1991,12.9375,13.0,659600,13.1875,13.1875,2.7178101539611816
09-01-1991,13.0,13.25,1331800,13.25,13.0625,2.692049026489258
10-01-1991,13.0,13.0625,298200,13.125,13.0625,2.692049026489258
11-01-1991,13.0,13.0,890000,13.125,13.0625,2.692049026489258
14-01-1991,12.8125,12.9375,353200,12.9375,12.9375,2.6662869453430176
15-01-1991,12.75,12.9375,330000,12.9375,12.8125,2.6405253410339355
16-01-1991,12.8125,12.9375,410000,12.9375,12.8125,2.6405253410339355
17-01-1991,13.0,13.0625,859400,13.25,13.125,2.704928398132324
18-01-1991,13.0625,13.0625,640600,13.1875,13.125,2.704928398132324
21-01-1991,13.0,13.0,521600,13.25,13.125,2.704928398132324
22-01-1991,13.125,13.1875,227600,13.1875,13.1875,2.7178101539611816
23-01-1991,13.125,13.1875,332800,13.25,13.25,2.7306904792785645
24-01-1991,13.1875,13.25,592000,13.375,13.25,2.7306904792785645
25-01-1991,13.1875,13.25,285000,13.25,13.25,2.7306904792785645
28-01-1991,13.0625,13.25,242200,13.25,13.125,2.704928398132324
29-01-1991,12.9375,13.125,1021000,13.125,13.125,2.704928398132324
30-01-1991,12.875,13.125,537200,13.25,12.9375,2.6662869453430176
31-01-1991,12.8125,12.9375,1026200,13.0,13.0,2.679168224334717
01-02-1991,13.0,13.0,619600,13.1875,13.125,2.704928398132324
04-02-1991,13.125,13.1875,660600,13.25,13.1875,2.7178101539611816
05-02-1991,13.125,13.1875,1070800,13.3125,13.3125,2.7435710430145264
06-02-1991,13.1875,13.25,763600,13.3125,13.3125,2.7435710430145264
07-02-1991,13.25,13.3125,1666200,13.625,13.375,2.756450891494751
08-02-1991,13.3125,13.375,787400,13.5,13.5,2.7822132110595703
11-02-1991,13.4375,13.5,1106200,13.9375,13.8125,2.846616268157959
12-02-1991,13.75,13.875,772400,14.0,13.9375,2.872377634048462
13-02-1991,13.875,13.9375,339000,14.0,14.0,2.88525652885437
14-02-1991,13.8125,14.0,799800,14.0625,13.9375,2.872377634048462
15-02-1991,13.6875,13.875,737400,14.0,13.8125,2.846616268157959
19-02-1991,13.6875,13.8125,490000,13.8125,13.8125,2.846616268157959
20-02-1991,13.625,13.75,359600,13.75,13.6875,2.820854663848877
21-02-1991,13.625,13.625,320400,13.75,13.75,2.8337345123291016
22-02-1991,13.5625,13.625,916200,13.875,13.75,2.8337345123291016
25-02-1991,13.75,13.875,940800,13.9375,13.9375,2.872377634048462
26-02-1991,13.625,13.8125,537000,13.875,13.6875,2.820854663848877
27-02-1991,13.6875,13.6875,348400,13.875,13.8125,2.846616268157959
28-02-1991,13.6875,13.8125,1386800,13.875,13.8125,2.846616268157959
01-03-1991,13.375,13.5625,874000,13.625,13.5,2.8366353511810303
04-03-1991,13.1875,13.4375,594000,13.4375,13.25,2.784105062484741
05-03-1991,13.1875,13.3125,386000,13.375,13.3125,2.7972381114959717
06-03-1991,13.0,13.3125,894000,13.4375,13.0625,2.7447078227996826
07-03-1991,13.0625,13.125,2997600,13.1875,13.125,2.7578389644622803
08-03-1991,12.9375,13.125,335600,13.1875,13.0,2.731574773788452
11-03-1991,12.9375,13.0,257800,13.1875,13.0625,2.7447078227996826
12-03-1991,13.125,13.25,454800,13.3125,13.25,2.784105062484741
13-03-1991,13.1875,13.1875,407600,13.3125,13.25,2.784105062484741
14-03-1991,13.0625,13.25,346400,13.375,13.125,2.7578389644622803
15-03-1991,13.1875,13.3125,917600,13.375,13.375,2.8103692531585693
18-03-1991,13.3125,13.375,201800,13.4375,13.375,2.8103692531585693
19-03-1991,13.125,13.125,304200,13.375,13.375,2.8103692531585693
20-03-1991,13.3125,13.3125,298600,13.4375,13.375,2.8103692531585693
21-03-1991,13.3125,13.375,1593000,13.375,13.3125,2.7972381114959717
22-03-1991,13.3125,13.3125,794400,13.5,13.5,2.8366353511810303
25-03-1991,13.4375,13.5,1171600,13.5625,13.5,2.8366353511810303
26-03-1991,13.375,13.4375,972800,13.5625,13.5625,2.8497681617736816
27-03-1991,13.4375,13.5625,1053200,13.5625,13.5625,2.8497681617736816
28-03-1991,13.5625,13.5625,733600,13.6875,13.625,2.8629019260406494
01-04-1991,13.4375,13.625,491000,13.625,13.5625,2.8497681617736816
02-04-1991,13.5,13.5625,268200,13.625,13.5625,2.8497681617736816
03-04-1991,13.5625,13.625,440400,13.6875,13.6875,2.876032829284668
04-04-1991,13.625,13.6875,337400,13.75,13.6875,2.876032829284668
05-04-1991,13.4375,13.6875,462000,13.75,13.5625,2.8497681617736816
08-04-1991,13.1875,13.625,422800,13.625,13.5,2.8366353511810303
09-04-1991,13.375,13.4375,414800,13.5,13.4375,2.823502540588379
10-04-1991,13.4375,13.4375,358200,13.625,13.5625,2.8497681617736816
11-04-1991,13.5625,13.625,348400,13.6875,13.625,2.8629019260406494
12-04-1991,13.5625,13.625,493600,13.6875,13.5625,2.8497681617736816
15-04-1991,13.625,13.625,701200,13.75,13.6875,2.876032829284668
16-04-1991,13.625,13.6875,458400,13.8125,13.75,2.889164447784424
17-04-1991,13.625,13.6875,427000,13.8125,13.6875,2.876032829284668
18-04-1991,13.5,13.6875,639600,13.6875,13.5625,2.8497681617736816
19-04-1991,13.25,13.5625,1441800,13.5625,13.25,2.784105062484741
22-04-1991,13.125,13.3125,336000,13.375,13.125,2.7578389644622803
23-04-1991,13.3125,13.3125,312200,13.5,13.5,2.8366353511810303
24-04-1991,13.4375,13.4375,260400,13.625,13.625,2.8629019260406494
25-04-1991,13.375,13.625,415000,13.625,13.375,2.8103692531585693
26-04-1991,13.3125,13.375,305600,13.5,13.5,2.8366353511810303
29-04-1991,13.375,13.4375,294800,13.5625,13.375,2.8103692531585693
30-04-1991,13.375,13.4375,368000,13.5625,13.5625,2.8497681617736816
01-05-1991,13.5,13.625,574000,13.6875,13.6875,2.876032829284668
02-05-1991,13.5625,13.625,431000,13.6875,13.625,2.8629019260406494
03-05-1991,13.4375,13.625,502000,13.6875,13.5625,2.8497681617736816
06-05-1991,13.4375,13.5625,391800,13.625,13.625,2.8629019260406494
07-05-1991,13.5625,13.5625,526000,13.6875,13.6875,2.876032829284668
08-05-1991,13.625,13.6875,818000,13.8125,13.8125,2.9022984504699707
09-05-1991,13.75,13.75,443400,13.875,13.8125,2.9022984504699707
10-05-1991,13.5,13.8125,1048000,13.8125,13.5625,2.8497681617736816
13-05-1991,13.4375,13.625,297000,13.6875,13.6875,2.876032829284668
14-05-1991,13.5,13.6875,336800,13.6875,13.5,2.8366353511810303
15-05-1991,13.3125,13.5,306200,13.5,13.4375,2.823502540588379
16-05-1991,13.375,13.4375,450800,13.5625,13.5625,2.8497681617736816
17-05-1991,13.4375,13.5625,669200,13.6875,13.625,2.8629019260406494
20-05-1991,13.5625,13.5625,429400,13.8125,13.625,2.8629019260406494
21-05-1991,13.625,13.625,245600,13.75,13.6875,2.876032829284668
22-05-1991,13.5625,13.625,382800,13.75,13.75,2.889164447784424
23-05-1991,13.5625,13.75,624600,13.8125,13.75,2.889164447784424
24-05-1991,13.6875,13.75,461600,13.8125,13.75,2.889164447784424
28-05-1991,13.6875,13.75,490200,13.8125,13.75,2.889164447784424
29-05-1991,13.75,13.8125,557000,13.8125,13.8125,2.9022984504699707
30-05-1991,13.6875,13.8125,1246200,13.9375,13.75,2.889164447784424
31-05-1991,13.5,13.75,1228800,13.75,13.5625,2.8497681617736816
03-06-1991,13.0625,13.25,1141000,13.3125,13.1875,2.826193332672119
04-06-1991,13.0625,13.125,1387800,13.1875,13.0625,2.7994041442871094
05-06-1991,12.875,13.125,1863600,13.125,12.9375,2.772616147994995
06-06-1991,12.75,12.9375,2657600,13.0,12.8125,2.7458269596099854
07-06-1991,12.8125,12.8125,402000,13.0625,12.9375,2.772616147994995
10-06-1991,12.875,13.0,332200,13.0625,12.875,2.7592227458953857
11-06-1991,12.875,12.9375,343000,13.0625,13.0625,2.7994041442871094
12-06-1991,12.9375,13.0625,501000,13.0625,12.9375,2.772616147994995
13-06-1991,12.9375,13.0,518800,13.125,13.125,2.8127989768981934
14-06-1991,13.125,13.125,267200,13.1875,13.1875,2.826193332672119
17-06-1991,13.0625,13.125,266400,13.1875,13.0625,2.7994041442871094
18-06-1991,12.875,13.0,819600,13.125,13.0,2.7860107421875
19-06-1991,12.625,12.875,594200,12.9375,12.8125,2.7458269596099854
20-06-1991,12.8125,12.8125,487800,12.875,12.875,2.7592227458953857
21-06-1991,12.8125,12.875,1223800,12.9375,12.8125,2.7458269596099854
24-06-1991,12.75,12.8125,990600,12.875,12.875,2.7592227458953857
25-06-1991,12.8125,12.875,209400,12.875,12.8125,2.7458269596099854
26-06-1991,12.6875,12.875,590400,12.875,12.8125,2.7458269596099854
27-06-1991,12.8125,12.8125,446800,12.9375,12.9375,2.772616147994995
28-06-1991,12.8125,12.875,492200,12.9375,12.9375,2.772616147994995
01-07-1991,12.9375,12.9375,467600,13.125,13.0,2.7860107421875
02-07-1991,12.9375,13.0,536000,13.0625,13.0625,2.7994041442871094
03-07-1991,12.9375,13.0625,371600,13.0625,13.0,2.7860107421875
05-07-1991,12.9375,13.0,217800,13.0625,13.0,2.7860107421875
08-07-1991,12.9375,13.0,327400,13.125,13.125,2.8127989768981934
09-07-1991,13.0625,13.125,816800,13.1875,13.125,2.8127989768981934
10-07-1991,13.0625,13.0625,464000,13.125,13.0625,2.7994041442871094
11-07-1991,13.0625,13.125,841800,13.25,13.25,2.8395884037017822
12-07-1991,13.125,13.25,301400,13.375,13.375,2.8663768768310547
15-07-1991,13.1875,13.3125,287600,13.3125,13.25,2.8395884037017822
16-07-1991,13.125,13.25,671400,13.3125,13.25,2.8395884037017822
17-07-1991,13.1875,13.25,315600,13.3125,13.25,2.8395884037017822
18-07-1991,13.1875,13.25,664800,13.3125,13.25,2.8395884037017822
19-07-1991,13.1875,13.25,384800,13.25,13.1875,2.826193332672119
22-07-1991,13.125,13.25,322000,13.25,13.125,2.8127989768981934
23-07-1991,13.0,13.1875,607000,13.1875,13.0625,2.7994041442871094
24-07-1991,13.0625,13.125,692800,13.1875,13.0625,2.7994041442871094
25-07-1991,13.0625,13.125,514400,13.3125,13.3125,2.85298228263855
26-07-1991,13.25,13.25,254000,13.4375,13.4375,2.879769802093506
29-07-1991,13.3125,13.4375,551600,13.6875,13.625,2.919955253601074
30-07-1991,13.5625,13.6875,601400,13.6875,13.6875,2.933347225189209
31-07-1991,13.5625,13.6875,244800,13.6875,13.625,2.919955253601074
01-08-1991,13.4375,13.625,517400,13.625,13.5625,2.9065589904785156
02-08-1991,13.625,13.6875,325800,13.75,13.75,2.946742296218872
05-08-1991,13.6875,13.75,266400,13.8125,13.8125,2.9601359367370605
06-08-1991,13.625,13.8125,1063800,13.875,13.875,2.9735302925109863
07-08-1991,13.75,13.875,500000,13.875,13.8125,2.9601359367370605
08-08-1991,13.75,13.8125,326400,13.875,13.8125,2.9601359367370605
09-08-1991,13.75,13.8125,290000,13.875,13.8125,2.9601359367370605
12-08-1991,13.8125,13.8125,1065400,13.9375,13.875,2.9735302925109863
13-08-1991,13.8125,13.875,591800,14.0,14.0,3.000319480895996
14-08-1991,13.9375,13.9375,1335000,14.125,14.0625,3.0137126445770264
15-08-1991,14.0,14.0625,849800,14.1875,14.0625,3.0137126445770264
16-08-1991,13.75,14.0625,545400,14.0625,13.9375,2.986924409866333
19-08-1991,13.625,13.625,387600,13.8125,13.6875,2.933347225189209
20-08-1991,13.6875,13.75,602400,13.9375,13.9375,2.986924409866333
21-08-1991,13.875,14.0,1535800,14.1875,14.125,3.0271074771881104
22-08-1991,13.9375,14.125,793600,14.125,14.0625,3.0137126445770264
23-08-1991,14.0,14.0,658400,14.125,14.125,3.0271074771881104
26-08-1991,13.9375,14.0625,940600,14.125,14.0625,3.0137126445770264
27-08-1991,14.0,14.0625,605600,14.125,14.0625,3.0137126445770264
28-08-1991,14.0625,14.125,471000,14.3125,14.125,3.0271074771881104
29-08-1991,14.125,14.125,576600,14.25,14.1875,3.040501117706299
30-08-1991,14.0625,14.1875,1447400,14.1875,14.1875,3.040501117706299
03-09-1991,13.75,13.875,982000,13.9375,13.75,3.0028305053710938
04-09-1991,13.6875,13.75,519400,13.8125,13.75,3.0028305053710938
05-09-1991,13.5,13.75,510000,13.75,13.625,2.9755334854125977
06-09-1991,13.5,13.625,421800,13.6875,13.6875,2.989180564880371
09-09-1991,13.375,13.625,1584800,13.6875,13.5,2.9482333660125732
10-09-1991,13.5,13.5625,475800,13.625,13.5625,2.9618823528289795
11-09-1991,13.625,13.625,283600,13.75,13.6875,2.989180564880371
12-09-1991,13.6875,13.75,426200,13.75,13.75,3.0028305053710938
13-09-1991,13.625,13.875,500600,13.875,13.625,2.9755334854125977
16-09-1991,13.625,13.6875,511200,13.75,13.75,3.0028305053710938
17-09-1991,13.6875,13.75,519400,13.9375,13.875,3.0301284790039062
18-09-1991,13.8125,13.8125,296600,14.0625,14.0625,3.071075439453125
19-09-1991,13.9375,14.0625,505600,14.0625,14.0,3.0574278831481934
20-09-1991,14.0,14.125,1007400,14.125,14.0625,3.071075439453125
23-09-1991,13.9375,14.0,284000,14.0625,14.0,3.0574278831481934
24-09-1991,13.875,14.0,1364400,14.0625,13.9375,3.0437779426574707
25-09-1991,13.8125,13.9375,388800,13.9375,13.875,3.0301284790039062
26-09-1991,13.8125,13.875,591200,14.0,13.9375,3.0437779426574707
27-09-1991,13.9375,13.9375,505800,14.0625,14.0,3.0574278831481934
30-09-1991,14.0,14.0,668000,14.1875,14.1875,3.0983734130859375
01-10-1991,14.125,14.1875,487600,14.25,14.25,3.112022638320923
02-10-1991,14.1875,14.25,515000,14.375,14.3125,3.1256723403930664
03-10-1991,14.25,14.25,523200,14.375,14.375,3.1393229961395264
04-10-1991,14.125,14.375,880400,14.375,14.1875,3.0983734130859375
07-10-1991,14.125,14.125,461800,14.1875,14.1875,3.0983734130859375
08-10-1991,14.125,14.1875,726000,14.25,14.1875,3.0983734130859375
09-10-1991,14.0,14.1875,443800,14.1875,14.0,3.0574278831481934
10-10-1991,13.9375,14.0625,435600,14.125,14.125,3.0847251415252686
11-10-1991,14.0,14.125,605800,14.25,14.1875,3.0983734130859375
14-10-1991,14.25,14.25,287000,14.3125,14.3125,3.1256723403930664
15-10-1991,14.1875,14.25,494200,14.3125,14.3125,3.1256723403930664
16-10-1991,14.0625,14.25,452400,14.3125,14.1875,3.0983734130859375
17-10-1991,14.0625,14.1875,677400,14.1875,14.125,3.0847251415252686
18-10-1991,14.125,14.1875,402000,14.3125,14.25,3.112022638320923
21-10-1991,13.9375,14.25,630800,14.25,14.0625,3.071075439453125
22-10-1991,13.9375,14.0,565000,14.0625,14.0625,3.071075439453125
23-10-1991,13.9375,14.0,567600,14.125,14.0625,3.071075439453125
24-10-1991,13.9375,14.0,388800,14.125,14.125,3.0847251415252686
25-10-1991,14.0625,14.0625,396000,14.3125,14.25,3.112022638320923
28-10-1991,14.125,14.1875,710000,14.25,14.1875,3.0983734130859375
29-10-1991,14.0625,14.1875,551200,14.25,14.1875,3.0983734130859375
30-10-1991,14.125,14.1875,537800,14.25,14.25,3.112022638320923
31-10-1991,14.1875,14.1875,352800,14.25,14.1875,3.0983734130859375
01-11-1991,14.125,14.25,597200,14.25,14.25,3.112022638320923
04-11-1991,14.0625,14.25,1084400,14.25,14.125,3.0847251415252686
05-11-1991,14.125,14.1875,448800,14.1875,14.1875,3.0983734130859375
06-11-1991,14.125,14.1875,392000,14.25,14.25,3.112022638320923
07-11-1991,14.125,14.25,1117000,14.4375,14.4375,3.1529712677001953
08-11-1991,14.3125,14.375,625200,14.5,14.4375,3.1529712677001953
11-11-1991,14.25,14.4375,363000,14.4375,14.3125,3.1256723403930664
12-11-1991,13.4375,14.375,6074200,14.4375,13.875,3.0301284790039062
13-11-1991,13.6875,13.75,1723400,13.9375,13.8125,3.0164794921875
14-11-1991,13.6875,13.875,1413000,13.875,13.6875,2.989180564880371
15-11-1991,13.5,13.625,883800,13.8125,13.5625,2.9618823528289795
18-11-1991,13.375,13.625,965000,13.75,13.6875,2.989180564880371
19-11-1991,13.4375,13.6875,602600,13.6875,13.6875,2.989180564880371
20-11-1991,13.5625,13.75,556200,13.875,13.625,2.9755334854125977
21-11-1991,13.5625,13.5625,486600,13.8125,13.8125,3.0164794921875
22-11-1991,13.6875,13.8125,1029400,13.9375,13.6875,2.989180564880371
25-11-1991,13.625,13.6875,542600,13.75,13.75,3.0028305053710938
26-11-1991,13.6875,13.875,828200,13.9375,13.8125,3.0164794921875
27-11-1991,13.8125,13.875,789400,14.0625,14.0625,3.071075439453125
29-11-1991,13.9375,14.0,1709200,14.1875,14.125,3.0847251415252686
02-12-1991,13.6875,13.8125,3273000,13.9375,13.875,3.0891780853271484
03-12-1991,13.8125,13.875,684600,14.0,13.9375,3.1030936241149902
04-12-1991,13.6875,13.9375,772000,13.9375,13.75,3.0613481998443604
05-12-1991,13.75,13.8125,462200,13.875,13.8125,3.0752623081207275
06-12-1991,13.75,13.75,907400,13.875,13.875,3.0891780853271484
09-12-1991,13.625,13.875,738400,13.9375,13.6875,3.0474324226379395
10-12-1991,13.625,13.6875,2005600,13.9375,13.875,3.0891780853271484
11-12-1991,13.8125,13.875,972400,13.9375,13.875,3.0891780853271484
12-12-1991,13.875,13.9375,395000,14.0,13.9375,3.1030936241149902
13-12-1991,13.6875,14.0,552200,14.0,13.8125,3.0752623081207275
16-12-1991,13.5,13.75,608600,13.8125,13.5,3.005687713623047
17-12-1991,13.5,13.5,952600,13.625,13.5625,3.0196022987365723
18-12-1991,13.5625,13.625,549400,13.75,13.625,3.0335192680358887
19-12-1991,13.5625,13.6875,543000,13.75,13.625,3.0335192680358887
20-12-1991,13.8125,13.9375,1248200,14.0625,14.0,3.117009401321411
23-12-1991,14.0,14.0625,945800,14.375,14.3125,3.18658447265625
24-12-1991,14.3125,14.375,517800,14.5625,14.4375,3.2144153118133545
26-12-1991,14.4375,14.5,326600,14.5625,14.5,3.22832989692688
27-12-1991,14.4375,14.5625,294400,14.5625,14.5,3.22832989692688
30-12-1991,14.5,14.5625,576800,14.6875,14.6875,3.2700772285461426
31-12-1991,14.4375,14.5625,659400,14.6875,14.6875,3.2700772285461426
02-01-1992,14.4375,14.625,658200,14.6875,14.5625,3.242244243621826
03-01-1992,14.5,14.5625,673000,14.6875,14.6875,3.2700772285461426
06-01-1992,14.5625,14.6875,691400,14.75,14.75,3.2839934825897217
07-01-1992,14.625,14.75,562400,14.75,14.75,3.2839934825897217
08-01-1992,14.625,14.6875,663000,14.75,14.6875,3.2700772285461426
09-01-1992,14.4375,14.75,547000,14.75,14.5,3.22832989692688
10-01-1992,14.1875,14.5,701800,14.5,14.25,3.17266845703125
13-01-1992,13.875,14.1875,990200,14.1875,13.9375,3.1030936241149902
14-01-1992,13.875,13.9375,1370800,14.0625,14.0625,3.130923271179199
15-01-1992,13.875,14.0625,614800,14.0625,14.0,3.117009401321411
16-01-1992,13.6875,14.0,863800,14.0,13.8125,3.0752623081207275
17-01-1992,13.6875,13.8125,535600,13.9375,13.8125,3.0752623081207275
20-01-1992,13.75,13.8125,640800,14.0,13.875,3.0891780853271484
21-01-1992,13.8125,13.9375,663800,14.0,13.8125,3.0752623081207275
22-01-1992,13.8125,13.875,665800,14.0,14.0,3.117009401321411
23-01-1992,13.8125,13.9375,598600,13.9375,13.875,3.0891780853271484
24-01-1992,13.8125,13.875,356000,13.9375,13.9375,3.1030936241149902
27-01-1992,13.875,13.9375,418000,14.0,14.0,3.117009401321411
28-01-1992,14.0,14.0,443600,14.3125,14.25,3.17266845703125
29-01-1992,13.9375,14.125,580200,14.3125,13.9375,3.1030936241149902
30-01-1992,13.5,14.0,1268800,14.125,13.5,3.005687713623047
31-01-1992,13.625,13.625,636400,13.8125,13.6875,3.0474324226379395
03-02-1992,13.5,13.6875,539400,13.6875,13.5625,3.0196022987365723
04-02-1992,13.4375,13.5625,1037600,13.5625,13.5625,3.0196022987365723
05-02-1992,13.5,13.5625,1878200,13.625,13.5,3.005687713623047
06-02-1992,13.5,13.5625,792200,13.625,13.5,3.005687713623047
07-02-1992,13.5,13.5,1016200,13.625,13.5625,3.0196022987365723
10-02-1992,13.5,13.5625,976000,13.75,13.75,3.0613481998443604
11-02-1992,13.625,13.75,505600,13.75,13.6875,3.0474324226379395
12-02-1992,13.625,13.6875,691200,13.875,13.8125,3.0752623081207275
13-02-1992,13.625,13.6875,482800,13.8125,13.75,3.0613481998443604
14-02-1992,13.6875,13.6875,243800,13.875,13.75,3.0613481998443604
18-02-1992,13.625,13.875,559200,13.875,13.6875,3.0474324226379395
19-02-1992,13.625,13.6875,439600,13.8125,13.75,3.0613481998443604
20-02-1992,13.625,13.8125,699600,13.875,13.6875,3.0474324226379395
21-02-1992,13.625,13.75,583000,13.75,13.6875,3.0474324226379395
24-02-1992,13.5625,13.6875,568000,13.6875,13.6875,3.0474324226379395
25-02-1992,13.625,13.6875,966600,13.8125,13.75,3.0613481998443604
26-02-1992,13.6875,13.75,476800,13.875,13.875,3.0891780853271484
27-02-1992,13.8125,13.875,530600,13.875,13.875,3.0891780853271484
28-02-1992,13.8125,13.8125,2758400,14.0625,14.0,3.117009401321411
02-03-1992,13.5,13.6875,1481000,13.6875,13.5,3.0647940635681152
03-03-1992,13.5,13.5625,591800,13.625,13.5625,3.0789830684661865
04-03-1992,13.4375,13.5625,404200,13.625,13.4375,3.0506038665771484
05-03-1992,13.4375,13.5,384000,13.5,13.4375,3.0506038665771484
06-03-1992,13.3125,13.5,478600,13.5,13.3125,3.0222277641296387
09-03-1992,13.375,13.375,510600,13.5625,13.5,3.0647940635681152
10-03-1992,13.375,13.625,604600,13.625,13.375,3.03641676902771
11-03-1992,13.3125,13.375,449600,13.4375,13.375,3.03641676902771
12-03-1992,13.3125,13.375,436400,13.625,13.5,3.0647940635681152
13-03-1992,13.375,13.5625,502600,13.625,13.5,3.0647940635681152
16-03-1992,13.375,13.5,411200,13.5,13.5,3.0647940635681152
17-03-1992,13.3125,13.5,510000,13.5625,13.4375,3.0506038665771484
18-03-1992,13.3125,13.4375,598800,13.4375,13.4375,3.0506038665771484
19-03-1992,13.3125,13.375,608400,13.4375,13.3125,3.0222277641296387
20-03-1992,13.3125,13.3125,1281200,13.4375,13.4375,3.0506038665771484
23-03-1992,13.375,13.375,339800,13.4375,13.4375,3.0506038665771484
24-03-1992,13.4375,13.4375,614800,13.5,13.4375,3.0506038665771484
25-03-1992,13.375,13.4375,1550600,13.5,13.4375,3.0506038665771484
26-03-1992,13.25,13.375,655600,13.5,13.375,3.03641676902771
27-03-1992,13.3125,13.375,378400,13.4375,13.375,3.03641676902771
30-03-1992,13.25,13.375,334200,13.8125,13.375,3.03641676902771
31-03-1992,13.3125,13.375,567400,13.5,13.5,3.0647940635681152
01-04-1992,13.375,13.4375,398400,13.5,13.4375,3.0506038665771484
02-04-1992,13.25,13.4375,513400,13.4375,13.25,3.0080389976501465
03-04-1992,13.25,13.25,848800,13.375,13.25,3.0080389976501465
06-04-1992,13.25,13.25,356600,13.375,13.375,3.03641676902771
07-04-1992,13.1875,13.3125,599000,13.3125,13.25,3.0080389976501465
08-04-1992,13.125,13.1875,535800,13.25,13.1875,2.993849277496338
09-04-1992,13.1875,13.25,768600,13.375,13.3125,3.0222277641296387
10-04-1992,13.25,13.375,463800,13.375,13.375,3.03641676902771
13-04-1992,13.125,13.375,825800,13.375,13.375,3.03641676902771
14-04-1992,13.25,13.375,957600,13.375,13.3125,3.0222277641296387
15-04-1992,13.3125,13.3125,536200,13.5625,13.5625,3.0789830684661865
16-04-1992,13.375,13.5,587000,13.5625,13.5625,3.0789830684661865
20-04-1992,13.3125,13.4375,575400,13.5,13.5,3.0647940635681152
21-04-1992,12.6875,13.0625,2109600,13.125,13.0625,2.9654712677001953
22-04-1992,13.0625,13.0625,992200,13.25,13.1875,2.993849277496338
23-04-1992,13.0,13.125,650200,13.1875,13.1875,2.993849277496338
24-04-1992,13.125,13.1875,409400,13.1875,13.125,2.9796600341796875
27-04-1992,12.875,13.125,1043000,13.1875,12.9375,2.937093734741211
28-04-1992,12.8125,12.9375,955200,13.0,12.8125,2.9087154865264893
29-04-1992,12.8125,12.875,803000,13.0,13.0,2.9512834548950195
30-04-1992,12.9375,13.0,611400,13.0625,13.0625,2.9654712677001953
01-05-1992,13.0,13.125,466400,13.25,13.125,2.9796600341796875
04-05-1992,13.0,13.0625,524800,13.3125,13.25,3.0080389976501465
05-05-1992,13.125,13.1875,1275000,13.5,13.375,3.03641676902771
06-05-1992,13.375,13.4375,784400,13.5,13.375,3.03641676902771
07-05-1992,13.375,13.375,888200,13.4375,13.4375,3.0506038665771484
08-05-1992,13.375,13.375,1029800,13.5,13.5,3.0647940635681152
11-05-1992,13.4375,13.5,544800,13.625,13.5625,3.0789830684661865
12-05-1992,13.5,13.5625,707200,13.625,13.625,3.0931735038757324
13-05-1992,13.5625,13.625,538400,13.6875,13.625,3.0931735038757324
14-05-1992,13.5,13.5625,539400,13.625,13.5625,3.0789830684661865
15-05-1992,13.5,13.5,626200,13.5625,13.5625,3.0789830684661865
18-05-1992,13.5,13.5,736400,13.5625,13.5625,3.0789830684661865
19-05-1992,13.5,13.5625,498600,13.6875,13.625,3.0931735038757324
20-05-1992,13.5625,13.625,451200,13.6875,13.625,3.0931735038757324
21-05-1992,13.5,13.625,553000,13.625,13.5625,3.0789830684661865
22-05-1992,13.5625,13.5625,339600,13.625,13.625,3.0931735038757324
26-05-1992,13.5625,13.625,525800,13.6875,13.625,3.0931735038757324
27-05-1992,13.625,13.6875,963200,13.75,13.75,3.121549606323242
28-05-1992,13.6875,13.75,801600,13.9375,13.875,3.1499271392822266
29-05-1992,13.875,13.875,1521200,14.0625,13.9375,3.1641159057617188
01-06-1992,13.5,13.625,1245800,13.6875,13.5625,3.139808177947998
02-06-1992,13.375,13.5625,846000,13.5625,13.4375,3.110868453979492
03-06-1992,13.4375,13.5,405400,13.5,13.5,3.1253390312194824
04-06-1992,13.4375,13.5,458800,13.5,13.4375,3.110868453979492
05-06-1992,13.375,13.4375,543400,13.5,13.5,3.1253390312194824
08-06-1992,13.4375,13.5,355000,13.5,13.5,3.1253390312194824
09-06-1992,13.4375,13.5,565200,13.5625,13.5625,3.139808177947998
10-06-1992,13.4375,13.5625,572800,13.625,13.5,3.1253390312194824
11-06-1992,13.4375,13.4375,248600,13.5,13.5,3.1253390312194824
12-06-1992,13.4375,13.5,400600,13.5625,13.4375,3.110868453979492
15-06-1992,13.4375,13.4375,502200,13.625,13.5,3.1253390312194824
16-06-1992,13.4375,13.5625,506800,13.5625,13.4375,3.110868453979492
17-06-1992,13.3125,13.4375,486800,13.5,13.3125,3.0819318294525146
18-06-1992,13.3125,13.375,298200,13.4375,13.4375,3.110868453979492
19-06-1992,13.375,13.375,446800,13.5,13.5,3.1253390312194824
22-06-1992,13.375,13.5,314200,13.5,13.5,3.1253390312194824
23-06-1992,13.4375,13.4375,349400,13.5625,13.5625,3.139808177947998
24-06-1992,13.5,13.5,270200,13.625,13.5625,3.139808177947998
25-06-1992,13.5,13.625,347200,13.6875,13.5625,3.139808177947998
26-06-1992,13.5,13.625,285800,13.6875,13.625,3.1542789936065674
29-06-1992,13.5625,13.625,536800,13.6875,13.6875,3.168745994567871
30-06-1992,13.6875,13.875,470600,13.875,13.8125,3.1976840496063232
01-07-1992,13.75,13.8125,284600,13.875,13.875,3.212153673171997
02-07-1992,13.8125,13.9375,540800,14.0,14.0,3.2410924434661865
06-07-1992,13.875,14.0,633200,14.0625,14.0,3.2410924434661865
07-07-1992,14.0,14.0625,1025200,14.125,14.0,3.2410924434661865
08-07-1992,13.9375,14.0,566200,14.0625,14.0,3.2410924434661865
09-07-1992,13.9375,14.0,602000,14.0625,14.0625,3.2555603981018066
10-07-1992,13.875,14.0625,734200,14.0625,13.875,3.212153673171997
13-07-1992,13.6875,13.875,826400,13.9375,13.75,3.183215379714966
14-07-1992,13.6875,13.75,817200,13.8125,13.8125,3.1976840496063232
15-07-1992,13.8125,13.875,506400,14.0,14.0,3.2410924434661865
16-07-1992,13.875,14.0,565000,14.0,13.875,3.212153673171997
17-07-1992,13.875,13.9375,501800,14.0,14.0,3.2410924434661865
20-07-1992,13.8125,13.9375,442800,13.9375,13.875,3.212153673171997
21-07-1992,13.75,13.9375,519400,13.9375,13.8125,3.1976840496063232
22-07-1992,13.75,13.75,607400,13.875,13.75,3.183215379714966
23-07-1992,13.75,13.8125,438400,13.875,13.8125,3.1976840496063232
24-07-1992,13.8125,13.875,459600,13.875,13.8125,3.1976840496063232
27-07-1992,13.8125,13.8125,472200,13.9375,13.875,3.212153673171997
28-07-1992,13.875,13.9375,959400,14.125,14.125,3.2700304985046387
29-07-1992,14.0625,14.125,1108600,14.1875,14.125,3.2700304985046387
30-07-1992,14.0625,14.125,556600,14.1875,14.125,3.2700304985046387
31-07-1992,14.0625,14.125,438000,14.125,14.125,3.2700304985046387
03-08-1992,14.0625,14.125,625200,14.1875,14.125,3.2700304985046387
04-08-1992,14.0,14.125,887400,14.125,14.0625,3.2555603981018066
05-08-1992,13.9375,14.0625,666800,14.0625,14.0,3.2410924434661865
06-08-1992,13.75,13.9375,1029400,14.0,13.8125,3.1976840496063232
07-08-1992,13.75,13.875,1107600,13.875,13.8125,3.1976840496063232
10-08-1992,13.6875,13.75,645200,13.8125,13.75,3.183215379714966
11-08-1992,13.5,13.75,2763600,13.75,13.5625,3.139808177947998
12-08-1992,13.5,13.625,1610600,13.625,13.625,3.1542789936065674
13-08-1992,13.625,13.6875,1044400,13.75,13.6875,3.168745994567871
14-08-1992,13.625,13.6875,1229400,13.8125,13.6875,3.168745994567871
17-08-1992,13.625,13.6875,668200,13.75,13.6875,3.168745994567871
18-08-1992,13.625,13.6875,2201800,13.875,13.75,3.183215379714966
19-08-1992,13.75,13.8125,791600,13.9375,13.9375,3.2266228199005127
20-08-1992,13.875,13.9375,567600,14.0,13.9375,3.2266228199005127
21-08-1992,13.8125,14.0,853800,14.0625,13.875,3.212153673171997
24-08-1992,13.75,13.9375,793400,13.9375,13.875,3.212153673171997
25-08-1992,13.75,13.9375,1901200,13.9375,13.8125,3.1976840496063232
26-08-1992,13.6875,13.75,752600,13.8125,13.8125,3.1976840496063232
27-08-1992,13.375,13.875,1141200,13.875,13.8125,3.1976840496063232
28-08-1992,13.8125,13.8125,560000,13.875,13.875,3.212153673171997
31-08-1992,13.8125,13.875,3037600,13.9375,13.875,3.342228412628174
01-09-1992,13.5,13.625,2570800,13.6875,13.5,3.316436529159546
02-09-1992,13.3125,13.5625,2401800,13.8125,13.3125,3.2703747749328613
03-09-1992,13.3125,13.375,1342600,13.5,13.4375,3.3010799884796143
04-09-1992,13.4375,13.4375,2834200,13.6875,13.5625,3.33178973197937
08-09-1992,13.375,13.5625,1607000,13.625,13.4375,3.3010799884796143
09-09-1992,13.375,13.5,830600,13.5625,13.5625,3.33178973197937
10-09-1992,13.4375,13.625,2760200,13.6875,13.4375,3.3010799884796143
11-09-1992,13.375,13.5,747600,13.5625,13.5,3.316436529159546
14-09-1992,13.4375,13.5,528000,13.5,13.4375,3.3010799884796143
15-09-1992,13.3125,13.5,999000,13.5,13.375,3.2857279777526855
16-09-1992,13.3125,13.3125,1172800,13.625,13.5,3.316436529159546
17-09-1992,13.4375,13.5625,839200,13.5625,13.5625,3.33178973197937
18-09-1992,13.5625,13.5625,1238200,13.6875,13.625,3.347144842147827
21-09-1992,13.625,13.625,337600,13.75,13.75,3.377849578857422
22-09-1992,13.6875,13.75,769000,13.8125,13.6875,3.362494707107544
23-09-1992,13.5,13.6875,1695000,13.6875,13.5,3.316436529159546
24-09-1992,13.5625,13.5625,318600,13.6875,13.625,3.347144842147827
25-09-1992,13.5625,13.5625,569000,13.625,13.625,3.347144842147827
28-09-1992,13.5625,13.5625,452200,13.625,13.625,3.347144842147827
29-09-1992,13.5625,13.625,1017400,13.6875,13.6875,3.362494707107544
30-09-1992,13.6875,13.6875,1086400,14.0625,14.0,3.4392645359039307
01-10-1992,14.0,14.0625,619800,14.125,14.0625,3.454619884490967
02-10-1992,13.9375,14.0625,524000,14.0625,13.9375,3.4239144325256348
05-10-1992,13.6875,13.875,820400,13.9375,13.875,3.4085590839385986
06-10-1992,13.8125,13.875,664600,14.0625,14.0,3.4392645359039307
07-10-1992,13.9375,14.0625,460000,14.125,13.9375,3.4239144325256348
08-10-1992,14.0,14.0,522600,14.125,14.125,3.4699718952178955
09-10-1992,14.0,14.125,330200,14.125,14.0,3.4392645359039307
12-10-1992,14.0,14.0,336600,14.0625,14.0625,3.454619884490967
13-10-1992,14.0,14.0625,676800,14.125,14.0625,3.454619884490967
14-10-1992,14.0,14.125,393600,14.125,14.125,3.4699718952178955
15-10-1992,14.0625,14.125,680400,14.3125,14.25,3.5006816387176514
16-10-1992,14.1875,14.25,450600,14.25,14.25,3.5006816387176514
19-10-1992,14.1875,14.25,510400,14.3125,14.1875,3.4853265285491943
20-10-1992,14.0625,14.1875,571000,14.25,14.125,3.4699718952178955
21-10-1992,14.0,14.0625,462800,14.1875,14.0625,3.454619884490967
22-10-1992,14.0,14.0625,423600,14.125,14.125,3.4699718952178955
23-10-1992,14.0625,14.125,397200,14.125,14.125,3.4699718952178955
26-10-1992,14.0625,14.0625,307600,14.1875,14.1875,3.4853265285491943
27-10-1992,14.1875,14.1875,437400,14.25,14.1875,3.4853265285491943
28-10-1992,14.1875,14.1875,336600,14.25,14.25,3.5006816387176514
29-10-1992,14.1875,14.1875,368600,14.25,14.25,3.5006816387176514
30-10-1992,14.1875,14.1875,695400,14.3125,14.1875,3.4853265285491943
02-11-1992,14.1875,14.25,565000,14.3125,14.3125,3.516035556793213
03-11-1992,14.125,14.25,825800,14.3125,14.125,3.4699718952178955
04-11-1992,14.0625,14.125,3035000,14.4375,14.3125,3.516035556793213
05-11-1992,14.25,14.3125,574600,14.375,14.375,3.5313894748687744
06-11-1992,14.1875,14.375,1000600,14.375,14.1875,3.4853265285491943
09-11-1992,14.125,14.1875,952000,14.25,14.25,3.5006816387176514
10-11-1992,14.1875,14.1875,355400,14.3125,14.3125,3.516035556793213
11-11-1992,14.3125,14.3125,421000,14.4375,14.4375,3.5467424392700195
12-11-1992,14.375,14.4375,603200,14.5,14.5,3.5620975494384766
13-11-1992,14.4375,14.5,675400,14.5625,14.5,3.5620975494384766
16-11-1992,14.5,14.5,732200,14.625,14.5,3.5620975494384766
17-11-1992,14.4375,14.5,728600,14.6875,14.6875,3.608158826828003
18-11-1992,14.5,14.625,602600,14.6875,14.5,3.5620975494384766
19-11-1992,14.5,14.5625,481600,14.625,14.625,3.5928056240081787
20-11-1992,14.5625,14.6875,679200,14.75,14.625,3.5928056240081787
23-11-1992,14.625,14.625,436000,14.875,14.875,3.654221296310425
24-11-1992,14.6875,14.875,476200,14.875,14.75,3.623514413833618
25-11-1992,14.6875,14.75,385400,14.8125,14.6875,3.608158826828003
27-11-1992,14.6875,14.6875,140000,14.75,14.6875,3.608158826828003
30-11-1992,14.625,14.75,5790600,14.75,14.6875,3.608158826828003
01-12-1992,14.1875,14.375,2122400,14.4375,14.1875,3.5505964756011963
02-12-1992,14.1875,14.25,500600,14.25,14.25,3.5662388801574707
03-12-1992,14.1875,14.1875,957800,14.3125,14.25,3.5662388801574707
04-12-1992,14.25,14.3125,2064600,14.4375,14.375,3.597522735595703
07-12-1992,14.3125,14.375,557600,14.625,14.5,3.6288070678710938
08-12-1992,14.3125,14.5,351600,14.5,14.375,3.597522735595703
09-12-1992,14.3125,14.375,785400,14.4375,14.4375,3.6131627559661865
10-12-1992,14.375,14.375,383200,14.5,14.5,3.6288070678710938
11-12-1992,14.6875,14.875,2121400,14.9375,14.9375,3.7382943630218506
14-12-1992,14.8125,14.9375,890600,15.0,14.875,3.7226545810699463
15-12-1992,14.75,14.875,666800,14.9375,14.8125,3.7070107460021973
16-12-1992,14.75,14.8125,673400,14.875,14.8125,3.7070107460021973
17-12-1992,14.8125,14.8125,586600,14.9375,14.9375,3.7382943630218506
18-12-1992,14.875,14.9375,1447000,15.125,15.125,3.78521728515625
21-12-1992,15.0,15.0625,468400,15.1875,15.125,3.78521728515625
22-12-1992,15.1875,15.25,685600,15.375,15.3125,3.8321430683135986
23-12-1992,15.0625,15.3125,980600,15.6875,15.5625,3.894706964492798
24-12-1992,15.4375,15.5625,236600,15.5625,15.5625,3.894706964492798
28-12-1992,15.375,15.4375,419200,15.5,15.4375,3.8634250164031982
29-12-1992,15.3125,15.375,834400,15.5,15.4375,3.8634250164031982
30-12-1992,15.3125,15.4375,881800,15.5625,15.5,3.8790676593780518
31-12-1992,15.3125,15.4375,843000,15.5,15.4375,3.8634250164031982
04-01-1993,15.25,15.375,664000,15.4375,15.25,3.816502332687378
05-01-1993,15.0,15.25,470800,15.375,15.3125,3.8321430683135986
06-01-1993,15.25,15.3125,660400,15.375,15.3125,3.8321430683135986
07-01-1993,15.1875,15.25,448000,15.375,15.25,3.816502332687378
08-01-1993,15.0625,15.25,531200,15.25,15.125,3.78521728515625
11-01-1993,15.0625,15.0625,837600,15.375,15.375,3.8477859497070312
12-01-1993,15.25,15.375,537200,15.375,15.3125,3.8321430683135986
13-01-1993,15.25,15.25,596800,15.375,15.3125,3.8321430683135986
14-01-1993,15.375,15.4375,503200,15.5,15.5,3.8790676593780518
15-01-1993,15.4375,15.5,469200,15.5625,15.5,3.8790676593780518
18-01-1993,15.4375,15.5,566400,15.625,15.5,3.8790676593780518
19-01-1993,15.4375,15.5,619800,15.625,15.5625,3.894706964492798
20-01-1993,15.4375,15.5,378800,15.5625,15.5,3.8790676593780518
21-01-1993,15.4375,15.5,605800,15.6875,15.6875,3.9259908199310303
22-01-1993,15.625,15.6875,523600,15.75,15.6875,3.9259908199310303
25-01-1993,15.6875,15.6875,624000,15.8125,15.8125,3.9572763442993164
26-01-1993,15.6875,15.875,941200,15.875,15.6875,3.9259908199310303
27-01-1993,15.75,15.75,508400,15.875,15.8125,3.9572763442993164
28-01-1993,15.75,15.8125,544800,15.875,15.8125,3.9572763442993164
29-01-1993,15.6875,15.75,757400,15.9375,15.875,3.972917318344116
01-02-1993,15.9375,16.0,630200,16.0625,16.0625,4.01984167098999
02-02-1993,16.0,16.0,502800,16.125,16.0625,4.01984167098999
03-02-1993,16.0,16.0625,1070200,16.25,16.0625,4.01984167098999
04-02-1993,16.1875,16.25,625600,16.375,16.25,4.066766738891602
05-02-1993,16.0625,16.1875,1773000,16.1875,16.125,4.035482883453369
08-02-1993,16.0,16.125,490400,16.125,16.0625,4.01984167098999
09-02-1993,15.9375,16.0,570200,16.0625,16.0625,4.01984167098999
10-02-1993,16.0,16.0625,344000,16.125,16.0625,4.01984167098999
11-02-1993,16.0,16.0,533000,16.125,16.0,4.004197597503662
12-02-1993,16.0625,16.0625,204800,16.125,16.0625,4.01984167098999
16-02-1993,16.0,16.0625,532600,16.125,16.0,4.004197597503662
17-02-1993,16.0,16.0625,492400,16.125,16.125,4.035482883453369
18-02-1993,16.0,16.25,605800,16.25,16.125,4.035482883453369
19-02-1993,16.125,16.1875,557200,16.625,16.5625,4.1449713706970215
22-02-1993,16.5,16.5625,664000,17.125,17.0625,4.270102024078369
23-02-1993,16.625,16.9375,800800,16.9375,16.6875,4.176252841949463
24-02-1993,16.625,16.6875,394200,16.75,16.6875,4.176252841949463
25-02-1993,16.4375,16.6875,506600,16.6875,16.625,4.160613059997559
26-02-1993,16.5,16.5,2946800,16.6875,16.6875,4.176252841949463
01-03-1993,16.625,16.6875,1748400,16.75,16.625,4.160613059997559
02-03-1993,16.375,16.4375,814600,16.75,16.5625,4.2133989334106445
03-03-1993,16.5,16.5625,899000,16.6875,16.6875,4.245199203491211
04-03-1993,16.5625,16.6875,390600,16.6875,16.6875,4.245199203491211
05-03-1993,16.5,16.5625,376400,16.625,16.5,4.197499752044678
08-03-1993,16.5625,16.625,534000,16.6875,16.6875,4.245199203491211
09-03-1993,16.5625,16.5625,746800,16.6875,16.5625,4.2133989334106445
10-03-1993,16.4375,16.5625,493400,16.625,16.4375,4.181599140167236
11-03-1993,16.3125,16.4375,395000,16.5625,16.3125,4.1497979164123535
12-03-1993,16.125,16.25,802200,16.375,16.375,4.1656999588012695
15-03-1993,16.3125,16.3125,1121800,16.5,16.4375,4.181599140167236
16-03-1993,16.375,16.4375,510200,16.5,16.375,4.1656999588012695
17-03-1993,16.375,16.375,591400,16.5,16.375,4.1656999588012695
18-03-1993,16.4375,16.4375,338800,16.5625,16.5625,4.2133989334106445
19-03-1993,16.5,16.6875,977600,16.6875,16.625,4.229300498962402
22-03-1993,16.375,16.5,426600,16.5625,16.5,4.197499752044678
23-03-1993,16.4375,16.4375,451200,16.5625,16.5,4.197499752044678
24-03-1993,16.4375,16.5,436400,16.9375,16.5625,4.2133989334106445
25-03-1993,16.5,16.5625,383200,16.6875,16.6875,4.245199203491211
26-03-1993,16.5625,16.625,432400,16.6875,16.625,4.229300498962402
29-03-1993,16.625,16.625,398200,16.6875,16.6875,4.245199203491211
30-03-1993,16.6875,16.6875,766800,16.8125,16.8125,4.276998519897461
31-03-1993,16.6875,16.75,650200,16.8125,16.75,4.261097431182861
01-04-1993,16.5625,16.6875,394200,16.75,16.625,4.229300498962402
02-04-1993,16.5,16.5,414800,16.5625,16.5625,4.2133989334106445
05-04-1993,16.4375,16.5,635600,16.625,16.5625,4.2133989334106445
06-04-1993,16.4375,16.5,667200,16.6875,16.6875,4.245199203491211
07-04-1993,16.625,16.6875,712200,16.875,16.875,4.292897701263428
08-04-1993,16.8125,16.8125,480600,17.0,16.9375,4.308795928955078
12-04-1993,16.9375,16.9375,686000,17.25,17.1875,4.3723978996276855
13-04-1993,17.1875,17.25,984800,17.375,17.25,4.388294219970703
14-04-1993,17.1875,17.25,501400,17.375,17.25,4.388294219970703
15-04-1993,17.3125,17.3125,352600,17.5,17.5,4.451895713806152
16-04-1993,17.375,17.5,398400,17.5,17.375,4.4200944900512695
19-04-1993,17.25,17.375,614600,17.4375,17.25,4.388294219970703
20-04-1993,16.8125,17.375,843800,17.375,17.125,4.3564958572387695
21-04-1993,16.875,17.125,397000,17.125,17.0,4.3246965408325195
22-04-1993,16.75,16.875,565000,16.9375,16.75,4.261097431182861
23-04-1993,16.6875,16.6875,379000,16.9375,16.8125,4.276998519897461
26-04-1993,16.75,16.8125,440200,16.875,16.8125,4.276998519897461
27-04-1993,16.75,16.75,577000,16.9375,16.9375,4.308795928955078
28-04-1993,16.9375,16.9375,525000,17.0625,17.0,4.3246965408325195
29-04-1993,16.875,16.9375,796600,17.125,17.125,4.3564958572387695
30-04-1993,17.0,17.125,437200,17.125,17.0625,4.340598106384277
03-05-1993,16.9375,17.125,418000,17.125,16.9375,4.308795928955078
04-05-1993,16.875,16.9375,369600,17.0625,17.0,4.3246965408325195
05-05-1993,16.9375,17.0,829200,17.25,17.25,4.388294219970703
06-05-1993,17.0625,17.1875,229000,17.25,17.125,4.3564958572387695
07-05-1993,17.125,17.125,288800,17.25,17.1875,4.3723978996276855
10-05-1993,17.0625,17.0625,568000,17.125,17.125,4.3564958572387695
11-05-1993,17.0,17.125,318200,17.125,17.125,4.3564958572387695
12-05-1993,16.8125,17.0625,340600,17.125,16.9375,4.308795928955078
13-05-1993,16.6875,16.9375,1155600,16.9375,16.75,4.261097431182861
14-05-1993,16.625,16.75,1046200,16.8125,16.6875,4.245199203491211
17-05-1993,16.625,16.6875,1273400,16.75,16.625,4.229300498962402
18-05-1993,16.125,16.625,863000,16.6875,16.3125,4.1497979164123535
19-05-1993,15.9375,16.3125,1260000,16.375,16.375,4.1656999588012695
20-05-1993,16.3125,16.375,448000,16.5,16.4375,4.181599140167236
21-05-1993,16.1875,16.4375,702600,16.4375,16.375,4.1656999588012695
24-05-1993,16.25,16.375,588000,16.4375,16.3125,4.1497979164123535
25-05-1993,16.25,16.3125,894600,16.5,16.5,4.197499752044678
26-05-1993,16.4375,16.5,1892200,16.6875,16.6875,4.245199203491211
27-05-1993,16.5,16.6875,497800,16.8125,16.8125,4.276998519897461
28-05-1993,16.75,16.75,1462000,16.9375,16.8125,4.276998519897461
01-06-1993,16.375,16.625,1164800,16.75,16.5625,4.282168388366699
02-06-1993,16.5625,16.5625,510000,16.625,16.5625,4.282168388366699
03-06-1993,16.5,16.5625,246200,16.625,16.625,4.298329830169678
04-06-1993,16.5625,16.5625,398800,16.625,16.625,4.298329830169678
07-06-1993,16.4375,16.5625,833000,16.5625,16.5,4.266010284423828
08-06-1993,16.25,16.4375,670200,16.4375,16.3125,4.217530727386475
09-06-1993,16.3125,16.375,351200,16.4375,16.4375,4.249851226806641
10-06-1993,16.25,16.375,349600,16.5,16.3125,4.217530727386475
11-06-1993,16.125,16.3125,412800,16.375,16.3125,4.217530727386475
14-06-1993,16.25,16.3125,367600,16.4375,16.375,4.233692169189453
15-06-1993,16.375,16.375,260600,16.5,16.375,4.233692169189453
16-06-1993,16.375,16.375,310600,16.5,16.5,4.266010284423828
17-06-1993,16.5,16.5,484800,16.625,16.5625,4.282168388366699
18-06-1993,16.4375,16.625,598600,16.625,16.4375,4.249851226806641
21-06-1993,16.4375,16.5,229600,16.5625,16.5625,4.282168388366699
22-06-1993,16.5,16.5,407000,16.6875,16.5625,4.282168388366699
23-06-1993,16.5,16.5625,418000,16.6875,16.6875,4.314486026763916
24-06-1993,16.6875,16.75,694800,16.9375,16.8125,4.346803188323975
25-06-1993,16.8125,16.875,413400,17.0625,17.0,4.395283222198486
28-06-1993,17.0,17.0,485400,17.1875,17.1875,4.443760395050049
29-06-1993,17.0625,17.1875,413200,17.1875,17.125,4.427598476409912
30-06-1993,17.0625,17.25,526400,17.25,17.125,4.427598476409912
01-07-1993,17.0625,17.25,369800,17.25,17.0625,4.411442756652832
02-07-1993,17.0,17.125,977600,17.1875,17.125,4.427598476409912
06-07-1993,17.0625,17.0625,1098800,17.3125,17.1875,4.443760395050049
07-07-1993,17.125,17.25,559400,17.3125,17.3125,4.47607946395874
08-07-1993,17.25,17.3125,827000,17.4375,17.375,4.492237567901611
09-07-1993,17.3125,17.375,550400,17.5,17.3125,4.47607946395874
12-07-1993,17.1875,17.375,263800,17.375,17.25,4.45991849899292
13-07-1993,17.125,17.1875,251000,17.25,17.125,4.427598476409912
14-07-1993,17.125,17.1875,1057600,17.25,17.25,4.45991849899292
15-07-1993,17.125,17.25,402000,17.3125,17.25,4.45991849899292
16-07-1993,17.25,17.3125,288200,17.4375,17.4375,4.508397579193115
19-07-1993,17.375,17.4375,273000,17.5625,17.5,4.524557113647461
20-07-1993,17.25,17.4375,257000,17.5,17.375,4.492237567901611
21-07-1993,17.3125,17.375,413200,17.4375,17.4375,4.508397579193115
22-07-1993,17.1875,17.375,518600,17.4375,17.375,4.492237567901611
23-07-1993,17.25,17.3125,287600,17.4375,17.375,4.492237567901611
26-07-1993,17.3125,17.3125,372600,17.5,17.4375,4.508397579193115
27-07-1993,17.25,17.4375,342200,17.4375,17.4375,4.508397579193115
28-07-1993,17.25,17.375,358400,17.4375,17.375,4.492237567901611
29-07-1993,17.375,17.4375,758800,17.625,17.625,4.556875705718994
30-07-1993,17.5,17.5625,344600,17.625,17.5625,4.540716648101807
02-08-1993,17.4375,17.5,627400,17.625,17.5,4.524557113647461
03-08-1993,17.5,17.5,368600,17.6875,17.6875,4.573034286499023
04-08-1993,17.625,17.625,332600,17.75,17.625,4.556875705718994
05-08-1993,17.5625,17.625,526400,17.875,17.8125,4.605350971221924
06-08-1993,17.5625,17.875,444400,17.9375,17.5625,4.540716648101807
09-08-1993,17.5625,17.625,373800,17.8125,17.75,4.5891923904418945
10-08-1993,17.6875,17.75,300000,17.75,17.6875,4.573034286499023
11-08-1993,17.6875,17.75,297800,17.9375,17.9375,4.637670516967773
12-08-1993,17.8125,17.9375,646800,18.0,17.8125,4.605350971221924
13-08-1993,17.5,17.8125,951800,17.8125,17.5625,4.540716648101807
16-08-1993,17.4375,17.5625,1857200,17.5625,17.4375,4.508397579193115
17-08-1993,17.3125,17.375,1164800,17.4375,17.375,4.492237567901611
18-08-1993,17.3125,17.375,713600,17.4375,17.375,4.492237567901611
19-08-1993,17.3125,17.375,322200,17.4375,17.375,4.492237567901611
20-08-1993,17.3125,17.375,618800,17.375,17.3125,4.47607946395874
23-08-1993,17.3125,17.375,1167600,17.5625,17.4375,4.508397579193115
24-08-1993,17.4375,17.5,542800,17.75,17.6875,4.573034286499023
25-08-1993,17.625,17.6875,481200,17.8125,17.8125,4.605350971221924
26-08-1993,17.8125,17.8125,1208600,18.0625,18.0,4.653829574584961
27-08-1993,17.875,17.9375,492800,18.0,18.0,4.653829574584961
30-08-1993,18.0,18.0,513600,18.0625,18.0625,4.669986248016357
31-08-1993,17.875,18.0625,1444400,18.0625,18.0,4.653829574584961
01-09-1993,17.4375,17.5625,781600,17.625,17.4375,4.577052593231201
02-09-1993,17.4375,17.4375,1622000,17.5,17.4375,4.577052593231201
03-09-1993,17.4375,17.4375,547000,17.625,17.5625,4.609863758087158
07-09-1993,17.5,17.5625,1059200,17.6875,17.625,4.626269340515137
08-09-1993,17.5,17.625,1138800,17.625,17.5625,4.609863758087158
09-09-1993,17.4375,17.5,372200,17.625,17.5625,4.609863758087158
10-09-1993,17.5,17.5,321600,17.6875,17.6875,4.642673969268799
13-09-1993,17.625,17.625,295800,17.8125,17.8125,4.675483703613281
14-09-1993,17.625,17.75,394200,17.8125,17.75,4.659078598022461
15-09-1993,17.5625,17.6875,412000,17.75,17.75,4.659078598022461
16-09-1993,17.5,17.75,423200,17.75,17.5,4.593458652496338
17-09-1993,17.375,17.375,1725600,17.625,17.625,4.626269340515137
20-09-1993,17.5,17.625,339800,17.625,17.5625,4.609863758087158
21-09-1993,17.5,17.5625,674600,17.625,17.5625,4.609863758087158
22-09-1993,17.5625,17.5625,925800,17.6875,17.625,4.626269340515137
23-09-1993,17.375,17.625,386800,17.625,17.4375,4.577052593231201
24-09-1993,17.25,17.4375,478600,17.4375,17.25,4.527836322784424
27-09-1993,17.25,17.25,1371000,17.625,17.5625,4.609863758087158
28-09-1993,17.5,17.5625,577000,17.625,17.5625,4.609863758087158
29-09-1993,17.5,17.625,524600,17.625,17.5,4.593458652496338
30-09-1993,17.5,17.5,392200,17.5625,17.5625,4.609863758087158
01-10-1993,17.4375,17.5,612000,17.5625,17.5625,4.609863758087158
04-10-1993,17.375,17.5625,965400,17.625,17.375,4.560648441314697
05-10-1993,17.125,17.375,925400,17.375,17.3125,4.544243812561035
06-10-1993,17.0,17.125,879200,17.1875,17.0625,4.4786224365234375
07-10-1993,16.9375,17.0625,692400,17.25,16.9375,4.445810317993164
08-10-1993,16.875,17.0,536600,17.0625,17.0625,4.4786224365234375
11-10-1993,17.0625,17.125,237200,17.1875,17.1875,4.51143217086792
12-10-1993,17.0625,17.1875,277600,17.1875,17.0625,4.4786224365234375
13-10-1993,16.9375,17.0625,350800,17.125,16.9375,4.445810317993164
14-10-1993,16.875,16.9375,577400,17.125,17.125,4.495025157928467
15-10-1993,17.1875,17.25,494800,17.375,17.25,4.527836322784424
18-10-1993,17.0625,17.3125,350000,17.3125,17.0625,4.4786224365234375
19-10-1993,16.9375,17.0625,328200,17.125,17.125,4.495025157928467
20-10-1993,17.0,17.1875,824000,17.25,17.125,4.495025157928467
21-10-1993,16.6875,17.125,933000,17.1875,16.8125,4.412998199462891
22-10-1993,16.6875,16.875,395800,16.9375,16.75,4.396595001220703
25-10-1993,16.625,16.875,615800,16.875,16.6875,4.380189418792725
26-10-1993,16.6875,16.8125,583600,16.875,16.75,4.396595001220703
27-10-1993,16.6875,16.75,359000,16.875,16.875,4.4294047355651855
28-10-1993,16.75,16.875,761800,17.0,16.9375,4.445810317993164
29-10-1993,16.8125,16.875,311000,16.9375,16.8125,4.412998199462891
01-11-1993,16.8125,16.8125,358000,16.9375,16.9375,4.445810317993164
02-11-1993,16.5625,16.875,700200,16.875,16.5625,4.347378730773926
03-11-1993,15.75,16.5625,1315400,16.5625,16.0625,4.216139316558838
04-11-1993,15.375,16.0,1243000,16.25,15.4375,4.052087306976318
05-11-1993,15.0,15.4375,2115200,15.625,15.5625,4.084895610809326
08-11-1993,15.375,15.625,631600,15.6875,15.6875,4.117707252502441
09-11-1993,15.75,15.8125,1184200,15.9375,15.875,4.1669230461120605
10-11-1993,15.875,16.0,852400,16.0625,15.9375,4.183328628540039
11-11-1993,15.8125,15.9375,524000,16.0,15.8125,4.150518417358398
12-11-1993,15.875,15.875,919400,16.0,16.0,4.199733257293701
15-11-1993,15.6875,15.875,1278600,15.9375,15.75,4.1341118812561035
16-11-1993,15.6875,15.8125,630000,15.9375,15.875,4.1669230461120605
17-11-1993,15.8125,15.9375,691600,15.9375,15.875,4.1669230461120605
18-11-1993,15.625,15.875,333600,15.875,15.8125,4.150518417358398
19-11-1993,15.6875,15.8125,641200,15.8125,15.6875,4.117707252502441
22-11-1993,15.5625,15.75,371200,15.9375,15.875,4.1669230461120605
23-11-1993,15.875,16.0,801400,16.125,16.0625,4.216139316558838
24-11-1993,16.0625,16.125,390200,16.25,16.0625,4.216139316558838
26-11-1993,16.0625,16.0625,220600,16.1875,16.0625,4.216139316558838
29-11-1993,16.25,16.25,762600,16.375,16.25,4.265353679656982
30-11-1993,16.125,16.25,44605400,16.3125,16.1875,4.2489495277404785
01-12-1993,15.75,15.75,528800,15.9375,15.875,4.237604141235352
02-12-1993,15.8125,15.9375,676200,16.0,15.9375,4.254286766052246
03-12-1993,15.6875,15.9375,555200,15.9375,15.75,4.204236030578613
06-12-1993,15.5625,15.6875,2591800,16.0625,15.9375,4.254286766052246
07-12-1993,15.9375,16.0625,623800,16.125,16.0,4.270969390869141
08-12-1993,15.75,16.0625,481400,16.0625,15.75,4.204236030578613
09-12-1993,15.75,15.8125,592200,15.8125,15.75,4.204236030578613
10-12-1993,15.625,15.8125,656800,15.8125,15.8125,4.220921516418457
13-12-1993,15.5625,15.75,497200,15.8125,15.8125,4.220921516418457
14-12-1993,15.5625,15.8125,361400,15.8125,15.6875,4.187552452087402
15-12-1993,15.5625,15.6875,470000,15.75,15.625,4.170869827270508
16-12-1993,15.625,15.625,895600,15.875,15.8125,4.220921516418457
17-12-1993,15.75,15.875,741800,15.9375,15.875,4.237604141235352
20-12-1993,15.75,15.8125,485400,16.0,16.0,4.270969390869141
21-12-1993,15.9375,16.0,328200,16.0625,15.9375,4.254286766052246
22-12-1993,15.8125,15.9375,502200,16.25,16.25,4.337704181671143
23-12-1993,16.0,16.125,311400,16.1875,16.0625,4.28765344619751
27-12-1993,16.0,16.0625,182000,16.1875,16.1875,4.32102108001709
28-12-1993,16.125,16.1875,246200,16.25,16.125,4.3043389320373535
29-12-1993,16.0,16.125,208600,16.1875,16.125,4.3043389320373535
30-12-1993,15.875,16.0625,261400,16.0625,16.0625,4.28765344619751
31-12-1993,16.0,16.125,261000,16.1875,16.0,4.270969390869141
03-01-1994,15.5625,16.0,754000,16.0,15.6875,4.187552452087402
04-01-1994,15.625,15.625,266800,15.75,15.75,4.204236030578613
05-01-1994,15.5625,15.6875,375200,15.8125,15.625,4.170869827270508
06-01-1994,15.1875,15.6875,551200,15.6875,15.25,4.070768356323242
07-01-1994,15.3125,15.375,647000,15.6875,15.625,4.170869827270508
10-01-1994,15.4375,15.5625,720000,15.5625,15.4375,4.120818614959717
11-01-1994,15.375,15.4375,550200,15.5,15.4375,4.120818614959717
12-01-1994,15.375,15.5,488600,15.5625,15.5,4.137502670288086
13-01-1994,15.25,15.4375,345400,15.4375,15.375,4.1041364669799805
14-01-1994,15.25,15.3125,445000,15.4375,15.4375,4.120818614959717
17-01-1994,15.1875,15.375,341000,15.375,15.25,4.070768356323242
18-01-1994,15.0625,15.3125,317200,15.375,15.125,4.037400722503662
19-01-1994,14.9375,15.0625,432400,15.125,15.0,4.004034996032715
20-01-1994,15.0,15.0625,462000,15.125,15.0625,4.020717620849609
21-01-1994,15.0625,15.1875,613200,15.25,15.25,4.070768356323242
24-01-1994,14.9375,15.25,833000,15.3125,15.0,4.004034996032715
25-01-1994,14.9375,15.0,652200,15.0625,15.0,4.004034996032715
26-01-1994,15.0625,15.125,630000,15.4375,15.375,4.1041364669799805
27-01-1994,15.5,15.5,691000,15.75,15.625,4.170869827270508
28-01-1994,15.625,15.75,1115200,15.9375,15.625,4.170869827270508
31-01-1994,15.5625,15.6875,415800,15.8125,15.8125,4.220921516418457
01-02-1994,15.5625,15.75,652000,15.8125,15.5625,4.154186248779297
02-02-1994,15.5,15.5625,317200,15.6875,15.5,4.137502670288086
03-02-1994,15.4375,15.5,381400,15.5625,15.5,4.137502670288086
04-02-1994,15.1875,15.5625,1144400,15.625,15.1875,4.054086208343506
07-02-1994,15.0625,15.1875,360600,15.3125,15.3125,4.087450981140137
08-02-1994,15.0625,15.25,322200,15.3125,15.125,4.037400722503662
09-02-1994,15.125,15.1875,346800,15.4375,15.1875,4.054086208343506
10-02-1994,15.0625,15.25,640000,15.25,15.125,4.037400722503662
11-02-1994,15.0625,15.0625,312000,15.1875,15.1875,4.054086208343506
14-02-1994,15.0,15.125,631000,15.25,15.125,4.037400722503662
15-02-1994,14.875,15.125,1555400,15.1875,14.875,3.970668315887451
16-02-1994,14.6875,14.875,1501000,15.0,15.0,4.004034996032715
17-02-1994,14.875,15.0,702200,15.1875,14.875,3.970668315887451
18-02-1994,14.625,14.9375,851000,14.9375,14.625,3.90393328666687
22-02-1994,14.625,14.6875,1081600,15.125,14.875,3.970668315887451
23-02-1994,14.8125,15.0,616200,15.0625,14.875,3.970668315887451
24-02-1994,14.625,14.8125,804000,14.9375,14.8125,3.9539835453033447
25-02-1994,14.8125,14.875,398400,15.0,14.9375,3.987351655960083
28-02-1994,14.9375,14.9375,1995400,15.25,15.1875,4.054086208343506
01-03-1994,14.625,14.875,1874000,14.875,14.75,4.008564472198486
02-03-1994,14.5,14.6875,2371400,14.9375,14.875,4.04253625869751
03-03-1994,14.75,14.8125,1052200,14.9375,14.875,4.04253625869751
04-03-1994,14.8125,14.9375,790600,15.1875,15.0625,4.093491077423096
07-03-1994,15.0625,15.0625,484800,15.25,15.1875,4.127460956573486
08-03-1994,14.9375,15.125,909200,15.1875,15.0,4.076505661010742
09-03-1994,14.8125,15.0625,671800,15.0625,14.9375,4.059521198272705
10-03-1994,14.625,14.875,586400,14.9375,14.625,3.9745943546295166
11-03-1994,14.625,14.6875,700000,14.9375,14.875,4.04253625869751
14-03-1994,14.625,14.8125,690800,14.875,14.6875,3.9915781021118164
15-03-1994,14.5625,14.625,490200,14.8125,14.6875,3.9915781021118164
16-03-1994,14.625,14.6875,422600,14.8125,14.8125,4.02554988861084
17-03-1994,14.6875,14.8125,231800,14.875,14.75,4.008564472198486
18-03-1994,14.6875,14.75,1551200,14.9375,14.6875,3.9915781021118164
21-03-1994,14.5,14.6875,400000,14.75,14.6875,3.9915781021118164
22-03-1994,14.625,14.6875,583400,14.9375,14.8125,4.02554988861084
23-03-1994,14.8125,14.8125,377200,14.9375,14.8125,4.02554988861084
24-03-1994,14.5625,14.75,370600,14.8125,14.625,3.9745943546295166
25-03-1994,14.5625,14.625,588200,14.75,14.5625,3.9576075077056885
28-03-1994,14.5,14.5625,742600,14.75,14.75,4.008564472198486
29-03-1994,14.5,14.6875,485400,14.75,14.5,3.9406230449676514
30-03-1994,14.1875,14.5,1080800,14.5,14.25,3.872680902481079
31-03-1994,13.625,14.25,1153800,14.3125,13.9375,3.7877540588378906
04-04-1994,13.5,13.875,773600,13.9375,13.9375,3.7877540588378906
05-04-1994,13.9375,14.0625,1278200,14.25,14.1875,3.8556957244873047
06-04-1994,14.0,14.125,790200,14.1875,14.0625,3.821723699569702
07-04-1994,14.0,14.125,673200,14.1875,14.0625,3.821723699569702
08-04-1994,13.9375,14.0625,725800,14.0625,13.9375,3.7877540588378906
11-04-1994,13.875,13.9375,399400,14.0,14.0,3.8047385215759277
12-04-1994,13.875,14.0,629400,14.0625,13.9375,3.7877540588378906
13-04-1994,13.9375,14.0,351600,14.125,13.9375,3.7877540588378906
14-04-1994,13.875,14.0,649800,14.0,13.875,3.7707691192626953
15-04-1994,13.8125,13.9375,881800,13.9375,13.875,3.7707691192626953
18-04-1994,13.6875,13.9375,645600,13.9375,13.75,3.7367959022521973
19-04-1994,13.75,13.8125,1293800,14.0,13.9375,3.7877540588378906
20-04-1994,13.875,13.875,1161600,14.4375,14.4375,3.9236371517181396
21-04-1994,14.25,14.4375,900800,14.625,14.25,3.872680902481079
22-04-1994,14.0,14.3125,1350800,14.375,14.125,3.8387086391448975
25-04-1994,14.1875,14.1875,500600,14.3125,14.25,3.872680902481079
26-04-1994,14.125,14.25,416000,14.3125,14.3125,3.8896660804748535
28-04-1994,14.1875,14.25,966200,14.3125,14.25,3.872680902481079
29-04-1994,14.1875,14.1875,611400,14.4375,14.3125,3.8896660804748535
02-05-1994,14.25,14.375,324400,14.4375,14.375,3.9066507816314697
03-05-1994,14.1875,14.4375,459600,14.4375,14.25,3.872680902481079
04-05-1994,14.125,14.25,441800,14.25,14.25,3.872680902481079
05-05-1994,14.0,14.25,795000,14.25,14.0,3.8047385215759277
06-05-1994,13.5,13.8125,1315400,13.9375,13.5,3.6688551902770996
09-05-1994,13.1875,13.5,959600,13.5625,13.1875,3.5839285850524902
10-05-1994,12.9375,13.25,1540000,13.4375,13.4375,3.6518683433532715
11-05-1994,12.8125,13.3125,696600,13.375,12.9375,3.5159850120544434
12-05-1994,12.5,13.0,1009000,13.1875,13.0,3.5329723358154297
13-05-1994,12.9375,13.0,732000,13.1875,13.1875,3.5839285850524902
16-05-1994,13.0625,13.125,440800,13.25,13.125,3.566941976547241
17-05-1994,13.0625,13.125,969800,13.4375,13.25,3.6009151935577393
18-05-1994,13.25,13.25,1053800,13.875,13.625,3.7028274536132812
19-05-1994,13.5625,13.625,586600,13.8125,13.6875,3.719810962677002
20-05-1994,13.5,13.6875,1183400,13.875,13.875,3.7707691192626953
23-05-1994,13.6875,13.8125,440800,13.8125,13.6875,3.719810962677002
24-05-1994,13.6875,13.75,389400,13.9375,13.75,3.7367959022521973
25-05-1994,13.4375,13.75,1319200,13.8125,13.625,3.7028274536132812
26-05-1994,13.6875,13.75,710800,14.0,14.0,3.8047385215759277
27-05-1994,13.75,13.875,204600,13.875,13.875,3.7707691192626953
31-05-1994,13.75,13.75,1363600,13.875,13.875,3.7707691192626953
01-06-1994,13.3125,13.5,936400,13.5,13.4375,3.72434401512146
02-06-1994,13.1875,13.4375,660600,13.5,13.25,3.672376871109009
03-06-1994,13.125,13.1875,468000,13.4375,13.375,3.7070207595825195
06-06-1994,13.375,13.4375,595800,13.5625,13.375,3.7070207595825195
07-06-1994,13.3125,13.3125,199800,13.4375,13.375,3.7070207595825195
08-06-1994,13.25,13.4375,574000,13.4375,13.3125,3.6897006034851074
09-06-1994,13.25,13.25,234000,13.3125,13.3125,3.6897006034851074
10-06-1994,13.25,13.3125,387800,13.4375,13.3125,3.6897006034851074
13-06-1994,13.125,13.3125,437400,13.375,13.3125,3.6897006034851074
14-06-1994,13.3125,13.3125,305800,13.4375,13.3125,3.6897006034851074
15-06-1994,13.25,13.375,604400,13.4375,13.25,3.672376871109009
16-06-1994,13.125,13.125,234200,13.25,13.125,3.6377310752868652
17-06-1994,12.9375,13.25,1112800,13.3125,12.9375,3.5857648849487305
20-06-1994,12.75,12.8125,420000,12.9375,12.75,3.5337977409362793
21-06-1994,12.5,12.875,1063000,12.875,12.5625,3.4818286895751953
22-06-1994,12.5625,12.625,753600,12.75,12.75,3.5337977409362793
23-06-1994,12.6875,12.75,921000,12.9375,12.6875,3.5164730548858643
24-06-1994,12.625,12.6875,501400,12.6875,12.625,3.499149799346924
27-06-1994,12.5,12.625,984600,12.75,12.6875,3.5164730548858643
28-06-1994,12.625,12.6875,454400,12.8125,12.6875,3.5164730548858643
29-06-1994,12.6875,12.6875,542400,13.0,12.9375,3.5857648849487305
30-06-1994,12.875,12.875,787600,13.0625,13.0,3.60308575630188
01-07-1994,12.9375,13.0625,435000,13.0625,13.0,3.60308575630188
05-07-1994,12.9375,13.0625,240000,13.0625,13.0625,3.620408058166504
06-07-1994,12.9375,13.0,337600,13.125,13.0,3.60308575630188
07-07-1994,12.9375,13.0,729200,13.125,13.0625,3.620408058166504
08-07-1994,12.9375,13.0,459800,13.1875,13.1875,3.6550533771514893
11-07-1994,13.125,13.1875,880200,13.3125,13.1875,3.6550533771514893
12-07-1994,13.0,13.25,493000,13.25,13.0625,3.620408058166504
13-07-1994,12.9375,13.0,291400,13.1875,13.0625,3.620408058166504
14-07-1994,13.0625,13.0625,392800,13.3125,13.25,3.672376871109009
15-07-1994,13.1875,13.25,446200,13.3125,13.3125,3.6897006034851074
18-07-1994,13.25,13.3125,311800,13.375,13.3125,3.6897006034851074
19-07-1994,13.3125,13.3125,455200,13.4375,13.375,3.7070207595825195
20-07-1994,13.3125,13.375,466200,13.4375,13.3125,3.6897006034851074
21-07-1994,13.125,13.375,729800,13.375,13.125,3.6377310752868652
22-07-1994,13.1875,13.25,404600,13.3125,13.25,3.672376871109009
25-07-1994,13.1875,13.25,816200,13.375,13.3125,3.6897006034851074
26-07-1994,13.3125,13.3125,630200,13.5,13.375,3.7070207595825195
27-07-1994,13.375,13.375,578000,13.5,13.5,3.7416675090789795
28-07-1994,13.4375,13.4375,582200,13.6875,13.625,3.7763123512268066
29-07-1994,13.625,13.625,594000,13.9375,13.875,3.8456032276153564
01-08-1994,13.8125,13.8125,731400,14.0625,14.0,3.8802475929260254
02-08-1994,14.0,14.0625,659800,14.25,14.125,3.9148898124694824
03-08-1994,14.0,14.125,676400,14.1875,14.1875,3.9322144985198975
04-08-1994,14.125,14.1875,816000,14.3125,14.125,3.9148898124694824
05-08-1994,13.9375,14.0,612200,14.0,14.0,3.8802475929260254
08-08-1994,13.9375,14.0,451200,14.0,13.9375,3.862924814224243
09-08-1994,13.75,13.9375,1898600,13.9375,13.8125,3.8282783031463623
10-08-1994,13.75,13.75,538600,14.0,14.0,3.8802475929260254
11-08-1994,13.6875,13.875,641800,14.0,13.75,3.8109560012817383
12-08-1994,13.75,13.8125,310000,13.9375,13.875,3.8456032276153564
15-08-1994,13.75,13.875,772200,13.9375,13.875,3.8456032276153564
16-08-1994,13.875,13.9375,535800,14.125,14.0,3.8802475929260254
17-08-1994,13.6875,14.0625,846600,14.0625,13.75,3.8109560012817383
18-08-1994,13.375,13.625,780200,13.6875,13.5625,3.758988380432129
19-08-1994,13.5625,13.625,690600,13.6875,13.6875,3.7936344146728516
22-08-1994,13.625,13.625,342800,13.875,13.75,3.8109560012817383
23-08-1994,13.8125,13.8125,354000,14.0,13.875,3.8456032276153564
24-08-1994,13.8125,13.9375,347600,14.0,13.875,3.8456032276153564
25-08-1994,13.6875,13.9375,335800,13.9375,13.8125,3.8282783031463623
26-08-1994,13.8125,13.875,441200,14.125,13.875,3.8456032276153564
29-08-1994,13.875,13.9375,284400,14.0625,14.0,3.8802475929260254
30-08-1994,13.9375,14.0625,353600,14.125,14.0625,3.8975679874420166
31-08-1994,13.8125,14.0,1202400,14.0,13.875,3.8456032276153564
01-09-1994,13.0625,13.5,1817800,13.5625,13.25,3.745255708694458
02-09-1994,12.9375,13.375,806200,13.375,13.0625,3.6922595500946045
06-09-1994,12.875,13.0625,2342600,13.0625,12.9375,3.656925916671753
07-09-1994,12.75,12.9375,834000,13.0,12.8125,3.6215925216674805
08-09-1994,12.6875,12.8125,606200,12.875,12.75,3.603925943374634
09-09-1994,12.4375,12.5,1258000,12.625,12.5,3.5332624912261963
12-09-1994,12.25,12.5,547600,12.9375,12.3125,3.4802637100219727
13-09-1994,12.25,12.375,639200,12.5,12.3125,3.4802637100219727
14-09-1994,12.1875,12.3125,529400,12.375,12.25,3.462594509124756
15-09-1994,12.25,12.25,736600,12.625,12.5625,3.5509276390075684
16-09-1994,12.375,12.375,1503200,12.5625,12.5625,3.5509276390075684
19-09-1994,12.4375,12.5,493200,12.625,12.4375,3.5155959129333496
20-09-1994,12.1875,12.3125,716000,12.375,12.1875,3.4449291229248047
21-09-1994,11.9375,12.1875,762000,12.25,12.25,3.462594509124756
22-09-1994,12.1875,12.375,414200,12.4375,12.1875,3.4449291229248047
23-09-1994,12.1875,12.25,406800,12.4375,12.375,3.497929334640503
26-09-1994,12.3125,12.3125,533400,12.5625,12.4375,3.5155959129333496
27-09-1994,12.4375,12.5,1990400,12.875,12.6875,3.5862598419189453
28-09-1994,12.75,12.75,1031200,12.9375,12.875,3.6392593383789062
29-09-1994,12.875,12.875,1128000,13.0625,13.0625,3.6922595500946045
30-09-1994,13.0625,13.0625,955200,13.25,13.125,3.7099244594573975
03-10-1994,13.0625,13.1875,739600,13.25,13.0625,3.6922595500946045
04-10-1994,12.875,13.125,636400,13.1875,12.9375,3.656925916671753
05-10-1994,12.6875,12.875,586000,12.875,12.8125,3.6215925216674805
06-10-1994,12.625,12.8125,307600,12.8125,12.6875,3.5862598419189453
07-10-1994,12.625,12.75,283600,12.9375,12.875,3.6392593383789062
10-10-1994,12.875,12.9375,470200,13.0625,12.9375,3.656925916671753
11-10-1994,12.9375,13.0,720000,13.3125,13.25,3.745255708694458
12-10-1994,13.0625,13.1875,519600,13.3125,13.1875,3.727590799331665
13-10-1994,13.25,13.375,965400,13.4375,13.375,3.7805912494659424
14-10-1994,13.1875,13.375,337000,13.375,13.3125,3.7629239559173584
17-10-1994,13.1875,13.3125,232600,13.375,13.25,3.745255708694458
18-10-1994,13.0625,13.25,361000,13.25,13.25,3.745255708694458
19-10-1994,13.0,13.125,472200,13.1875,13.125,3.7099244594573975
20-10-1994,12.875,13.125,401400,13.125,13.0,3.6745927333831787
21-10-1994,12.8125,13.0,333800,13.0,12.9375,3.656925916671753
24-10-1994,12.6875,12.875,631600,12.9375,12.6875,3.5862598419189453
25-10-1994,12.625,12.625,314800,12.875,12.75,3.603925943374634
26-10-1994,12.6875,12.75,464400,12.8125,12.6875,3.5862598419189453
27-10-1994,12.6875,12.75,417000,12.875,12.8125,3.6215925216674805
28-10-1994,12.75,12.75,502000,13.1875,13.1875,3.727590799331665
31-10-1994,13.125,13.1875,476200,13.25,13.125,3.7099244594573975
01-11-1994,12.875,13.0,438200,13.0625,12.9375,3.656925916671753
02-11-1994,12.875,13.0,338000,13.1875,12.9375,3.656925916671753
03-11-1994,12.9375,12.9375,257800,13.25,13.125,3.7099244594573975
04-11-1994,12.875,13.25,554600,13.25,12.875,3.6392593383789062
07-11-1994,12.8125,12.875,561400,13.0,12.9375,3.656925916671753
08-11-1994,12.875,12.9375,730600,13.0,12.9375,3.656925916671753
09-11-1994,12.6875,13.0625,705200,13.0625,12.6875,3.5862598419189453
10-11-1994,12.625,12.8125,553000,12.8125,12.6875,3.5862598419189453
11-11-1994,12.5625,12.625,328000,12.75,12.625,3.568593978881836
14-11-1994,12.6875,12.75,230400,12.8125,12.6875,3.5862598419189453
15-11-1994,12.5,12.6875,439000,12.75,12.5625,3.5509276390075684
16-11-1994,12.5,12.5625,722000,12.6875,12.6875,3.5862598419189453
17-11-1994,12.625,12.75,822200,12.875,12.875,3.6392593383789062
18-11-1994,12.6875,12.9375,924200,12.9375,12.6875,3.5862598419189453
21-11-1994,12.6875,12.75,403000,12.875,12.6875,3.5862598419189453
22-11-1994,12.6875,12.6875,725000,12.875,12.75,3.603925943374634
23-11-1994,12.5625,12.6875,1595200,13.125,13.0625,3.6922595500946045
25-11-1994,13.125,13.125,305800,13.375,13.3125,3.7629239559173584
28-11-1994,13.1875,13.375,1027400,13.375,13.25,3.745255708694458
29-11-1994,13.1875,13.1875,686800,13.375,13.375,3.7805912494659424
30-11-1994,13.1875,13.375,1612400,13.375,13.3125,3.7629239559173584
01-12-1994,12.625,12.875,1212000,13.0,12.75,3.678534746170044
02-12-1994,12.6875,12.75,673400,12.875,12.875,3.714596748352051
05-12-1994,12.8125,12.875,550000,13.0625,13.0,3.750661849975586
06-12-1994,12.9375,13.0,400000,13.125,13.125,3.7867252826690674
07-12-1994,12.9375,13.0,4360600,13.0625,13.0625,3.7686924934387207
08-12-1994,12.9375,13.0,408400,13.125,13.0625,3.7686924934387207
09-12-1994,13.0,13.0,465200,13.1875,13.125,3.7867252826690674
12-12-1994,13.0625,13.0625,430000,13.25,13.25,3.8227922916412354
13-12-1994,13.1875,13.1875,607000,13.375,13.25,3.8227922916412354
14-12-1994,13.1875,13.25,455200,13.375,13.1875,3.8047587871551514
15-12-1994,13.1875,13.25,2623200,13.4375,13.375,3.8588528633117676
16-12-1994,13.4375,13.5,1570800,13.5625,13.5625,3.912949323654175
19-12-1994,13.3125,13.4375,527800,13.5,13.375,3.8588528633117676
20-12-1994,13.25,13.3125,430000,13.375,13.375,3.8588528633117676
21-12-1994,13.3125,13.3125,1033600,13.4375,13.375,3.8588528633117676
22-12-1994,13.25,13.4375,1672600,13.5,13.375,3.8588528633117676
23-12-1994,13.3125,13.375,413600,13.5625,13.5,3.8949174880981445
27-12-1994,13.5,13.5625,406600,13.5625,13.5,3.8949174880981445
28-12-1994,13.3125,13.5,867200,13.5,13.375,3.8588528633117676
29-12-1994,13.25,13.25,278200,13.375,13.25,3.8227922916412354
30-12-1994,13.25,13.25,1027000,13.375,13.25,3.8227922916412354
03-01-1995,13.1875,13.1875,416000,13.3125,13.3125,3.8408219814300537
04-01-1995,13.25,13.3125,352000,13.375,13.3125,3.8408219814300537
05-01-1995,13.125,13.25,425000,13.25,13.1875,3.8047587871551514
06-01-1995,13.0625,13.25,597200,13.3125,13.0625,3.7686924934387207
09-01-1995,13.0,13.0625,276800,13.1875,13.125,3.7867252826690674
10-01-1995,13.125,13.1875,415400,13.3125,13.25,3.8227922916412354
11-01-1995,13.125,13.25,263600,13.3125,13.1875,3.8047587871551514
12-01-1995,13.0,13.125,328200,13.25,13.25,3.8227922916412354
13-01-1995,13.25,13.375,322600,13.375,13.375,3.8588528633117676
16-01-1995,13.375,13.375,914200,13.6875,13.5625,3.912949323654175
17-01-1995,13.5625,13.5625,615000,13.6875,13.6875,3.9490132331848145
18-01-1995,13.5625,13.625,568600,13.6875,13.625,3.930982828140259
19-01-1995,13.375,13.5,576800,13.5625,13.5,3.8949174880981445
20-01-1995,13.375,13.5,461800,13.5,13.5,3.8949174880981445
23-01-1995,13.4375,13.4375,840200,13.625,13.625,3.930982828140259
24-01-1995,13.5,13.5,774800,13.75,13.6875,3.9490132331848145
25-01-1995,13.625,13.75,356400,13.9375,13.8125,3.985078811645508
26-01-1995,13.875,13.9375,1221600,14.0,14.0,4.039172649383545
27-01-1995,14.0,14.0,1097800,14.3125,14.1875,4.093269348144531
30-01-1995,14.1875,14.1875,849800,14.375,14.375,4.147366523742676
31-01-1995,14.3125,14.3125,1915600,14.5,14.375,4.147366523742676
01-02-1995,14.375,14.4375,985200,14.5,14.375,4.147366523742676
02-02-1995,14.1875,14.375,596600,14.375,14.3125,4.129336833953857
03-02-1995,14.4375,14.4375,1237600,14.5625,14.5625,4.201460838317871
06-02-1995,14.4375,14.5625,442600,14.625,14.5,4.18342924118042
07-02-1995,14.375,14.5,309400,14.5,14.5,4.18342924118042
08-02-1995,14.4375,14.5,1671800,14.6875,14.5,4.18342924118042
09-02-1995,14.1875,14.4375,426800,14.5,14.25,4.111300945281982
10-02-1995,14.1875,14.3125,478400,14.4375,14.3125,4.129336833953857
13-02-1995,14.1875,14.3125,235000,14.375,14.25,4.111300945281982
14-02-1995,14.3125,14.375,656400,14.5,14.5,4.18342924118042
15-02-1995,14.5,14.5,494000,14.6875,14.6875,4.23752498626709
16-02-1995,14.5,14.6875,737400,14.6875,14.5,4.18342924118042
17-02-1995,14.4375,14.5,525800,14.5625,14.5625,4.201460838317871
21-02-1995,14.4375,14.5625,713400,14.5625,14.5625,4.201460838317871
22-02-1995,14.5,14.5,472400,14.8125,14.8125,4.2735915184021
23-02-1995,14.75,14.875,338200,14.9375,14.75,4.255558967590332
24-02-1995,14.625,14.75,246000,14.8125,14.75,4.255558967590332
27-02-1995,14.5,14.6875,395000,14.75,14.625,4.219491958618164
28-02-1995,14.4375,14.5625,2371000,14.5625,14.5625,4.201460838317871
01-03-1995,14.0,14.25,2660600,14.3125,14.0625,4.133851528167725
02-03-1995,13.6875,14.0,2679600,14.0625,13.6875,4.023612976074219
03-03-1995,13.5625,13.6875,704800,13.875,13.875,4.078730583190918
06-03-1995,13.6875,13.8125,315000,13.875,13.8125,4.060360908508301
07-03-1995,13.5,13.6875,457000,13.8125,13.625,4.005243301391602
08-03-1995,13.625,13.75,892200,13.75,13.75,4.04198694229126
09-03-1995,13.5,13.6875,1187600,13.75,13.625,4.005243301391602
10-03-1995,13.5625,13.6875,435800,13.8125,13.6875,4.023612976074219
13-03-1995,13.625,13.75,274000,13.8125,13.6875,4.023612976074219
14-03-1995,13.6875,13.75,696800,14.0,13.9375,4.097105026245117
15-03-1995,13.6875,13.875,353800,13.9375,13.8125,4.060360908508301
16-03-1995,13.6875,13.75,547200,13.875,13.6875,4.023612976074219
17-03-1995,13.625,13.75,907800,13.8125,13.6875,4.023612976074219
20-03-1995,13.5,13.625,326600,13.6875,13.5625,3.986868381500244
21-03-1995,13.3125,13.4375,1462600,13.625,13.625,4.005243301391602
22-03-1995,13.5,13.5625,1036600,13.8125,13.6875,4.023612976074219
23-03-1995,13.5,13.6875,446400,13.6875,13.625,4.005243301391602
24-03-1995,13.625,13.6875,400800,13.8125,13.6875,4.023612976074219
27-03-1995,13.75,13.8125,464600,13.9375,13.9375,4.097105026245117
28-03-1995,13.8125,13.875,595800,13.9375,13.875,4.078730583190918
29-03-1995,13.75,13.8125,1221800,13.875,13.8125,4.060360908508301
30-03-1995,13.8125,13.875,732200,13.9375,13.875,4.078730583190918
31-03-1995,13.625,13.875,1034600,13.875,13.6875,4.023612976074219
03-04-1995,13.625,13.75,345400,13.75,13.625,4.005243301391602
04-04-1995,13.6875,13.6875,678000,14.0,13.9375,4.097105026245117
05-04-1995,13.9375,13.9375,402400,14.1875,14.125,4.152223587036133
06-04-1995,14.0625,14.125,422400,14.1875,14.0625,4.133851528167725
07-04-1995,13.875,14.0,686600,14.0625,14.0625,4.133851528167725
10-04-1995,13.875,14.0,278800,14.0625,14.0,4.115478038787842
11-04-1995,13.8125,14.0,545800,14.0625,13.875,4.078730583190918
12-04-1995,13.75,13.875,170200,13.9375,13.8125,4.060360908508301
13-04-1995,13.8125,13.9375,599000,14.0625,13.875,4.078730583190918
17-04-1995,13.4375,13.875,940400,13.9375,13.4375,3.9501216411590576
18-04-1995,13.4375,13.5,388400,13.625,13.5,3.9684972763061523
19-04-1995,13.375,13.4375,434800,13.75,13.4375,3.9501216411590576
20-04-1995,13.5625,13.6875,256000,13.75,13.6875,4.023612976074219
21-04-1995,13.5,13.75,1089800,13.75,13.6875,4.023612976074219
24-04-1995,13.5625,13.6875,453600,13.8125,13.75,4.04198694229126
25-04-1995,13.625,13.75,684600,13.75,13.75,4.04198694229126
26-04-1995,13.6875,13.75,373000,13.875,13.8125,4.060360908508301
27-04-1995,13.6875,13.75,798600,13.8125,13.8125,4.060360908508301
28-04-1995,13.75,13.8125,692400,13.875,13.75,4.04198694229126
01-05-1995,13.5625,13.75,557200,13.75,13.6875,4.023612976074219
02-05-1995,13.5,13.625,974600,13.6875,13.5625,3.986868381500244
03-05-1995,13.5,13.625,443200,13.75,13.75,4.04198694229126
04-05-1995,13.6875,13.8125,786400,13.875,13.6875,4.023612976074219
05-05-1995,13.75,13.8125,1033600,14.0,14.0,4.115478038787842
08-05-1995,13.8125,13.9375,600800,14.0625,13.9375,4.097105026245117
09-05-1995,13.875,14.0,604200,14.0625,14.0,4.115478038787842
10-05-1995,13.9375,14.0625,652800,14.0625,14.0,4.115478038787842
11-05-1995,13.875,14.0,377600,14.0625,13.875,4.078730583190918
12-05-1995,13.8125,13.875,438600,14.0625,14.0625,4.133851528167725
15-05-1995,14.0,14.0625,302800,14.1875,14.1875,4.170597076416016
16-05-1995,14.1875,14.1875,267200,14.25,14.25,4.18897008895874
17-05-1995,14.125,14.1875,1352600,14.3125,14.1875,4.170597076416016
18-05-1995,14.0,14.1875,541000,14.1875,14.0,4.115478038787842
19-05-1995,13.875,13.875,525400,14.0,13.9375,4.097105026245117
22-05-1995,13.9375,14.0,293000,14.125,14.125,4.152223587036133
23-05-1995,14.0,14.0625,485200,14.1875,14.1875,4.170597076416016
24-05-1995,14.1875,14.25,355800,14.3125,14.25,4.18897008895874
25-05-1995,14.3125,14.375,872000,14.5625,14.5,4.262458801269531
26-05-1995,14.4375,14.5625,570400,14.6875,14.5,4.262458801269531
30-05-1995,14.5,14.5,736200,14.75,14.6875,4.317577838897705
31-05-1995,14.5625,14.6875,1337400,14.875,14.875,4.372696876525879
01-06-1995,14.4375,14.5625,1343600,14.6875,14.6875,4.397395610809326
02-06-1995,14.6875,14.75,1353600,14.9375,14.875,4.453532695770264
05-06-1995,14.9375,14.9375,708400,15.125,15.0,4.490957736968994
06-06-1995,14.875,14.9375,425800,15.0,15.0,4.490957736968994
07-06-1995,14.6875,14.9375,577200,15.0,14.8125,4.434821605682373
08-06-1995,14.4375,14.6875,329400,14.75,14.5,4.341259002685547
09-06-1995,14.125,14.4375,548600,14.5,14.1875,4.247696876525879
12-06-1995,14.25,14.3125,660800,14.5,14.3125,4.2851243019104
13-06-1995,14.3125,14.4375,874400,14.4375,14.375,4.303835391998291
14-06-1995,13.5,14.0,2643800,14.0,13.5625,4.060574054718018
15-06-1995,13.5,13.5625,1961400,13.625,13.5625,4.060574054718018
16-06-1995,13.5625,13.625,1309800,13.6875,13.625,4.079286575317383
19-06-1995,13.625,13.6875,768000,13.8125,13.75,4.116711616516113
20-06-1995,13.6875,13.75,452600,13.8125,13.6875,4.097998142242432
21-06-1995,13.6875,13.6875,461800,13.75,13.6875,4.097998142242432
22-06-1995,13.8125,13.8125,1028800,14.0,13.9375,4.172847747802734
23-06-1995,13.875,13.875,559400,13.9375,13.9375,4.172847747802734
26-06-1995,13.8125,13.9375,754200,13.9375,13.9375,4.172847747802734
27-06-1995,13.875,13.875,678200,14.0,13.9375,4.172847747802734
28-06-1995,13.9375,13.9375,1271800,14.125,14.0625,4.210270881652832
29-06-1995,13.9375,14.0625,1298400,14.0625,13.9375,4.172847747802734
30-06-1995,13.8125,14.0,1158800,14.0,13.875,4.154137134552002
03-07-1995,13.8125,13.875,353000,13.875,13.875,4.154137134552002
05-07-1995,13.875,13.875,736800,13.9375,13.9375,4.172847747802734
06-07-1995,13.875,13.9375,2555400,14.0,14.0,4.191562175750732
07-07-1995,13.9375,14.0,1680000,14.0625,14.0,4.191562175750732
10-07-1995,13.9375,14.0,626400,14.0,14.0,4.191562175750732
11-07-1995,13.875,13.9375,904200,13.9375,13.875,4.154137134552002
12-07-1995,13.875,13.875,1044600,14.0625,14.0625,4.210270881652832
13-07-1995,13.9375,14.0,394400,14.0625,14.0,4.191562175750732
14-07-1995,13.9375,13.9375,456600,14.0625,14.0,4.191562175750732
17-07-1995,13.9375,14.0,618000,14.0625,14.0625,4.210270881652832
18-07-1995,13.875,14.0,771800,14.0,13.9375,4.172847747802734
19-07-1995,13.6875,13.875,1377400,14.25,13.8125,4.135423183441162
20-07-1995,13.6875,13.75,1125400,13.8125,13.75,4.116711616516113
21-07-1995,13.625,13.75,1612200,13.8125,13.6875,4.097998142242432
24-07-1995,13.625,13.75,688200,13.8125,13.6875,4.097998142242432
25-07-1995,13.625,13.75,488800,13.875,13.8125,4.135423183441162
26-07-1995,13.75,13.75,834800,13.8125,13.75,4.116711616516113
27-07-1995,13.6875,13.75,981200,13.8125,13.8125,4.135423183441162
28-07-1995,13.6875,13.75,667200,13.8125,13.75,4.116711616516113
31-07-1995,13.75,13.8125,927800,13.9375,13.875,4.154137134552002
01-08-1995,13.8125,13.875,1274000,13.9375,13.9375,4.172847747802734
02-08-1995,13.9375,14.0,1113400,14.0,14.0,4.191562175750732
03-08-1995,13.875,13.9375,894000,14.0,14.0,4.191562175750732
04-08-1995,13.9375,14.0625,259400,14.0625,13.9375,4.172847747802734
07-08-1995,13.9375,13.9375,559200,14.0,13.9375,4.172847747802734
08-08-1995,13.9375,14.0,630000,14.0,14.0,4.191562175750732
09-08-1995,13.875,13.9375,384000,14.0,13.875,4.154137134552002
10-08-1995,13.875,13.9375,684400,13.9375,13.9375,4.172847747802734
11-08-1995,13.6875,13.9375,898400,14.0,13.75,4.116711616516113
14-08-1995,13.6875,13.75,287400,13.8125,13.8125,4.135423183441162
15-08-1995,13.625,13.75,514400,13.8125,13.75,4.116711616516113
16-08-1995,13.6875,13.75,451800,13.875,13.875,4.154137134552002
17-08-1995,13.8125,13.875,293600,14.0,14.0,4.191562175750732
18-08-1995,13.875,14.0,534400,14.0,13.9375,4.172847747802734
21-08-1995,13.875,13.9375,271000,14.0,13.9375,4.172847747802734
22-08-1995,13.875,13.9375,254800,13.9375,13.875,4.154137134552002
23-08-1995,13.75,13.875,258800,13.9375,13.8125,4.135423183441162
24-08-1995,13.6875,13.6875,1849400,13.8125,13.75,4.116711616516113
25-08-1995,13.8125,13.8125,1355400,14.0,13.9375,4.172847747802734
28-08-1995,13.8125,14.0,605600,14.0,13.875,4.154137134552002
29-08-1995,13.75,13.875,366800,13.875,13.75,4.116711616516113
30-08-1995,13.6875,13.8125,284400,13.8125,13.75,4.116711616516113
31-08-1995,13.6875,13.75,738600,13.8125,13.75,4.116711616516113
01-09-1995,13.6875,13.75,550400,13.875,13.875,4.154137134552002
05-09-1995,13.8125,13.875,1850800,13.9375,13.9375,4.172847747802734
06-09-1995,13.4375,13.625,1768200,13.6875,13.4375,4.102625370025635
07-09-1995,13.4375,13.5,1300200,13.5625,13.5,4.121708393096924
08-09-1995,13.4375,13.5625,713800,13.5625,13.4375,4.102625370025635
11-09-1995,13.375,13.5,379000,13.5,13.4375,4.102625370025635
12-09-1995,13.375,13.4375,758600,13.5,13.5,4.121708393096924
13-09-1995,13.375,13.5,1118000,13.5,13.375,4.083545684814453
14-09-1995,13.375,13.375,1542400,13.5625,13.4375,4.102625370025635
15-09-1995,13.4375,13.5,1122400,13.5,13.4375,4.102625370025635
18-09-1995,13.4375,13.4375,338600,13.5,13.5,4.121708393096924
19-09-1995,13.4375,13.5,1392600,13.625,13.625,4.159873008728027
20-09-1995,13.5,13.625,2073000,13.8125,13.8125,4.217118740081787
21-09-1995,13.625,13.75,795600,13.8125,13.75,4.198036193847656
22-09-1995,13.6875,13.75,437400,13.9375,13.8125,4.217118740081787
25-09-1995,13.8125,13.875,336000,13.9375,13.9375,4.255281448364258
26-09-1995,13.6875,13.9375,2477000,14.3125,14.1875,4.331611156463623
27-09-1995,14.125,14.125,836000,14.375,14.375,4.388856887817383
28-09-1995,14.375,14.375,1191000,14.75,14.75,4.503348350524902
29-09-1995,14.6875,14.6875,1955800,14.875,14.875,4.541511058807373
02-10-1995,14.875,14.875,641800,14.9375,14.9375,4.560593128204346
03-10-1995,14.8125,14.875,898000,14.9375,14.875,4.541511058807373
04-10-1995,14.75,14.875,640600,14.9375,14.8125,4.522428512573242
05-10-1995,14.625,14.75,1636600,14.8125,14.6875,4.484264850616455
06-10-1995,14.5,14.625,1201400,14.75,14.6875,4.484264850616455
09-10-1995,14.625,14.6875,415000,14.8125,14.8125,4.522428512573242
10-10-1995,14.75,14.75,997000,14.9375,14.8125,4.522428512573242
11-10-1995,14.875,14.875,742600,14.9375,14.9375,4.560593128204346
12-10-1995,14.875,14.9375,454400,14.96875,14.875,4.541511058807373
13-10-1995,14.625,14.9375,615400,14.9375,14.625,4.465183258056641
16-10-1995,14.5,14.625,372800,14.625,14.5625,4.446103572845459
17-10-1995,14.4375,14.5625,406400,14.625,14.4375,4.4079389572143555
18-10-1995,14.5,14.5,497200,14.75,14.5625,4.446103572845459
19-10-1995,14.5,14.5625,431800,14.875,14.875,4.541511058807373
20-10-1995,14.8125,14.875,778200,15.0,14.9375,4.560593128204346
23-10-1995,14.75,14.875,889400,14.9375,14.9375,4.560593128204346
24-10-1995,14.8125,14.875,734000,14.9375,14.875,4.541511058807373
25-10-1995,14.625,14.8125,729800,14.875,14.8125,4.522428512573242
26-10-1995,14.6875,14.75,501000,14.8125,14.8125,4.522428512573242
27-10-1995,14.5,14.75,1272000,14.8125,14.5625,4.446103572845459
30-10-1995,14.5625,14.5625,470200,14.75,14.625,4.465183258056641
31-10-1995,14.6875,14.6875,494400,14.8125,14.6875,4.484264850616455
01-11-1995,14.5625,14.6875,669800,14.75,14.625,4.465183258056641
02-11-1995,14.5625,14.6875,676000,14.8125,14.5625,4.446103572845459
03-11-1995,14.4375,14.5625,847400,14.625,14.5,4.4270219802856445
06-11-1995,14.5,14.5625,1893200,14.625,14.5625,4.446103572845459
07-11-1995,14.5,14.625,323400,14.625,14.5625,4.446103572845459
08-11-1995,14.5625,14.5625,409200,14.625,14.625,4.465183258056641
09-11-1995,14.5625,14.625,1127400,14.75,14.625,4.465183258056641
10-11-1995,14.5,14.625,499400,14.75,14.625,4.465183258056641
13-11-1995,14.375,14.625,967000,14.625,14.4375,4.4079389572143555
14-11-1995,14.375,14.4375,509400,14.5,14.375,4.388856887817383
15-11-1995,14.375,14.375,357000,14.5,14.5,4.4270219802856445
16-11-1995,14.5,14.5625,665600,14.75,14.6875,4.484264850616455
17-11-1995,14.625,14.6875,892000,14.75,14.75,4.503348350524902
20-11-1995,14.6875,14.75,510200,14.75,14.75,4.503348350524902
21-11-1995,14.6875,14.6875,399600,14.8125,14.75,4.503348350524902
22-11-1995,14.5,14.8125,1537400,14.8125,14.5625,4.446103572845459
24-11-1995,14.5625,14.625,158400,14.6875,14.6875,4.484264850616455
27-11-1995,14.625,14.625,1539800,14.8125,14.75,4.503348350524902
28-11-1995,14.6875,14.75,1219000,14.8125,14.8125,4.522428512573242
29-11-1995,14.6875,14.75,1094600,14.8125,14.8125,4.522428512573242
30-11-1995,14.8125,14.875,635600,14.9375,14.8125,4.522428512573242
01-12-1995,14.75,14.875,317600,14.875,14.8125,4.522428512573242
04-12-1995,14.75,14.8125,2373600,14.9375,14.9375,4.560593128204346
05-12-1995,14.5625,14.625,2601000,14.75,14.625,4.547379016876221
06-12-1995,14.6875,14.6875,2364000,15.25,15.0,4.663978099822998
07-12-1995,14.875,14.9375,1224400,14.9375,14.9375,4.644545078277588
08-12-1995,14.875,14.9375,432200,14.9375,14.9375,4.644545078277588
11-12-1995,14.6875,14.875,1058800,14.875,14.75,4.586245536804199
12-12-1995,14.5625,14.75,365200,14.75,14.625,4.547379016876221
13-12-1995,14.5,14.625,971000,14.71875,14.625,4.547379016876221
14-12-1995,14.625,14.625,679800,14.8125,14.75,4.586245536804199
15-12-1995,14.625,14.75,1490200,14.875,14.875,4.6251115798950195
18-12-1995,14.75,14.75,698000,14.96875,14.9375,4.644545078277588
19-12-1995,14.875,14.875,840600,15.25,15.1875,4.722279071807861
20-12-1995,15.0625,15.1875,472400,15.1875,15.0625,4.683412551879883
21-12-1995,15.0625,15.125,457200,15.1875,15.0625,4.683412551879883
22-12-1995,15.0,15.0625,800600,15.1875,15.1875,4.722279071807861
26-12-1995,15.0,15.1875,640400,15.1875,15.1875,4.722279071807861
27-12-1995,15.125,15.1875,411400,15.25,15.25,4.741713047027588
28-12-1995,15.1875,15.25,454400,15.25,15.1875,4.722279071807861
29-12-1995,15.1875,15.1875,617000,15.3125,15.3125,4.761144161224365
02-01-1996,15.1875,15.25,819800,15.4375,15.4375,4.800012111663818
03-01-1996,15.4375,15.5,383200,15.5625,15.5625,4.8388776779174805
04-01-1996,15.4375,15.5,2081400,15.75,15.5625,4.8388776779174805
05-01-1996,15.375,15.4375,682600,15.6875,15.6875,4.877743721008301
08-01-1996,15.4375,15.625,110400,15.6875,15.5,4.819443702697754
09-01-1996,15.4375,15.5,781600,15.6875,15.6875,4.877743721008301
10-01-1996,15.375,15.5625,795800,15.625,15.375,4.780578136444092
11-01-1996,15.1875,15.375,524400,15.375,15.3125,4.761144161224365
12-01-1996,15.1875,15.3125,729200,15.375,15.25,4.741713047027588
15-01-1996,15.25,15.25,448800,15.5625,15.5,4.819443702697754
16-01-1996,15.4375,15.5,707200,15.5625,15.5,4.819443702697754
17-01-1996,15.375,15.5,557600,15.5625,15.5,4.819443702697754
18-01-1996,15.25,15.5,410400,15.5,15.25,4.741713047027588
19-01-1996,15.25,15.25,619200,15.4375,15.375,4.780578136444092
22-01-1996,15.1875,15.3125,342800,15.3125,15.25,4.741713047027588
23-01-1996,15.25,15.25,348000,15.375,15.25,4.741713047027588
24-01-1996,15.25,15.3125,827000,15.4375,15.4375,4.800012111663818
25-01-1996,15.25,15.375,589600,15.375,15.25,4.741713047027588
26-01-1996,15.25,15.25,351400,15.375,15.25,4.741713047027588
29-01-1996,15.25,15.25,1237000,15.4375,15.375,4.780578136444092
30-01-1996,15.25,15.375,228200,15.375,15.3125,4.761144161224365
31-01-1996,15.25,15.3125,3588400,15.625,15.625,4.858310699462891
01-02-1996,15.3125,15.75,722400,15.8125,15.8125,4.916611194610596
02-02-1996,15.5,15.75,320400,15.8125,15.5,4.819443702697754
05-02-1996,15.4375,15.5,954600,15.5625,15.4375,4.800012111663818
06-02-1996,15.4375,15.5,1470200,15.75,15.6875,4.877743721008301
07-02-1996,15.4375,15.625,1283800,15.6875,15.5625,4.8388776779174805
08-02-1996,15.5625,15.5625,376000,15.6875,15.6875,4.877743721008301
09-02-1996,15.5,15.6875,816800,15.6875,15.5,4.819443702697754
12-02-1996,15.5,15.625,1195200,15.75,15.75,4.897177219390869
13-02-1996,15.75,15.75,1020000,16.0625,16.0,4.97490930557251
14-02-1996,15.625,16.0,558400,16.0625,15.6875,4.877743721008301
15-02-1996,15.5625,15.625,221000,15.75,15.625,4.858310699462891
16-02-1996,15.5,15.5625,617000,15.5625,15.5,4.819443702697754
20-02-1996,15.3125,15.375,488600,15.5,15.4375,4.800012111663818
21-02-1996,15.375,15.4375,677200,15.5625,15.375,4.780578136444092
22-02-1996,15.4375,15.5,2544000,15.5625,15.5625,4.8388776779174805
23-02-1996,14.75,15.5,1625400,15.5,15.0625,4.683412551879883
26-02-1996,13.9375,14.6875,4061800,14.6875,14.5,4.508514404296875
27-02-1996,14.3125,14.5,6421000,14.5625,14.5,4.508514404296875
28-02-1996,14.25,14.5,1429800,14.5625,14.25,4.43078088760376
29-02-1996,14.0625,14.1875,995000,14.3125,14.0625,4.372481822967529
01-03-1996,13.9375,14.125,1008200,14.125,14.125,4.391913890838623
04-03-1996,13.9375,14.125,2429800,14.375,14.375,4.4696455001831055
05-03-1996,14.25,14.3125,2672000,14.375,14.25,4.43078088760376
06-03-1996,13.75,13.9375,4072800,14.0,13.875,4.397500991821289
07-03-1996,13.625,13.8125,2653400,13.8125,13.625,4.318267345428467
08-03-1996,13.1875,13.5,1705400,13.5,13.3125,4.219223976135254
11-03-1996,13.125,13.1875,1675200,13.4375,13.375,4.239035129547119
12-03-1996,13.0,13.25,1511600,13.3125,13.25,4.199416160583496
13-03-1996,13.0625,13.1875,1416800,13.25,13.125,4.159800052642822
14-03-1996,12.625,13.0625,4853200,13.125,12.9375,4.100373268127441
15-03-1996,12.875,13.0,1949600,13.0625,12.9375,4.100373268127441
18-03-1996,12.9375,12.9375,1857800,13.4375,13.3125,4.219223976135254
19-03-1996,13.0625,13.3125,711000,13.3125,13.125,4.159800052642822
20-03-1996,13.125,13.125,526200,13.3125,13.25,4.199416160583496
21-03-1996,13.1875,13.25,496800,13.375,13.3125,4.219223976135254
22-03-1996,13.25,13.25,899000,13.375,13.25,4.199416160583496
25-03-1996,13.25,13.375,745600,13.4375,13.4375,4.2588419914245605
26-03-1996,13.4375,13.4375,773200,13.6875,13.625,4.318267345428467
27-03-1996,13.625,13.6875,1757200,13.9375,13.8125,4.377692699432373
28-03-1996,13.75,13.75,962400,13.875,13.75,4.357884883880615
29-03-1996,13.6875,13.8125,1117200,13.875,13.6875,4.338077068328857
01-04-1996,13.75,13.8125,1139400,13.875,13.75,4.357884883880615
02-04-1996,13.75,13.8125,956800,13.875,13.875,4.397500991821289
03-04-1996,13.5,13.8125,3799000,13.9375,13.5625,4.298458576202393
04-04-1996,13.5,13.5,2508600,13.625,13.5625,4.298458576202393
08-04-1996,13.25,13.375,948800,13.4375,13.25,4.199416160583496
09-04-1996,13.25,13.25,1002000,13.375,13.375,4.239035129547119
10-04-1996,13.1875,13.3125,1394600,13.4375,13.25,4.199416160583496
11-04-1996,13.125,13.25,2798400,13.375,13.1875,4.1796064376831055
12-04-1996,13.1875,13.25,577000,13.3125,13.1875,4.1796064376831055
15-04-1996,13.0625,13.25,410800,13.25,13.125,4.159800052642822
16-04-1996,13.0625,13.125,1525800,13.1875,13.1875,4.1796064376831055
17-04-1996,13.0,13.0625,1423600,13.125,13.0625,4.139989852905273
18-04-1996,12.875,13.0625,489400,13.125,13.0,4.120181560516357
19-04-1996,12.875,12.9375,655000,13.0,12.875,4.080564022064209
22-04-1996,12.8125,12.875,569800,12.9375,12.8125,4.060756206512451
23-04-1996,12.6875,12.75,1060200,12.9375,12.875,4.080564022064209
24-04-1996,12.9375,13.0,851400,13.1875,13.125,4.159800052642822
25-04-1996,12.9375,13.0,438600,13.125,13.0625,4.139989852905273
26-04-1996,13.0625,13.1875,424600,13.1875,13.0625,4.139989852905273
29-04-1996,13.0,13.0625,488600,13.125,13.0,4.120181560516357
30-04-1996,13.0,13.0625,688000,13.125,13.0625,4.139989852905273
01-05-1996,13.0,13.0,732600,13.125,13.0625,4.139989852905273
02-05-1996,12.9375,13.0,601000,13.0625,12.9375,4.100373268127441
03-05-1996,12.6875,12.9375,497000,12.9375,12.6875,4.0211381912231445
06-05-1996,12.625,12.75,584000,12.8125,12.75,4.040945529937744
07-05-1996,12.625,12.75,543600,12.75,12.75,4.040945529937744
08-05-1996,12.5625,12.6875,566200,13.125,13.125,4.159800052642822
09-05-1996,12.9375,12.9375,664400,13.125,13.0625,4.139989852905273
10-05-1996,13.0625,13.1875,443800,13.25,13.1875,4.1796064376831055
13-05-1996,13.1875,13.25,469800,13.5,13.4375,4.2588419914245605
14-05-1996,13.4375,13.5,1552600,13.5625,13.5,4.278651714324951
15-05-1996,13.375,13.5,596400,13.5625,13.4375,4.2588419914245605
16-05-1996,13.3125,13.4375,417200,13.4375,13.3125,4.219223976135254
17-05-1996,13.3125,13.375,505000,13.4375,13.4375,4.2588419914245605
20-05-1996,13.375,13.4375,303800,13.5,13.4375,4.2588419914245605
21-05-1996,13.375,13.4375,247600,13.4375,13.375,4.239035129547119
22-05-1996,13.375,13.4375,442000,13.625,13.625,4.318267345428467
23-05-1996,13.5,13.625,605600,13.75,13.5,4.278651714324951
24-05-1996,13.5,13.5625,304800,13.6875,13.6875,4.338077068328857
28-05-1996,13.5,13.6875,352600,13.6875,13.5,4.278651714324951
29-05-1996,13.4375,13.5625,304000,13.625,13.4375,4.2588419914245605
30-05-1996,13.3125,13.4375,387800,13.5,13.4375,4.2588419914245605
31-05-1996,13.1875,13.4375,299000,13.4375,13.25,4.199416160583496
03-06-1996,13.0,13.125,463000,13.1875,13.125,4.159800052642822
04-06-1996,13.1875,13.1875,3378800,13.3125,13.25,4.199416160583496
05-06-1996,12.9375,13.0625,1363800,13.125,13.125,4.246327877044678
06-06-1996,13.0,13.125,1159000,13.1875,13.0,4.205885887145996
07-06-1996,12.75,12.75,554800,13.0,13.0,4.205885887145996
10-06-1996,12.8125,12.9375,362000,13.0,12.8125,4.1452250480651855
11-06-1996,12.8125,12.875,351200,13.0,12.8125,4.1452250480651855
12-06-1996,12.6875,12.875,360600,12.875,12.6875,4.104783535003662
13-06-1996,12.625,12.6875,427800,12.8125,12.75,4.125001430511475
14-06-1996,12.75,12.75,288000,12.875,12.75,4.125001430511475
17-06-1996,12.75,12.75,308800,12.8125,12.8125,4.1452250480651855
18-06-1996,12.6875,12.75,330800,12.8125,12.6875,4.104783535003662
19-06-1996,12.6875,12.6875,470000,12.8125,12.6875,4.104783535003662
20-06-1996,12.6875,12.75,921400,12.8125,12.6875,4.104783535003662
21-06-1996,12.75,12.75,1610400,12.9375,12.875,4.1654438972473145
24-06-1996,12.875,12.875,465600,12.9375,12.9375,4.185666561126709
25-06-1996,12.875,12.9375,1320800,13.125,13.0625,4.226107120513916
26-06-1996,13.0,13.0625,672000,13.1875,13.0625,4.226107120513916
27-06-1996,13.0625,13.125,819800,13.3125,13.25,4.286768436431885
28-06-1996,13.3125,13.3125,897400,13.75,13.75,4.44853401184082
01-07-1996,13.625,13.75,1561000,13.8125,13.75,4.44853401184082
02-07-1996,13.6875,13.6875,945400,13.9375,13.8125,4.468754291534424
03-07-1996,13.75,13.8125,479200,13.875,13.75,4.44853401184082
05-07-1996,13.4375,13.5,250200,13.5625,13.5,4.36765193939209
08-07-1996,13.3125,13.375,370800,13.4375,13.4375,4.347431182861328
09-07-1996,13.3125,13.375,468000,13.5,13.4375,4.347431182861328
10-07-1996,13.3125,13.5,415000,13.5625,13.5,4.36765193939209
11-07-1996,13.25,13.5,386000,13.5,13.375,4.327211856842041
12-07-1996,13.1875,13.1875,584400,13.5,13.5,4.36765193939209
15-07-1996,13.125,13.375,429000,13.4375,13.125,4.246327877044678
16-07-1996,12.8125,13.0,941800,13.375,13.1875,4.266547679901123
17-07-1996,13.125,13.3125,665600,13.3125,13.1875,4.266547679901123
18-07-1996,13.125,13.25,547200,13.3125,13.25,4.286768436431885
19-07-1996,13.0625,13.25,884800,13.3125,13.25,4.286768436431885
22-07-1996,13.0625,13.1875,939200,13.3125,13.0625,4.226107120513916
23-07-1996,13.0625,13.125,431600,13.1875,13.0625,4.226107120513916
24-07-1996,13.0,13.0,538200,13.1875,13.0625,4.226107120513916
25-07-1996,12.9375,13.1875,477800,13.1875,13.0,4.205885887145996
26-07-1996,12.9375,13.0625,253600,13.0625,12.9375,4.185666561126709
29-07-1996,12.875,12.9375,382200,13.0,12.9375,4.185666561126709
30-07-1996,12.875,12.875,673200,13.0,13.0,4.205885887145996
31-07-1996,12.9375,12.9375,508200,13.0625,13.0,4.205885887145996
01-08-1996,13.0,13.0,579000,13.375,13.1875,4.266547679901123
02-08-1996,13.4375,13.4375,1302000,13.625,13.625,4.408092975616455
05-08-1996,13.5625,13.5625,417200,13.75,13.625,4.408092975616455
06-08-1996,13.5,13.5625,538800,13.625,13.5,4.36765193939209
07-08-1996,13.5,13.5625,931600,13.6875,13.5625,4.387872219085693
08-08-1996,13.5,13.5,306200,13.625,13.5,4.36765193939209
09-08-1996,13.4375,13.5625,686600,13.625,13.5,4.36765193939209
12-08-1996,13.4375,13.4375,348400,13.6875,13.6875,4.428315162658691
13-08-1996,13.5625,13.5625,788600,13.65625,13.5625,4.387872219085693
14-08-1996,13.5625,13.625,592000,13.6875,13.5625,4.387872219085693
15-08-1996,13.5,13.625,541000,13.625,13.5625,4.387872219085693
16-08-1996,13.5,13.5625,505400,13.6875,13.6875,4.428315162658691
19-08-1996,13.625,13.625,350000,13.6875,13.6875,4.428315162658691
20-08-1996,13.5,13.625,519200,13.6875,13.5625,4.387872219085693
21-08-1996,13.5,13.5,2650800,13.625,13.5625,4.387872219085693
22-08-1996,13.5625,13.5625,539200,13.6875,13.625,4.408092975616455
23-08-1996,13.5,13.625,679200,13.625,13.5,4.36765193939209
26-08-1996,13.375,13.4375,644400,13.625,13.625,4.408092975616455
27-08-1996,13.625,13.625,516200,13.75,13.6875,4.428315162658691
28-08-1996,13.6875,13.6875,930800,13.8125,13.8125,4.468754291534424
29-08-1996,13.6875,13.8125,902200,13.8125,13.6875,4.428315162658691
30-08-1996,13.5625,13.8125,683400,13.8125,13.5625,4.387872219085693
03-09-1996,13.375,13.5,960800,13.6875,13.625,4.408092975616455
04-09-1996,13.5625,13.5625,887800,13.75,13.75,4.44853401184082
05-09-1996,13.1875,13.25,1957800,13.4375,13.25,4.372629642486572
06-09-1996,13.25,13.3125,1354800,13.375,13.25,4.372629642486572
09-09-1996,13.25,13.375,742400,13.375,13.3125,4.3932576179504395
10-09-1996,13.25,13.3125,541600,13.375,13.3125,4.3932576179504395
11-09-1996,13.25,13.3125,356400,13.375,13.375,4.413883209228516
12-09-1996,13.375,13.375,325200,13.5,13.5,4.455134391784668
13-09-1996,13.5,13.625,465000,13.75,13.75,4.537635803222656
16-09-1996,13.625,13.625,677600,13.8125,13.6875,4.517011642456055
17-09-1996,13.6875,13.6875,794000,13.75,13.75,4.537635803222656
18-09-1996,13.5,13.6875,1408200,13.75,13.5,4.455134391784668
19-09-1996,13.5,13.5,689000,13.625,13.625,4.496386528015137
20-09-1996,13.5625,13.6875,749400,13.6875,13.5625,4.475759506225586
23-09-1996,13.5,13.5,246000,13.625,13.5625,4.475759506225586
24-09-1996,13.375,13.5,940400,13.5625,13.5,4.455134391784668
25-09-1996,13.375,13.4375,549200,13.5625,13.375,4.413883209228516
26-09-1996,13.3125,13.375,675200,13.4375,13.375,4.413883209228516
27-09-1996,13.375,13.4375,500600,13.5,13.5,4.455134391784668
30-09-1996,13.375,13.5,875200,13.5625,13.375,4.413883209228516
01-10-1996,13.375,13.4375,2375000,13.5,13.4375,4.434507369995117
02-10-1996,13.3125,13.4375,1835600,13.4375,13.375,4.413883209228516
03-10-1996,13.1875,13.375,1474800,13.375,13.1875,4.352004051208496
04-10-1996,13.25,13.25,2300400,13.4375,13.375,4.413883209228516
07-10-1996,13.3125,13.375,539000,13.4375,13.375,4.413883209228516
08-10-1996,13.3125,13.3125,597200,13.4375,13.4375,4.434507369995117
09-10-1996,13.3125,13.4375,380000,13.4375,13.4375,4.434507369995117
10-10-1996,13.375,13.375,574800,13.4375,13.375,4.413883209228516
11-10-1996,13.375,13.4375,887400,13.4375,13.4375,4.434507369995117
14-10-1996,13.4375,13.4375,345200,13.5625,13.4375,4.434507369995117
15-10-1996,13.375,13.5,825200,13.625,13.5625,4.475759506225586
16-10-1996,13.4375,13.5625,301200,13.5625,13.5625,4.475759506225586
17-10-1996,13.5,13.5625,608600,13.625,13.5625,4.475759506225586
18-10-1996,13.5625,13.625,926600,13.6875,13.625,4.496386528015137
21-10-1996,13.5,13.625,508400,13.625,13.5625,4.475759506225586
22-10-1996,13.4375,13.5,438600,13.5625,13.5,4.455134391784668
23-10-1996,13.3125,13.375,449400,13.5625,13.4375,4.434507369995117
24-10-1996,13.3125,13.375,431400,13.4375,13.375,4.413883209228516
25-10-1996,13.3125,13.3125,533200,13.4375,13.375,4.413883209228516
28-10-1996,13.3125,13.375,720400,13.4375,13.3125,4.3932576179504395
29-10-1996,13.3125,13.3125,1116800,13.5625,13.375,4.413883209228516
30-10-1996,13.375,13.625,493800,13.625,13.4375,4.434507369995117
31-10-1996,13.375,13.5,1143800,13.5,13.4375,4.434507369995117
01-11-1996,13.4375,13.5,692800,13.5625,13.5,4.455134391784668
04-11-1996,13.4375,13.5,609600,13.5625,13.5,4.455134391784668
05-11-1996,13.5625,13.5625,1064800,13.75,13.75,4.537635803222656
06-11-1996,13.6875,13.6875,1101800,14.0,14.0,4.620138645172119
07-11-1996,13.875,13.9375,949600,14.0,13.875,4.578887462615967
08-11-1996,13.875,13.9375,727000,14.0,14.0,4.620138645172119
11-11-1996,14.0,14.0,775600,14.125,14.0,4.620138645172119
12-11-1996,13.875,14.0,522000,14.0625,13.9375,4.599512577056885
13-11-1996,13.875,13.875,949600,14.0,13.875,4.578887462615967
14-11-1996,13.875,13.875,571600,13.9375,13.875,4.578887462615967
15-11-1996,13.9375,14.0,947400,14.125,14.125,4.66139030456543
18-11-1996,14.0625,14.125,652600,14.1875,14.0625,4.6407670974731445
19-11-1996,14.0,14.0625,561200,14.125,14.0,4.620138645172119
20-11-1996,14.0,14.0625,358400,14.125,14.125,4.66139030456543
21-11-1996,14.25,14.25,1330000,14.5,14.375,4.743892192840576
22-11-1996,14.375,14.375,627000,14.5,14.4375,4.7645182609558105
25-11-1996,14.3125,14.375,388800,14.4375,14.4375,4.7645182609558105
26-11-1996,14.25,14.4375,1142800,14.4375,14.25,4.702642440795898
27-11-1996,14.1875,14.3125,307800,14.3125,14.25,4.702642440795898
29-11-1996,14.25,14.3125,204800,14.3125,14.3125,4.723265647888184
02-12-1996,14.125,14.25,404400,14.3125,14.1875,4.682014465332031
03-12-1996,14.1875,14.1875,1145800,14.375,14.25,4.702642440795898
04-12-1996,14.1875,14.1875,617000,14.375,14.375,4.743892192840576
05-12-1996,14.3125,14.3125,2313400,14.5,14.5,4.785145282745361
06-12-1996,13.875,13.875,2544600,14.0625,14.0,4.707801342010498
09-12-1996,14.0,14.0,1510800,14.25,14.25,4.7918701171875
10-12-1996,13.9375,14.1875,2596000,14.25,14.0,4.707801342010498
11-12-1996,13.75,13.875,1314000,13.9375,13.875,4.665767669677734
12-12-1996,13.75,13.875,612200,13.9375,13.75,4.6237335205078125
13-12-1996,13.5,13.625,674600,13.8125,13.75,4.6237335205078125
16-12-1996,13.5625,13.6875,673200,13.875,13.625,4.581701278686523
17-12-1996,13.625,13.625,560200,13.6875,13.6875,4.602717399597168
18-12-1996,13.625,13.625,488600,13.6875,13.625,4.581701278686523
19-12-1996,13.5625,13.75,1898400,13.75,13.625,4.581701278686523
20-12-1996,13.6875,13.75,2260200,13.75,13.75,4.6237335205078125
23-12-1996,13.6875,13.75,1087800,13.875,13.75,4.6237335205078125
24-12-1996,13.75,13.8125,484200,13.875,13.875,4.665767669677734
26-12-1996,13.8125,13.875,865800,13.9375,13.8125,4.644750118255615
27-12-1996,13.8125,13.875,771600,13.9375,13.875,4.665767669677734
30-12-1996,13.8125,13.875,1881800,13.875,13.875,4.665767669677734
31-12-1996,13.625,13.875,550600,13.875,13.625,4.581701278686523
02-01-1997,13.6875,13.6875,1510200,13.8125,13.8125,4.644750118255615
03-01-1997,13.75,13.8125,1011200,13.875,13.8125,4.644750118255615
06-01-1997,13.75,13.875,1066800,13.9375,13.8125,4.644750118255615
07-01-1997,13.8125,13.8125,1016200,14.125,14.125,4.749835968017578
08-01-1997,14.125,14.25,744400,14.25,14.1875,4.7708516120910645
09-01-1997,14.1875,14.1875,1095200,14.4375,14.375,4.833902835845947
10-01-1997,14.25,14.25,1314200,14.4375,14.375,4.833902835845947
13-01-1997,14.375,14.4375,893800,14.5625,14.5,4.875938415527344
14-01-1997,14.5,14.5625,730400,14.625,14.5625,4.8969550132751465
15-01-1997,14.375,14.5,769800,14.5625,14.4375,4.854919910430908
16-01-1997,14.25,14.4375,501800,14.4375,14.3125,4.81288480758667
17-01-1997,14.25,14.3125,781800,14.375,14.25,4.7918701171875
20-01-1997,14.0,14.25,375600,14.25,14.0625,4.728820323944092
21-01-1997,14.0625,14.0625,569000,14.25,14.1875,4.7708516120910645
22-01-1997,14.0,14.1875,641600,14.1875,14.1875,4.7708516120910645
23-01-1997,14.0,14.3125,561400,14.375,14.0625,4.728820323944092
24-01-1997,13.75,14.0,856800,14.0625,13.75,4.6237335205078125
27-01-1997,13.625,13.75,769600,13.9375,13.6875,4.602717399597168
28-01-1997,13.6875,13.8125,1101200,14.0,13.6875,4.602717399597168
29-01-1997,13.375,13.75,3282000,13.8125,13.375,4.497631549835205
30-01-1997,13.375,13.4375,2997200,13.6875,13.6875,4.602717399597168
31-01-1997,13.5625,13.6875,1553400,13.6875,13.6875,4.602717399597168
03-02-1997,13.5625,13.5625,1459200,13.625,13.625,4.581701278686523
04-02-1997,13.5625,13.5625,857800,13.8125,13.8125,4.644750118255615
05-02-1997,13.6875,13.8125,1939200,13.9375,13.75,4.6237335205078125
06-02-1997,13.75,13.8125,750200,13.8125,13.8125,4.644750118255615
07-02-1997,13.75,13.875,562800,14.0,13.9375,4.686783313751221
10-02-1997,13.8125,13.9375,418600,14.0,13.9375,4.686783313751221
11-02-1997,13.8125,14.0,636200,14.0,13.8125,4.644750118255615
12-02-1997,13.8125,13.875,1009200,14.0,13.8125,4.644750118255615
13-02-1997,13.75,13.875,552400,13.875,13.75,4.6237335205078125
14-02-1997,13.6875,13.875,458600,13.9375,13.8125,4.644750118255615
18-02-1997,13.8125,13.875,440800,13.9375,13.875,4.665767669677734
19-02-1997,13.875,13.9375,447200,14.0,13.9375,4.686783313751221
20-02-1997,13.8125,13.875,472400,14.0,13.875,4.665767669677734
21-02-1997,13.8125,13.875,421600,14.0,13.9375,4.686783313751221
24-02-1997,13.8125,13.8125,488600,14.125,14.0,4.707801342010498
25-02-1997,14.0,14.0,514000,14.125,14.0625,4.728820323944092
26-02-1997,13.9375,14.0625,984000,14.0625,14.0,4.707801342010498
27-02-1997,14.0,14.0,1915800,14.1875,14.0625,4.728820323944092
28-02-1997,14.0625,14.0625,660600,14.1875,14.125,4.749835968017578
03-03-1997,14.0625,14.0625,426000,14.1875,14.125,4.749835968017578
04-03-1997,14.0,14.0625,932800,14.1875,14.125,4.749835968017578
05-03-1997,14.125,14.125,2740800,14.1875,14.1875,4.7708516120910645
06-03-1997,13.625,14.0,1448800,14.0,13.625,4.670584201812744
07-03-1997,13.5625,13.625,816200,13.6875,13.625,4.670584201812744
10-03-1997,13.4375,13.625,1280400,13.6875,13.5,4.627737045288086
11-03-1997,13.3125,13.375,862200,13.4453125,13.4375,4.606308937072754
12-03-1997,13.25,13.375,732200,13.4375,13.25,4.542035102844238
13-03-1997,13.0625,13.1875,1155400,13.25,13.1875,4.52061128616333
14-03-1997,13.1875,13.1875,887600,13.3125,13.25,4.542035102844238
17-03-1997,13.125,13.1875,752000,13.5625,13.4375,4.606308937072754
18-03-1997,13.125,13.375,564400,13.4375,13.25,4.542035102844238
19-03-1997,13.125,13.1875,758800,13.4375,13.375,4.58488655090332
20-03-1997,13.25,13.375,495000,13.5,13.3125,4.563461780548096
21-03-1997,13.3125,13.375,1234600,13.4375,13.3125,4.563461780548096
24-03-1997,13.375,13.4375,1003800,13.6875,13.625,4.670584201812744
25-03-1997,13.6875,13.75,1067200,13.84375,13.6875,4.6920084953308105
26-03-1997,13.5625,13.6875,1067600,13.75,13.5625,4.649160385131836
27-03-1997,13.25,13.625,1038400,13.625,13.3125,4.563461780548096
31-03-1997,13.0625,13.25,1221600,13.3125,13.125,4.499186038970947
01-04-1997,13.125,13.125,1017400,13.25,13.1875,4.52061128616333
02-04-1997,13.0,13.0625,746800,13.125,13.125,4.499186038970947
03-04-1997,12.8125,13.0625,691000,13.0625,12.9375,4.4349141120910645
04-04-1997,12.75,12.875,779800,12.9375,12.875,4.413487434387207
07-04-1997,12.25,12.875,9457800,12.9375,12.25,4.19924259185791
08-04-1997,12.1875,12.25,2983200,12.3125,12.25,4.19924259185791
09-04-1997,11.9375,12.25,1261600,12.25,11.9375,4.092116355895996
10-04-1997,11.8125,12.0,1728400,12.3125,12.1875,4.177816390991211
11-04-1997,11.875,12.0,1131200,12.1875,12.0625,4.1349687576293945
14-04-1997,11.875,12.125,914600,12.125,12.0625,4.1349687576293945
15-04-1997,11.9375,12.125,778000,12.1875,12.0625,4.1349687576293945
16-04-1997,11.875,12.0625,825200,12.125,12.0625,4.1349687576293945
17-04-1997,11.875,12.0625,520800,12.125,12.0,4.113541603088379
18-04-1997,11.9375,12.0,423200,12.0625,11.9375,4.092116355895996
21-04-1997,11.8125,12.0,412200,12.0,11.875,4.070694446563721
22-04-1997,11.6875,11.8125,610200,12.0,11.9375,4.092116355895996
23-04-1997,11.875,12.0,605200,12.125,11.9375,4.092116355895996
24-04-1997,11.625,11.875,573200,11.9375,11.625,3.9849934577941895
25-04-1997,11.4375,11.625,557400,11.6875,11.5625,3.963569164276123
28-04-1997,11.5,11.5,679800,11.9375,11.9375,4.092116355895996
29-04-1997,12.0625,12.1875,1027400,12.1875,12.1875,4.177816390991211
30-04-1997,11.9375,12.0625,793000,12.125,12.0625,4.1349687576293945
01-05-1997,11.8125,12.0,658200,12.0625,12.0,4.113541603088379
02-05-1997,12.0,12.0,1104200,12.375,12.375,4.242091655731201
05-05-1997,12.4375,12.4375,1602400,12.9375,12.875,4.413487434387207
06-05-1997,12.6875,12.75,855400,12.8125,12.75,4.370637893676758
07-05-1997,12.5,12.75,647600,12.75,12.5625,4.306364059448242
08-05-1997,12.375,12.5,557200,12.625,12.375,4.242091655731201
09-05-1997,12.3125,12.4375,455800,12.5625,12.375,4.242091655731201
12-05-1997,12.375,12.5,617400,12.5625,12.375,4.242091655731201
13-05-1997,12.25,12.4375,708000,12.5,12.375,4.242091655731201
14-05-1997,12.4375,12.4375,624600,12.625,12.625,4.327790260314941
15-05-1997,12.5,12.625,878200,12.625,12.5625,4.306364059448242
16-05-1997,12.4375,12.5625,1203200,12.625,12.5,4.284941673278809
19-05-1997,12.4375,12.5,713800,12.625,12.5,4.284941673278809
20-05-1997,12.1875,12.3125,638400,12.5,12.375,4.242091655731201
21-05-1997,12.25,12.375,464400,12.5,12.3125,4.220664978027344
22-05-1997,12.125,12.3125,719600,12.375,12.125,4.1563897132873535
23-05-1997,12.0625,12.0625,651800,12.25,12.1875,4.177816390991211
27-05-1997,12.125,12.25,762000,12.375,12.375,4.242091655731201
28-05-1997,12.25,12.375,819200,12.5,12.3125,4.220664978027344
29-05-1997,12.375,12.375,747800,12.4375,12.4375,4.263513565063477
30-05-1997,12.3125,12.375,543800,12.5,12.375,4.242091655731201
02-06-1997,12.25,12.4375,615200,12.4375,12.3125,4.220664978027344
03-06-1997,12.25,12.3125,489800,12.375,12.3125,4.220664978027344
04-06-1997,12.25,12.25,4480000,12.3125,12.3125,4.220664978027344
05-06-1997,11.875,11.9375,974000,12.125,12.0,4.20576810836792
06-06-1997,11.875,11.875,2005400,12.125,12.125,4.249581336975098
09-06-1997,12.0,12.125,762200,12.1875,12.0625,4.227675437927246
10-06-1997,12.0625,12.125,793200,12.1875,12.0625,4.227675437927246
11-06-1997,12.0625,12.0625,774200,12.1875,12.125,4.249581336975098
12-06-1997,12.125,12.1875,693600,12.4375,12.4375,4.359106063842773
13-06-1997,12.3125,12.3125,674200,12.4375,12.3125,4.315295219421387
16-06-1997,12.25,12.375,1121200,12.4375,12.3125,4.315295219421387
17-06-1997,12.25,12.3125,1257000,12.4453125,12.375,4.337201118469238
18-06-1997,12.3125,12.375,880600,12.5,12.4375,4.359106063842773
19-06-1997,12.5,12.5,1007000,12.8125,12.75,4.468628883361816
20-06-1997,12.5,12.75,2389600,12.75,12.5625,4.40291690826416
23-06-1997,12.1875,12.4375,588000,12.4375,12.1875,4.271486759185791
24-06-1997,12.1875,12.21875,646600,12.5625,12.53125,4.391963005065918
25-06-1997,12.1875,12.5625,729600,12.5625,12.3125,4.315295219421387
26-06-1997,12.3125,12.375,739600,12.46875,12.3125,4.315295219421387
27-06-1997,12.375,12.375,556800,12.5625,12.53125,4.391963005065918
30-06-1997,12.4375,12.5,804600,12.6875,12.5,4.381012439727783
01-07-1997,12.5625,12.5625,718200,12.71875,12.5625,4.40291690826416
02-07-1997,12.53125,12.625,1373400,12.75,12.75,4.468628883361816
03-07-1997,12.75,12.96875,821200,12.96875,12.90625,4.52339506149292
07-07-1997,12.75,12.875,932400,12.96875,12.78125,4.47958517074585
08-07-1997,12.75,12.75,1883800,12.9375,12.90625,4.52339506149292
09-07-1997,12.78125,12.9375,1948200,12.9375,12.875,4.512441158294678
10-07-1997,12.71875,12.78125,2054800,12.9375,12.84375,4.501488208770752
11-07-1997,12.78125,12.8125,521600,12.875,12.8125,4.490537166595459
14-07-1997,12.6875,12.84375,1042800,12.84375,12.75,4.468628883361816
15-07-1997,12.5,12.625,740200,12.78125,12.75,4.468628883361816
16-07-1997,12.59375,12.6875,532600,12.75,12.65625,4.435771465301514
17-07-1997,12.375,12.53125,663800,12.65625,12.5,4.381012439727783
18-07-1997,12.15625,12.3125,836200,12.46875,12.40625,4.348153114318848
21-07-1997,12.25,12.375,783600,12.5,12.34375,4.3262481689453125
22-07-1997,12.1875,12.375,566000,12.5,12.5,4.381012439727783
23-07-1997,12.3125,12.46875,800200,12.46875,12.34375,4.3262481689453125
24-07-1997,12.125,12.375,650600,12.375,12.3125,4.315295219421387
25-07-1997,12.21875,12.375,623200,12.40625,12.25,4.293390274047852
28-07-1997,12.03125,12.25,770800,12.25,12.15625,4.260532379150391
29-07-1997,12.09375,12.125,2223200,12.34375,12.28125,4.3043437004089355
30-07-1997,12.25,12.28125,522000,12.4375,12.28125,4.3043437004089355
31-07-1997,12.25,12.3125,602200,12.375,12.375,4.337201118469238
01-08-1997,12.0625,12.3125,659200,12.34375,12.15625,4.260532379150391
04-08-1997,12.0625,12.15625,569000,12.21875,12.09375,4.238627910614014
05-08-1997,12.1875,12.28125,577600,12.28125,12.21875,4.282437324523926
06-08-1997,12.21875,12.25,868400,12.40625,12.21875,4.282437324523926
07-08-1997,12.3125,12.375,1326200,12.4375,12.3125,4.315295219421387
08-08-1997,12.0625,12.15625,1180200,12.25,12.0625,4.227675437927246
11-08-1997,12.125,12.125,572800,12.40625,12.34375,4.3262481689453125
12-08-1997,12.34375,12.40625,714600,12.5,12.34375,4.3262481689453125
13-08-1997,12.1875,12.46875,803400,12.5,12.25,4.293390274047852
14-08-1997,12.15625,12.34375,764200,12.40625,12.25,4.293390274047852
15-08-1997,12.125,12.125,556800,12.25,12.125,4.249581336975098
18-08-1997,12.0625,12.15625,844800,12.3125,12.3125,4.315295219421387
19-08-1997,12.25,12.28125,1083000,12.375,12.375,4.337201118469238
20-08-1997,12.375,12.375,965400,12.53125,12.53125,4.391963005065918
21-08-1997,12.328125,12.5,1024000,12.5625,12.375,4.337201118469238
22-08-1997,12.25,12.25,663800,12.40625,12.40625,4.348153114318848
25-08-1997,12.375,12.46875,856000,12.53125,12.53125,4.391963005065918
26-08-1997,12.4375,12.5,1075600,12.65625,12.53125,4.391963005065918
27-08-1997,12.53125,12.53125,658800,12.71875,12.59375,4.4138689041137695
28-08-1997,12.4375,12.5625,502000,12.625,12.53125,4.391963005065918
29-08-1997,12.40625,12.5,544400,12.5625,12.40625,4.348153114318848
02-09-1997,12.4375,12.5,957800,12.75,12.65625,4.435771465301514
03-09-1997,12.65625,12.6875,941400,12.8125,12.6875,4.446724891662598
04-09-1997,12.625,12.6875,6142600,12.75,12.75,4.468628883361816
05-09-1997,12.34375,12.5,537400,12.53125,12.34375,4.419844150543213
08-09-1997,12.375,12.375,1019000,12.5625,12.4375,4.4534125328063965
09-09-1997,12.40625,12.4375,1920200,12.59375,12.46875,4.464604377746582
10-09-1997,12.5,12.5,907200,12.625,12.5625,4.498171806335449
11-09-1997,12.375,12.5,1050600,12.53125,12.5,4.475793361663818
12-09-1997,12.40625,12.5,626000,12.59375,12.59375,4.50936222076416
15-09-1997,12.5625,12.59375,627800,12.75,12.625,4.520552158355713
16-09-1997,12.625,12.625,1174600,12.875,12.78125,4.576499938964844
17-09-1997,12.59375,12.875,866000,12.9375,12.65625,4.531736850738525
18-09-1997,12.65625,12.78125,444800,12.8125,12.6875,4.542928218841553
19-09-1997,12.65625,12.6875,981000,12.78125,12.78125,4.576499938964844
22-09-1997,12.71875,12.78125,633200,12.875,12.8125,4.587687969207764
23-09-1997,12.65625,12.71875,613400,12.84375,12.84375,4.598876953125
24-09-1997,12.84375,12.875,916800,13.0,12.96875,4.643636226654053
25-09-1997,12.875,12.90625,922600,13.09375,12.90625,4.621257305145264
26-09-1997,12.875,12.9375,468000,13.0625,12.90625,4.621257305145264
29-09-1997,12.84375,12.875,545600,12.96875,12.96875,4.643636226654053
30-09-1997,12.875,12.96875,739600,13.0,12.875,4.610065937042236
01-10-1997,12.875,12.90625,1310000,13.15625,13.09375,4.68839168548584
02-10-1997,12.96875,13.0625,828200,13.125,13.09375,4.68839168548584
03-10-1997,13.125,13.25,1300800,13.375,13.21875,4.733151435852051
06-10-1997,13.15625,13.21875,547400,13.3125,13.3125,4.766717910766602
07-10-1997,13.28125,13.28125,1021000,13.375,13.375,4.789098262786865
08-10-1997,12.96875,13.25,819000,13.3125,13.0625,4.6772027015686035
09-10-1997,12.375,12.875,632200,13.0,12.9375,4.632445812225342
10-10-1997,12.875,12.875,857600,13.21875,13.125,4.699584007263184
13-10-1997,13.09375,13.125,333400,13.21875,13.21875,4.733151435852051
14-10-1997,13.21875,13.21875,465600,13.28125,13.25,4.744339942932129
15-10-1997,13.0625,13.1875,402800,13.25,13.125,4.699584007263184
16-10-1997,13.0625,13.09375,628400,13.25,13.125,4.699584007263184
17-10-1997,12.84375,13.0,845400,13.09375,13.09375,4.68839168548584
20-10-1997,12.9375,12.96875,716400,13.21875,13.125,4.699584007263184
21-10-1997,13.0625,13.09375,581400,13.21875,13.21875,4.733151435852051
22-10-1997,12.96875,13.125,536600,13.15625,13.0625,4.6772027015686035
23-10-1997,12.8125,12.875,622000,13.03125,12.9375,4.632445812225342
24-10-1997,12.84375,12.96875,668200,13.03125,13.03125,4.666014671325684
27-10-1997,12.84375,12.9375,1192200,13.15625,12.96875,4.643636226654053
28-10-1997,12.75,12.8125,1726800,13.03125,12.96875,4.643636226654053
29-10-1997,12.875,12.9375,1756200,13.09375,13.0,4.654824256896973
30-10-1997,12.8125,12.90625,934800,13.03125,12.875,4.610065937042236
31-10-1997,12.875,13.0,1316200,13.03125,12.96875,4.643636226654053
03-11-1997,12.96875,13.0,869400,13.09375,13.0,4.654824256896973
04-11-1997,12.9375,13.0,2001600,13.1875,13.1875,4.721960067749023
05-11-1997,13.03125,13.1875,551800,13.25,13.15625,4.710771560668945
06-11-1997,13.0,13.0625,341600,13.15625,13.125,4.699584007263184
07-11-1997,12.96875,13.0,711200,13.125,13.125,4.699584007263184
10-11-1997,12.65625,13.15625,636000,13.3125,13.1875,4.721960067749023
11-11-1997,13.1875,13.21875,283000,13.34375,13.3125,4.766717910766602
12-11-1997,13.1875,13.28125,322800,13.46875,13.28125,4.755529403686523
13-11-1997,13.28125,13.3125,444400,13.5,13.40625,4.800286769866943
14-11-1997,13.40625,13.40625,654200,13.65625,13.53125,4.845044136047363
17-11-1997,13.59375,13.65625,679800,13.78125,13.71875,4.912181377410889
18-11-1997,13.65625,13.84375,1025600,13.90625,13.78125,4.934561729431152
19-11-1997,13.6875,13.78125,1120000,14.125,14.0625,5.035268306732178
20-11-1997,14.0,14.03125,910200,14.25,14.15625,5.068835258483887
21-11-1997,14.03125,14.1875,739200,14.28125,14.28125,5.113590717315674
24-11-1997,14.15625,14.15625,1774400,14.4375,14.28125,5.113590717315674
25-11-1997,14.28125,14.28125,586800,14.5625,14.53125,5.203108310699463
26-11-1997,14.40625,14.53125,542200,14.5625,14.4375,5.169541358947754
28-11-1997,14.5,14.59375,280000,14.59375,14.59375,5.2254862785339355
01-12-1997,14.53125,14.59375,1038400,14.90625,14.8125,5.3038153648376465
02-12-1997,14.59375,14.8125,633000,14.90625,14.71875,5.270246982574463
03-12-1997,14.53125,14.65625,1156400,14.75,14.71875,5.270246982574463
04-12-1997,14.625,14.75,687000,14.78125,14.75,5.28143310546875
05-12-1997,14.625,14.625,2936400,14.84375,14.75,5.28143310546875
08-12-1997,14.21875,14.40625,5410600,14.75,14.28125,5.20894193649292
09-12-1997,14.09375,14.21875,566400,14.40625,14.375,5.243137359619141
10-12-1997,14.09375,14.34375,2542200,14.5,14.1875,5.174750804901123
11-12-1997,14.03125,14.1875,387600,14.25,14.0625,5.129155158996582
12-12-1997,14.0625,14.125,823600,14.375,14.375,5.243137359619141
15-12-1997,14.4375,14.5,522200,14.75,14.75,5.379913330078125
16-12-1997,14.59375,14.75,635400,14.78125,14.78125,5.39131498336792
17-12-1997,14.71875,14.8125,1000800,14.84375,14.84375,5.414109230041504
18-12-1997,14.71875,14.84375,909400,14.84375,14.84375,5.414109230041504
19-12-1997,14.75,14.78125,1115600,15.0,14.96875,5.459701061248779
22-12-1997,15.0,15.09375,787600,15.40625,15.375,5.607877731323242
23-12-1997,15.0625,15.3125,971200,15.5625,15.40625,5.619274139404297
24-12-1997,15.25,15.34375,259200,15.40625,15.28125,5.573680877685547
26-12-1997,15.3125,15.34375,291000,15.46875,15.375,5.607877731323242
29-12-1997,15.28125,15.40625,1223200,15.46875,15.4375,5.630673408508301
30-12-1997,15.4375,15.4375,621400,15.625,15.625,5.699063777923584
31-12-1997,15.5,15.53125,725000,15.90625,15.90625,5.801645278930664
02-01-1998,15.84375,15.90625,1010000,15.96875,15.90625,5.801645278930664
05-01-1998,15.375,16.0,1321400,16.0,15.65625,5.710457801818848
06-01-1998,15.375,15.46875,736600,15.59375,15.4375,5.630673408508301
07-01-1998,15.1875,15.3125,766800,15.375,15.375,5.607877731323242
08-01-1998,15.15625,15.34375,721400,15.59375,15.59375,5.687664985656738
09-01-1998,15.4375,15.625,706800,15.65625,15.5,5.653470516204834
12-01-1998,15.25,15.25,861200,15.6875,15.6875,5.721857070922852
13-01-1998,15.28125,15.6875,664600,15.6875,15.59375,5.687664985656738
14-01-1998,15.4375,15.625,564800,15.625,15.59375,5.687664985656738
15-01-1998,15.34375,15.59375,1138400,15.59375,15.53125,5.66486930847168
16-01-1998,15.5625,15.6875,1185800,15.75,15.625,5.699063777923584
20-01-1998,15.625,15.65625,731800,15.78125,15.78125,5.756053924560547
21-01-1998,15.71875,15.71875,3088000,16.15625,16.125,5.881433486938477
22-01-1998,16.0625,16.125,744000,16.1875,16.125,5.881433486938477
23-01-1998,15.8125,16.125,573200,16.15625,15.90625,5.801645278930664
26-01-1998,15.875,15.90625,637400,16.0625,15.96875,5.824440956115723
27-01-1998,15.6875,15.84375,903000,16.03125,15.6875,5.721857070922852
28-01-1998,15.34375,15.5,1616800,15.625,15.46875,5.642068862915039
29-01-1998,15.375,15.5,1332400,15.8125,15.53125,5.66486930847168
30-01-1998,15.375,15.5625,976000,15.5625,15.5,5.653470516204834
02-02-1998,15.46875,15.6875,765200,15.75,15.65625,5.710457801818848
03-02-1998,15.5625,15.6875,520200,15.75,15.625,5.699063777923584
04-02-1998,15.40625,15.4375,522200,15.59375,15.5,5.653470516204834
05-02-1998,15.34375,15.5,593200,15.65625,15.65625,5.710457801818848
06-02-1998,15.59375,15.625,696400,15.9375,15.875,5.790245532989502
09-02-1998,15.5625,15.90625,720200,15.9375,15.8125,5.76745080947876
10-02-1998,15.71875,15.8125,717400,15.96875,15.9375,5.813042640686035
11-02-1998,15.8125,15.90625,534000,15.96875,15.875,5.790245532989502
12-02-1998,15.625,15.78125,701800,15.9375,15.875,5.790245532989502
13-02-1998,15.65625,15.75,428000,15.9375,15.875,5.790245532989502
17-02-1998,15.78125,15.96875,937800,16.03125,16.0,5.835838317871094
18-02-1998,15.875,15.9375,599400,16.03125,15.9375,5.813042640686035
19-02-1998,15.625,15.9375,907200,15.9375,15.75,5.744655609130859
20-02-1998,15.5625,15.6875,966200,15.875,15.84375,5.7788496017456055
23-02-1998,15.78125,15.875,775400,16.125,16.125,5.881433486938477
24-02-1998,15.8125,16.0,468200,16.03125,16.0,5.835838317871094
25-02-1998,15.875,16.0625,806400,16.15625,16.09375,5.870032787322998
26-02-1998,15.96875,16.125,1109000,16.21875,16.03125,5.8472371101379395
27-02-1998,15.84375,15.9375,444800,16.125,16.125,5.881433486938477
02-03-1998,16.03125,16.03125,366200,16.15625,16.0625,5.858632564544678
03-03-1998,16.09375,16.09375,817200,16.25,16.1875,5.9042277336120605
04-03-1998,16.09375,16.125,436600,16.21875,16.15625,5.892829895019531
05-03-1998,16.09375,16.09375,744800,16.28125,16.21875,5.915624618530273
06-03-1998,15.875,15.875,17188000,16.25,16.25,6.027364253997803
09-03-1998,16.0625,16.125,1196200,16.25,16.25,6.027364253997803
10-03-1998,16.21875,16.25,2448800,16.40625,16.3125,6.050546169281006
11-03-1998,16.0625,16.1875,751800,16.3125,16.3125,6.050546169281006
12-03-1998,16.09375,16.1875,497800,16.375,16.375,6.073727607727051
13-03-1998,16.125,16.3125,421600,16.3125,16.21875,6.015773773193359
16-03-1998,16.25,16.3125,408400,16.375,16.375,6.073727607727051
17-03-1998,16.375,16.375,1702400,17.0,16.96875,6.293959617614746
18-03-1998,16.875,17.0625,918200,17.125,17.125,6.3519158363342285
19-03-1998,16.96875,17.125,2204000,17.4375,17.4375,6.467822551727295
20-03-1998,17.40625,17.4375,2968800,18.1875,18.125,6.722827911376953
23-03-1998,17.8125,17.875,2679800,18.5,18.4375,6.838737964630127
24-03-1998,18.4375,18.46875,2768800,18.625,18.53125,6.8735127449035645
25-03-1998,18.4375,18.53125,1566400,18.625,18.59375,6.896694660186768
26-03-1998,18.625,18.625,2186400,18.9375,18.84375,6.989423751831055
27-03-1998,18.5625,18.75,1362400,18.90625,18.65625,6.919875621795654
30-03-1998,18.5625,18.625,1174000,18.78125,18.625,6.908283710479736
31-03-1998,18.625,18.625,1731400,18.96875,18.875,7.00101375579834
01-04-1998,18.53125,18.875,1831000,18.9375,18.625,6.908283710479736
02-04-1998,18.5625,18.59375,679200,18.84375,18.84375,6.989423751831055
03-04-1998,18.625,18.84375,678000,18.875,18.71875,6.9430623054504395
06-04-1998,18.4375,18.75,2802200,18.75,18.625,6.908283710479736
07-04-1998,18.4375,18.625,1973600,18.671875,18.4375,6.838737964630127
08-04-1998,18.125,18.4375,1185200,18.4375,18.25,6.769195556640625
09-04-1998,18.09375,18.25,1866800,18.40625,18.40625,6.827149391174316
13-04-1998,17.90625,18.25,2256400,18.3125,18.03125,6.688055038452148
14-04-1998,17.875,18.0,1771800,18.125,18.09375,6.711236953735352
15-04-1998,17.875,18.0625,583200,18.0625,17.96875,6.664873123168945
16-04-1998,17.71875,17.84375,1311800,17.96875,17.75,6.583736419677734
17-04-1998,17.59375,17.75,941600,17.78125,17.78125,6.595326900482178
20-04-1998,17.4375,17.59375,943400,17.65625,17.59375,6.525777816772461
21-04-1998,17.25,17.5,2855400,17.625,17.4375,6.467822551727295
22-04-1998,17.0625,17.375,620600,17.375,17.09375,6.340325832366943
23-04-1998,16.6875,17.0,1497200,17.0625,16.8125,6.236003398895264
24-04-1998,16.71875,16.75,874400,17.09375,17.03125,6.317139148712158
27-04-1998,16.34375,16.875,1895600,16.90625,16.59375,6.154865741729736
28-04-1998,16.375,16.53125,1780600,16.875,16.71875,6.201229572296143
29-04-1998,16.5,16.75,1324200,16.75,16.71875,6.201229572296143
30-04-1998,16.75,16.8125,1759600,17.125,16.78125,6.224411964416504
01-05-1998,16.6875,16.8125,2088200,16.96875,16.71875,6.201229572296143
04-05-1998,16.75,16.75,646600,17.0,16.90625,6.270777225494385
05-05-1998,16.375,16.78125,706600,16.8125,16.59375,6.154865741729736
06-05-1998,16.53125,16.71875,632000,16.75,16.71875,6.201229572296143
07-05-1998,16.625,16.71875,464000,16.75,16.65625,6.178048133850098
08-05-1998,16.71875,16.75,394200,16.90625,16.78125,6.224411964416504
11-05-1998,16.65625,16.78125,434400,16.84375,16.71875,6.201229572296143
12-05-1998,16.65625,16.6875,831800,16.78125,16.78125,6.224411964416504
13-05-1998,16.5,16.78125,775000,16.96875,16.59375,6.154865741729736
14-05-1998,16.53125,16.53125,557000,16.6875,16.59375,6.154865741729736
15-05-1998,16.65625,16.84375,1043600,16.875,16.6875,6.189638137817383
18-05-1998,16.53125,16.65625,1214400,16.6875,16.5625,6.143277645111084
19-05-1998,16.375,16.53125,1363000,16.5625,16.375,6.073727607727051
20-05-1998,16.34375,16.34375,1107800,16.53125,16.4375,6.096909999847412
21-05-1998,16.28125,16.40625,819600,16.5625,16.375,6.073727607727051
22-05-1998,16.21875,16.375,686600,16.375,16.34375,6.062137126922607
26-05-1998,16.09375,16.46875,551600,16.5,16.09375,5.9694085121154785
27-05-1998,15.875,15.96875,882600,16.28125,16.1875,6.004181385040283
28-05-1998,16.125,16.28125,436600,16.375,16.3125,6.050546169281006
29-05-1998,16.28125,16.3125,1344400,16.5625,16.5625,6.143277645111084
01-06-1998,16.5625,16.5625,2438200,17.125,17.125,6.3519158363342285
02-06-1998,17.0,17.125,2783200,17.25,17.21875,6.386688232421875
03-06-1998,17.1875,17.21875,1814000,17.5,17.3125,6.421460151672363
04-06-1998,16.90625,17.1875,5759400,17.1875,17.03125,6.317139148712158
05-06-1998,16.5,16.78125,20206200,16.9375,16.9375,6.383567810058594
08-06-1998,16.65625,17.0,815600,17.0625,16.6875,6.2893452644348145
09-06-1998,16.625,16.71875,552200,16.8125,16.65625,6.277568817138672
10-06-1998,16.6875,16.6875,991200,17.0,16.90625,6.371789455413818
11-06-1998,16.875,16.96875,755400,17.15625,17.15625,6.466014385223389
12-06-1998,17.0625,17.21875,724200,17.375,17.28125,6.513123512268066
15-06-1998,17.125,17.21875,659000,17.4375,17.1875,6.477789878845215
16-06-1998,16.9375,17.1875,846400,17.3125,17.28125,6.513123512268066
17-06-1998,16.875,17.28125,990400,17.3125,17.09375,6.442459583282471
18-06-1998,17.0,17.0,1787000,17.40625,17.25,6.50134801864624
19-06-1998,17.0625,17.0625,598600,17.25,17.125,6.454235553741455
22-06-1998,17.09375,17.125,497400,17.421875,17.09375,6.442459583282471
23-06-1998,17.0625,17.09375,551600,17.1875,17.15625,6.466014385223389
24-06-1998,16.90625,17.125,545000,17.15625,17.0,6.4071245193481445
25-06-1998,16.875,17.125,1006400,17.15625,16.90625,6.371789455413818
26-06-1998,16.875,16.90625,813400,17.1875,17.03125,6.418898582458496
29-06-1998,17.03125,17.0625,1019400,17.3125,17.15625,6.466014385223389
30-06-1998,17.0625,17.1875,882000,17.25,17.21875,6.489569664001465
01-07-1998,17.125,17.25,446000,17.3125,17.1875,6.477789878845215
02-07-1998,17.0625,17.21875,603200,17.21875,17.09375,6.442459583282471
06-07-1998,17.09375,17.09375,403200,17.25,17.25,6.50134801864624
07-07-1998,17.0,17.28125,512600,17.28125,17.09375,6.442459583282471
08-07-1998,16.90625,17.15625,300200,17.21875,16.9375,6.383567810058594
09-07-1998,16.8125,16.9375,623200,16.9375,16.84375,6.348233699798584
10-07-1998,16.625,16.75,661000,16.875,16.875,6.360011577606201
13-07-1998,16.625,16.8125,498800,16.875,16.625,6.2657880783081055
14-07-1998,16.65625,16.65625,548400,16.75,16.71875,6.301121711730957
15-07-1998,16.65625,16.75,325200,16.78125,16.6875,6.2893452644348145
16-07-1998,16.59375,16.6875,399600,16.875,16.78125,6.324680328369141
17-07-1998,16.59375,16.75,307600,16.8125,16.75,6.312901496887207
20-07-1998,16.5625,16.625,410200,16.78125,16.65625,6.277568817138672
21-07-1998,16.5,16.625,467200,16.65625,16.53125,6.230456352233887
22-07-1998,16.5625,16.5625,1868800,16.84375,16.78125,6.324680328369141
23-07-1998,16.46875,16.8125,693000,16.84375,16.53125,6.230456352233887
24-07-1998,16.40625,16.53125,842200,16.59375,16.46875,6.206902027130127
27-07-1998,16.46875,16.46875,1030800,16.6875,16.6875,6.2893452644348145
28-07-1998,16.4375,16.59375,664000,16.6875,16.625,6.2657880783081055
29-07-1998,16.5,16.625,327200,16.78125,16.53125,6.230456352233887
30-07-1998,16.625,16.625,742200,16.8125,16.75,6.312901496887207
31-07-1998,16.15625,16.6875,433600,16.71875,16.34375,6.159788131713867
03-08-1998,16.21875,16.3125,1036200,16.6875,16.6875,6.2893452644348145
04-08-1998,16.46875,16.8125,1326400,16.9375,16.5,6.2186808586120605
05-08-1998,16.3125,16.6875,977200,16.6875,16.5625,6.242236137390137
06-08-1998,16.46875,16.53125,1409400,16.875,16.75,6.312901496887207
07-08-1998,16.53125,16.6875,692600,16.96875,16.9375,6.383567810058594
10-08-1998,16.6875,16.875,522600,17.09375,17.0625,6.430678844451904
11-08-1998,16.75,17.0,1012400,17.09375,16.84375,6.348233699798584
12-08-1998,16.71875,16.78125,1205200,17.375,17.15625,6.466014385223389
13-08-1998,16.8125,17.09375,752600,17.1875,16.90625,6.371789455413818
14-08-1998,16.59375,16.84375,938600,17.0,16.6875,6.2893452644348145
17-08-1998,16.46875,16.625,776400,17.25,17.1875,6.477789878845215
18-08-1998,17.0625,17.25,1222600,17.375,17.25,6.50134801864624
19-08-1998,17.0,17.1875,2652600,17.1875,17.125,6.454235553741455
20-08-1998,17.0,17.09375,416600,17.25,17.1875,6.477789878845215
21-08-1998,17.09375,17.1875,1941600,17.5625,17.46875,6.583793640136719
24-08-1998,17.53125,17.5625,942600,17.84375,17.75,6.689791679382324
25-08-1998,17.46875,17.84375,606400,17.84375,17.53125,6.607346534729004
26-08-1998,17.5,17.5,2117000,18.1875,17.96875,6.772233009338379
27-08-1998,17.875,17.90625,775000,18.25,17.9375,6.760456562042236
28-08-1998,17.9375,17.9375,1709000,18.25,18.1875,6.854679584503174
31-08-1998,18.09375,18.15625,1979400,18.875,18.25,6.87823486328125
01-09-1998,17.96875,18.28125,2317400,18.375,18.25,6.87823486328125
02-09-1998,18.25,18.25,8650000,18.59375,18.375,6.925349712371826
03-09-1998,18.0,18.375,5142000,18.40625,18.1875,6.854679584503174
04-09-1998,17.34375,17.96875,16019600,17.96875,17.5,6.694956302642822
08-09-1998,17.25,17.5,1971600,17.6875,17.6875,6.766688823699951
09-09-1998,17.3125,17.5,2549000,17.96875,17.84375,6.826464653015137
10-09-1998,17.6875,17.84375,2376600,18.1875,18.0,6.886241912841797
11-09-1998,17.9375,18.0,2908600,18.3125,18.25,6.9818854331970215
14-09-1998,18.25,18.28125,1772000,18.46875,18.4375,7.053617477416992
15-09-1998,18.3125,18.375,1373400,18.875,18.78125,7.185122966766357
16-09-1998,18.78125,18.90625,2809000,19.0625,19.0625,7.292721748352051
17-09-1998,19.0625,19.0625,2388400,19.5625,19.25,7.364452362060547
18-09-1998,19.25,19.25,2156400,19.5,19.25,7.364452362060547
21-09-1998,19.125,19.25,1621000,19.25,19.125,7.31663179397583
22-09-1998,19.1875,19.21875,842400,19.375,19.1875,7.340543746948242
23-09-1998,19.25,19.25,1304000,19.46875,19.4375,7.436181545257568
24-09-1998,18.875,19.4375,1999600,19.625,19.09375,7.304675102233887
25-09-1998,19.09375,19.09375,1002000,19.59375,19.25,7.364452362060547
28-09-1998,19.28125,19.3125,1751000,19.59375,19.59375,7.495962142944336
29-09-1998,19.25,19.59375,2254600,19.84375,19.71875,7.543778419494629
30-09-1998,19.40625,19.59375,2947000,19.8125,19.65625,7.519871234893799
01-10-1998,19.59375,19.65625,1261600,19.9375,19.875,7.6035614013671875
02-10-1998,19.8125,19.8125,2138800,20.53125,20.25,7.74702262878418
05-10-1998,20.28125,20.375,2453200,21.3125,21.09375,8.069817543029785
06-10-1998,20.8125,21.25,2023200,21.28125,20.8125,7.962213039398193
07-10-1998,20.8125,20.9375,3056800,21.375,21.0,8.033950805664062
08-10-1998,20.6875,21.1875,1252600,21.1875,20.875,7.986124515533447
09-10-1998,20.0,20.8125,2069200,20.8125,20.0,7.651376247406006
12-10-1998,19.0625,19.90625,1575800,19.90625,19.4375,7.436181545257568
13-10-1998,19.25,19.375,2366600,19.84375,19.65625,7.519871234893799
14-10-1998,19.65625,19.65625,1795600,20.25,19.9375,7.627467632293701
15-10-1998,19.9375,19.9375,2525800,20.6875,20.5,7.84266471862793
16-10-1998,19.8125,20.6875,2288600,20.6875,19.875,7.6035614013671875
19-10-1998,19.5,19.875,1359200,20.0625,19.5,7.460098743438721
20-10-1998,19.0625,19.46875,1618200,19.5,19.1875,7.340543746948242
21-10-1998,18.84375,19.3125,968600,19.3125,19.0625,7.292721748352051
22-10-1998,19.0,19.03125,831600,19.21875,19.0625,7.292721748352051
23-10-1998,18.78125,19.03125,869800,19.0625,18.90625,7.232948303222656
26-10-1998,18.5625,18.84375,1138600,19.0,18.59375,7.113391399383545
27-10-1998,18.46875,18.6875,959600,18.75,18.5625,7.101439476013184
28-10-1998,18.5,18.8125,1156600,18.875,18.8125,7.197080135345459
29-10-1998,18.625,18.875,1292800,18.9375,18.65625,7.137302398681641
30-10-1998,18.75,18.78125,801200,19.0625,19.0,7.268808841705322
02-11-1998,18.96875,19.0,545200,19.3125,19.09375,7.304675102233887
03-11-1998,19.0625,19.0625,873200,19.375,19.28125,7.376405239105225
04-11-1998,19.0,19.375,435600,19.625,19.15625,7.328587055206299
05-11-1998,18.96875,19.125,608200,19.25,19.21875,7.352495193481445
06-11-1998,18.96875,19.09375,570000,19.1875,19.125,7.31663179397583
09-11-1998,18.9375,19.125,839400,19.15625,19.0625,7.292721748352051
10-11-1998,19.03125,19.0625,1457400,19.8125,19.71875,7.543778419494629
11-11-1998,19.28125,19.8125,662800,19.8125,19.46875,7.4481377601623535
12-11-1998,19.4375,19.46875,509000,19.71875,19.625,7.507914066314697
13-11-1998,19.5625,19.71875,280000,19.75,19.625,7.507914066314697
16-11-1998,19.4375,19.71875,442000,19.84375,19.6875,7.531825542449951
17-11-1998,19.53125,19.6875,396800,19.96875,19.5625,7.484003067016602
18-11-1998,19.15625,19.375,2891000,19.4375,19.3125,7.388364315032959
19-11-1998,19.28125,19.4375,1044800,19.4375,19.375,7.4122748374938965
20-11-1998,19.28125,19.28125,627600,19.46875,19.3125,7.388364315032959
23-11-1998,19.15625,19.40625,787800,19.71875,19.5625,7.484003067016602
24-11-1998,19.53125,19.5625,773400,19.78125,19.75,7.555736541748047
25-11-1998,19.75,19.75,664600,19.96875,19.875,7.6035614013671875
27-11-1998,19.8125,19.875,226400,19.9375,19.8125,7.579647541046143
30-11-1998,19.5,19.8125,1033200,19.8125,19.5,7.460098743438721
01-12-1998,19.5,19.5,499400,19.90625,19.78125,7.567694664001465
02-12-1998,19.75,19.75,1326200,20.09375,19.90625,7.615513801574707
03-12-1998,19.65625,19.8125,1004400,20.0,19.65625,7.519871234893799
04-12-1998,19.65625,19.65625,525800,20.1875,20.15625,7.711155414581299
07-12-1998,19.90625,20.15625,891200,20.375,20.25,7.74702262878418
08-12-1998,19.96875,19.96875,7969000,20.1875,20.0625,7.779012680053711
09-12-1998,19.96875,20.0625,1092200,20.09375,20.0625,7.779012680053711
10-12-1998,19.75,20.03125,1110600,20.0625,19.75,7.657843589782715
11-12-1998,19.75,19.75,729000,20.0,19.8125,7.682076930999756
14-12-1998,19.6875,19.90625,669600,20.0,19.78125,7.669959545135498
15-12-1998,19.53125,19.65625,623800,19.78125,19.75,7.657843589782715
16-12-1998,19.65625,19.8125,723800,19.90625,19.84375,7.694191932678223
17-12-1998,19.875,19.875,544200,20.1875,20.15625,7.815362453460693
18-12-1998,19.96875,19.96875,1149400,20.21875,20.15625,7.815362453460693
21-12-1998,19.84375,20.15625,906800,20.21875,20.0,7.754775524139404
22-12-1998,19.75,20.03125,895400,20.0625,19.84375,7.694191932678223
23-12-1998,19.84375,19.84375,551400,20.03125,20.0,7.754775524139404
24-12-1998,19.90625,19.96875,381400,20.0,19.96875,7.742660045623779
28-12-1998,19.90625,20.0,1146800,20.125,20.0,7.754775524139404
29-12-1998,20.0,20.0,639400,20.1875,20.125,7.803242206573486
30-12-1998,19.96875,20.125,515600,20.15625,19.96875,7.742660045623779
31-12-1998,19.9375,19.96875,428400,20.0625,20.0,7.754775524139404
04-01-1999,19.65625,20.0,1339200,20.1875,19.84375,7.694191932678223
05-01-1999,19.75,19.84375,4657600,20.0,19.75,7.657843589782715
06-01-1999,19.75,19.8125,1717800,19.9375,19.9375,7.730541706085205
07-01-1999,19.84375,19.875,1626200,19.96875,19.9375,7.730541706085205
08-01-1999,19.875,19.875,1365800,20.09375,20.0625,7.779012680053711
11-01-1999,19.84375,19.96875,1932000,20.03125,19.90625,7.71842622756958
12-01-1999,19.875,19.875,1620000,20.125,19.90625,7.71842622756958
13-01-1999,19.8125,19.875,2291800,20.09375,19.875,7.706311225891113
14-01-1999,19.46875,19.875,1783600,19.90625,19.78125,7.669959545135498
15-01-1999,19.59375,19.78125,1314000,19.8125,19.78125,7.669959545135498
19-01-1999,19.4375,19.65625,1635800,19.75,19.75,7.657843589782715
20-01-1999,19.5625,19.6875,1437800,19.75,19.65625,7.6214919090271
21-01-1999,19.625,19.65625,1764000,19.84375,19.75,7.657843589782715
22-01-1999,19.71875,19.78125,976000,20.0625,19.875,7.706311225891113
25-01-1999,19.78125,19.875,762600,20.03125,19.9375,7.730541706085205
26-01-1999,19.78125,19.90625,850400,20.0,19.875,7.706311225891113
27-01-1999,19.5625,19.9375,852800,19.96875,19.59375,7.597256183624268
28-01-1999,19.625,19.625,929800,20.0,19.90625,7.71842622756958
29-01-1999,19.5625,19.96875,1239200,19.96875,19.78125,7.669959545135498
01-02-1999,19.21875,19.84375,1285400,19.875,19.3125,7.4882073402404785
02-02-1999,19.0,19.3125,1396600,19.53125,19.28125,7.476089000701904
03-02-1999,19.21875,19.21875,553200,19.4375,19.3125,7.4882073402404785
04-02-1999,19.0,19.3125,929800,19.3125,19.15625,7.427621364593506
05-02-1999,19.0,19.1875,927800,19.28125,19.25,7.4639739990234375
08-02-1999,19.15625,19.28125,1018400,19.40625,19.21875,7.4518585205078125
09-02-1999,18.90625,19.28125,420200,19.3125,19.0625,7.391273498535156
10-02-1999,18.8125,19.0625,374600,19.125,18.96875,7.354922294616699
11-02-1999,18.625,18.84375,540400,18.90625,18.84375,7.306453227996826
12-02-1999,18.25,18.90625,744200,18.9375,18.3125,7.100468635559082
16-02-1999,18.375,18.4375,782400,18.71875,18.53125,7.185284614562988
17-02-1999,18.5625,18.5625,859200,19.125,18.875,7.318570613861084
18-02-1999,18.75,18.78125,1297800,19.375,19.28125,7.476089000701904
19-02-1999,19.0,19.1875,1298400,19.3125,19.09375,7.403386116027832
22-02-1999,19.0625,19.09375,850200,19.46875,19.40625,7.524558067321777
23-02-1999,19.09375,19.375,918800,19.40625,19.15625,7.427621364593506
24-02-1999,19.09375,19.09375,1490600,19.5,19.3125,7.4882073402404785
25-02-1999,18.875,19.25,745800,19.28125,19.125,7.415505886077881
26-02-1999,18.90625,19.125,1310400,19.1875,19.0,7.367035388946533
01-03-1999,18.6875,19.0,1283000,19.0,18.84375,7.306453227996826
02-03-1999,18.8125,18.8125,1429400,19.1875,18.96875,7.354922294616699
03-03-1999,18.84375,18.875,811000,19.0625,18.9375,7.342802047729492
04-03-1999,18.875,18.90625,1004600,19.3125,19.3125,7.4882073402404785
05-03-1999,19.5,19.5,872600,19.75,19.65625,7.6214919090271
08-03-1999,19.125,19.34375,447200,19.375,19.3125,7.59250020980835
09-03-1999,18.9375,19.1875,627000,19.25,18.9375,7.445069313049316
10-03-1999,18.9375,18.9375,500000,19.3125,19.0625,7.494214057922363
11-03-1999,19.03125,19.03125,1047400,19.21875,19.0625,7.494214057922363
12-03-1999,19.125,19.125,707400,19.53125,19.4375,7.641639709472656
15-03-1999,19.15625,19.34375,500800,19.4375,19.1875,7.54335880279541
16-03-1999,19.125,19.28125,411000,19.28125,19.21875,7.555643081665039
17-03-1999,18.8125,19.125,634200,19.1875,18.90625,7.432784080505371
18-03-1999,18.96875,19.0,720800,19.3125,19.1875,7.54335880279541
19-03-1999,19.09375,19.125,876000,19.34375,19.34375,7.604783058166504
22-03-1999,19.0625,19.21875,380200,19.25,19.15625,7.531068325042725
23-03-1999,18.96875,19.03125,1069200,19.15625,19.125,7.518786430358887
24-03-1999,19.125,19.1875,1449200,19.5625,19.40625,7.629354000091553
25-03-1999,19.40625,19.40625,1539400,19.6875,19.625,7.7153544425964355
26-03-1999,19.40625,19.53125,1463400,19.59375,19.40625,7.629354000091553
29-03-1999,19.4375,19.4375,1607000,19.625,19.5,7.66621208190918
30-03-1999,19.21875,19.5,1761600,19.5,19.21875,7.555643081665039
31-03-1999,19.03125,19.4375,944400,19.4375,19.09375,7.506496906280518
01-04-1999,19.09375,19.21875,1127400,19.46875,19.28125,7.580209255218506
05-04-1999,19.375,19.4375,883200,19.5625,19.5625,7.690781593322754
06-04-1999,19.28125,19.6875,643200,19.6875,19.3125,7.59250020980835
07-04-1999,19.0625,19.3125,872800,19.375,19.1875,7.54335880279541
08-04-1999,19.21875,19.3125,657200,19.53125,19.375,7.617069721221924
09-04-1999,19.15625,19.3125,342800,19.40625,19.34375,7.604783058166504
12-04-1999,19.15625,19.28125,480200,19.5,19.4375,7.641639709472656
13-04-1999,19.09375,19.375,959200,19.375,19.15625,7.531068325042725
14-04-1999,18.78125,19.125,1683400,19.1875,18.78125,7.383644104003906
15-04-1999,18.75,18.8125,1226400,19.0625,18.78125,7.383644104003906
16-04-1999,18.78125,18.90625,1201400,19.0,18.875,7.420498371124268
19-04-1999,18.8125,18.84375,1734000,19.25,19.03125,7.481927871704102
20-04-1999,18.90625,19.03125,1430000,19.75,19.71875,7.752211093902588
21-04-1999,19.09375,19.5625,1225400,19.5625,19.375,7.617069721221924
22-04-1999,19.4375,19.46875,1192000,19.6875,19.53125,7.678495407104492
23-04-1999,19.59375,19.625,708400,19.90625,19.59375,7.703071117401123
26-04-1999,19.46875,19.5,1136200,20.0,19.8125,7.789069652557373
27-04-1999,19.84375,19.84375,944200,20.03125,19.9375,7.838207721710205
28-04-1999,19.875,19.90625,1131600,20.0,20.0,7.862783908843994
29-04-1999,20.03125,20.03125,683600,20.25,20.15625,7.924208641052246
30-04-1999,19.8125,20.03125,1126800,20.125,20.0,7.862783908843994
03-05-1999,19.875,19.875,806600,20.40625,20.375,8.01020336151123
04-05-1999,20.15625,20.3125,806400,20.34375,20.25,7.961068630218506
05-05-1999,20.125,20.25,635200,20.40625,20.40625,8.022492408752441
06-05-1999,20.15625,20.28125,1604200,20.46875,20.34375,7.997921466827393
07-05-1999,20.28125,20.40625,638200,20.5625,20.34375,7.997921466827393
10-05-1999,20.09375,20.15625,917000,20.59375,20.375,8.01020336151123
11-05-1999,20.125,20.28125,943200,20.34375,20.28125,7.973353862762451
12-05-1999,19.875,20.1875,601600,20.3125,20.21875,7.948780059814453
13-05-1999,20.09375,20.09375,581000,20.625,20.5,8.059350967407227
14-05-1999,20.0625,20.125,1133800,20.40625,20.3125,7.985639572143555
17-05-1999,20.15625,20.34375,650000,20.4375,20.375,8.01020336151123
18-05-1999,20.125,20.3125,927200,20.40625,20.3125,7.985639572143555
19-05-1999,20.25,20.375,720600,20.53125,20.5,8.059350967407227
20-05-1999,20.4375,20.5,775200,20.59375,20.53125,8.071637153625488
21-05-1999,20.53125,20.53125,732400,20.875,20.71875,8.145346641540527
24-05-1999,20.65625,20.75,967400,21.125,20.6875,8.133069038391113
25-05-1999,20.71875,20.75,1204800,21.21875,20.875,8.206779479980469
26-05-1999,20.75,20.9375,1178400,21.09375,21.0,8.25592041015625
27-05-1999,20.5,21.0,1009000,21.0625,20.5625,8.08392333984375
28-05-1999,20.5,20.5,452000,21.0625,20.96875,8.243632316589355
01-06-1999,20.53125,20.96875,656200,20.96875,20.65625,8.120774269104004
02-06-1999,20.53125,20.78125,974200,20.84375,20.59375,8.096206665039062
03-06-1999,20.5625,20.65625,1313400,20.9375,20.75,8.157637596130371
04-06-1999,20.71875,20.8125,724200,20.9375,20.9375,8.23134994506836
07-06-1999,20.53125,20.53125,2776000,20.8125,20.6875,8.239316940307617
08-06-1999,20.5,20.5625,761600,20.625,20.5625,8.189533233642578
09-06-1999,20.5,20.53125,275200,20.59375,20.5625,8.189533233642578
10-06-1999,20.09375,20.5,1511800,20.65625,20.28125,8.077513694763184
11-06-1999,20.03125,20.375,967600,20.5,20.25,8.065068244934082
14-06-1999,20.28125,20.375,502400,20.625,20.40625,8.127294540405273
15-06-1999,20.3125,20.40625,420400,20.8125,20.6875,8.239316940307617
16-06-1999,20.5625,20.625,1479400,21.3125,21.03125,8.376221656799316
17-06-1999,20.875,21.03125,558200,21.15625,20.9375,8.338883399963379
18-06-1999,20.8125,20.9375,812600,21.0,20.90625,8.326436996459961
21-06-1999,20.5625,20.875,564200,20.90625,20.65625,8.226866722106934
22-06-1999,20.625,20.625,879200,21.03125,21.0,8.363774299621582
23-06-1999,20.78125,20.875,661200,21.03125,20.8125,8.289095878601074
24-06-1999,20.53125,20.75,873600,20.75,20.5625,8.189533233642578
25-06-1999,20.53125,20.6875,917600,20.8125,20.65625,8.226866722106934
28-06-1999,20.65625,20.71875,509000,20.9375,20.6875,8.239316940307617
29-06-1999,20.59375,20.8125,742000,20.90625,20.6875,8.239316940307617
30-06-1999,20.375,20.6875,1262600,20.75,20.40625,8.127294540405273
01-07-1999,20.28125,20.375,794600,20.53125,20.3125,8.089962005615234
02-07-1999,20.21875,20.3125,398000,20.5,20.40625,8.127294540405273
06-07-1999,20.125,20.34375,376200,20.40625,20.375,8.11485481262207
07-07-1999,20.125,20.40625,549400,20.40625,20.1875,8.040175437927246
08-07-1999,20.0625,20.0625,411400,20.3125,20.09375,8.002837181091309
09-07-1999,20.09375,20.09375,424400,20.21875,20.15625,8.027730941772461
12-07-1999,20.03125,20.21875,500800,20.28125,20.15625,8.027730941772461
13-07-1999,20.09375,20.09375,391600,20.34375,20.28125,8.077513694763184
14-07-1999,20.0625,20.15625,410200,20.34375,20.34375,8.102404594421387
15-07-1999,20.375,20.46875,899600,20.53125,20.4375,8.139747619628906
16-07-1999,20.0,20.46875,2095200,20.46875,20.15625,8.027730941772461
19-07-1999,20.0,20.15625,659400,20.3125,20.09375,8.002837181091309
20-07-1999,20.0,20.03125,2630600,20.6875,20.65625,8.226866722106934
21-07-1999,20.5,20.6875,1209000,20.90625,20.59375,8.201973915100098
22-07-1999,20.5,20.5,1114600,20.875,20.5625,8.189533233642578
23-07-1999,20.5,20.5,505800,20.65625,20.5625,8.189533233642578
26-07-1999,20.5625,20.5625,1151000,20.875,20.84375,8.301543235778809
27-07-1999,20.71875,20.78125,992800,20.875,20.78125,8.276651382446289
28-07-1999,20.53125,20.75,371200,20.8125,20.53125,8.177081108093262
29-07-1999,20.0,20.40625,879400,20.59375,20.09375,8.002837181091309
30-07-1999,20.09375,20.1875,891800,20.40625,20.15625,8.027730941772461
02-08-1999,20.09375,20.1875,955200,20.3125,20.1875,8.040175437927246
03-08-1999,20.125,20.21875,719000,20.375,20.25,8.065068244934082
04-08-1999,20.125,20.21875,1186400,20.375,20.25,8.065068244934082
05-08-1999,20.15625,20.21875,702200,20.375,20.3125,8.089962005615234
06-08-1999,20.21875,20.28125,868200,20.53125,20.4375,8.139747619628906
09-08-1999,20.28125,20.34375,621600,20.46875,20.40625,8.127294540405273
10-08-1999,20.1875,20.34375,567200,20.4375,20.25,8.065068244934082
11-08-1999,20.25,20.28125,933000,20.59375,20.59375,8.201973915100098
12-08-1999,20.40625,20.53125,934000,20.625,20.4375,8.139747619628906
13-08-1999,20.46875,20.46875,350600,20.6875,20.5,8.164637565612793
16-08-1999,20.21875,20.40625,580200,20.4375,20.40625,8.127294540405273
17-08-1999,20.0,20.4375,1077400,20.4375,20.1875,8.040175437927246
18-08-1999,20.03125,20.0625,915000,20.1875,20.15625,8.027730941772461
19-08-1999,20.09375,20.15625,1029600,20.5,20.46875,8.152194023132324
20-08-1999,20.375,20.46875,1581600,20.75,20.71875,8.25175952911377
23-08-1999,20.5625,20.8125,750600,20.84375,20.78125,8.276651382446289
24-08-1999,20.625,20.8125,790600,20.875,20.875,8.31399154663086
25-08-1999,20.875,20.90625,1330400,21.0,21.0,8.363774299621582
26-08-1999,20.8125,21.0,501400,21.0,20.84375,8.301543235778809
27-08-1999,20.75,20.78125,462600,20.9375,20.8125,8.289095878601074
30-08-1999,20.5,20.8125,379400,20.875,20.5,8.164637565612793
31-08-1999,20.34375,20.5,517400,20.65625,20.5,8.164637565612793
01-09-1999,20.40625,20.4375,678800,20.65625,20.59375,8.201973915100098
02-09-1999,20.4375,20.53125,707800,20.625,20.5625,8.189533233642578
03-09-1999,20.625,20.6875,879400,20.9375,20.8125,8.289095878601074
07-09-1999,20.375,20.5,2863200,20.59375,20.4375,8.246731758117676
08-09-1999,19.84375,20.4375,1253600,20.4375,19.90625,8.032367706298828
09-09-1999,19.65625,19.875,2211000,20.0,19.875,8.019754409790039
10-09-1999,19.875,19.9375,958600,20.0,19.90625,8.032367706298828
13-09-1999,19.65625,19.90625,945800,19.9375,19.84375,8.007145881652832
14-09-1999,19.53125,19.75,769200,19.78125,19.5625,7.893661022186279
15-09-1999,19.5625,19.59375,861400,19.71875,19.625,7.9188761711120605
16-09-1999,19.40625,19.5,1003200,19.5625,19.5,7.868441581726074
17-09-1999,19.4375,19.46875,630800,19.625,19.59375,7.9062724113464355
20-09-1999,19.5,19.5,978600,19.71875,19.5,7.868441581726074
21-09-1999,19.15625,19.375,807800,19.40625,19.21875,7.754951477050781
22-09-1999,19.0,19.21875,501600,19.3125,19.125,7.717122554779053
23-09-1999,18.6875,19.03125,769800,19.03125,18.78125,7.578416347503662
24-09-1999,18.65625,18.75,970400,19.03125,18.6875,7.54058837890625
27-09-1999,18.75,18.78125,1427400,19.0,18.84375,7.603637218475342
28-09-1999,18.53125,18.84375,1652200,18.90625,18.6875,7.54058837890625
29-09-1999,18.625,18.75,1129600,18.90625,18.875,7.616248607635498
30-09-1999,18.90625,18.9375,975800,19.34375,19.3125,7.79278564453125
01-10-1999,19.0,19.3125,712000,19.71875,19.5625,7.893661022186279
04-10-1999,19.53125,19.5625,1007600,20.0,19.84375,8.007145881652832
05-10-1999,19.34375,19.75,638400,19.84375,19.53125,7.881048202514648
06-10-1999,19.46875,19.5625,788000,19.78125,19.59375,7.9062724113464355
07-10-1999,19.25,19.53125,491800,19.5625,19.28125,7.780172824859619
08-10-1999,19.21875,19.21875,653600,19.5,19.375,7.817996025085449
11-10-1999,18.875,19.25,723000,19.28125,19.0625,7.691903114318848
12-10-1999,18.84375,19.0,1140000,19.21875,19.03125,7.679295063018799
13-10-1999,18.9375,18.96875,1521600,19.1875,19.1875,7.742345333099365
14-10-1999,19.0,19.03125,1370600,19.375,19.3125,7.79278564453125
15-10-1999,18.875,19.40625,628000,19.40625,18.90625,7.62885856628418
18-10-1999,18.90625,18.9375,696000,19.28125,19.28125,7.780172824859619
19-10-1999,18.96875,19.25,758000,19.40625,19.03125,7.679295063018799
20-10-1999,18.90625,19.0,705400,19.1875,19.0,7.666683197021484
21-10-1999,18.6875,18.9375,1137000,18.96875,18.8125,7.591025352478027
22-10-1999,18.625,18.71875,923400,18.90625,18.78125,7.578416347503662
25-10-1999,18.6875,18.71875,721200,19.03125,18.9375,7.6414666175842285
26-10-1999,18.9375,18.9375,401200,19.25,18.9375,7.6414666175842285
27-10-1999,18.96875,18.96875,960000,19.46875,19.4375,7.843221187591553
28-10-1999,19.5,19.5,1116000,19.6875,19.6875,7.944097995758057
29-10-1999,19.625,19.6875,521800,19.875,19.78125,7.981929302215576
01-11-1999,19.4375,19.6875,542800,19.75,19.625,7.9188761711120605
02-11-1999,19.59375,19.59375,413000,19.90625,19.75,7.969315528869629
03-11-1999,19.53125,19.6875,586000,19.71875,19.6875,7.944097995758057
04-11-1999,19.3125,19.65625,663400,19.8125,19.5,7.868441581726074
05-11-1999,19.375,19.375,574800,19.65625,19.5,7.868441581726074
08-11-1999,19.28125,19.40625,451200,19.5625,19.34375,7.805389881134033
09-11-1999,19.0625,19.3125,1020800,19.3125,19.21875,7.754951477050781
10-11-1999,18.625,19.03125,1280600,19.09375,18.6875,7.54058837890625
11-11-1999,18.59375,18.65625,762200,18.96875,18.90625,7.62885856628418
12-11-1999,18.8125,18.96875,664400,19.0,18.875,7.616248607635498
15-11-1999,18.5,18.75,570000,18.78125,18.53125,7.477538585662842
16-11-1999,18.4375,18.5,748400,18.71875,18.59375,7.5027594566345215
17-11-1999,18.4375,18.46875,1032200,18.59375,18.53125,7.477538585662842
18-11-1999,18.25,18.46875,417000,18.46875,18.34375,7.401880264282227
19-11-1999,18.03125,18.21875,507200,18.25,18.0625,7.288394451141357
22-11-1999,17.75,17.9375,832000,18.03125,17.90625,7.225346088409424
23-11-1999,17.46875,17.84375,668000,17.875,17.5625,7.086637496948242
24-11-1999,17.4375,17.53125,514400,17.6875,17.5,7.061418056488037
26-11-1999,17.28125,17.59375,271000,17.59375,17.34375,6.998371124267578
29-11-1999,16.65625,17.25,859000,17.25,16.78125,6.771397113800049
30-11-1999,16.875,16.90625,1361200,17.53125,17.5,7.061418056488037
01-12-1999,17.09375,17.21875,975400,17.4375,17.25,6.960544109344482
02-12-1999,17.15625,17.1875,594800,17.46875,17.21875,6.947932720184326
03-12-1999,17.34375,17.375,1958400,17.75,17.34375,6.998371124267578
06-12-1999,17.15625,17.28125,1441000,17.4375,17.3125,6.9857611656188965
07-12-1999,17.25,17.28125,1838200,17.46875,17.40625,7.023590087890625
08-12-1999,17.03125,17.09375,1697200,17.25,17.125,7.018981456756592
09-12-1999,17.0625,17.0625,2586200,17.25,17.125,7.018981456756592
10-12-1999,16.5625,17.125,2557000,17.21875,16.5625,6.788430690765381
13-12-1999,16.0,16.59375,1428000,16.59375,16.1875,6.634729862213135
14-12-1999,16.21875,16.375,1137200,16.40625,16.25,6.660348415374756
15-12-1999,16.15625,16.15625,1379400,16.65625,16.40625,6.7243876457214355
16-12-1999,16.25,16.4375,1042800,16.4375,16.375,6.711576461791992
17-12-1999,16.21875,16.375,1617800,16.4375,16.3125,6.685963153839111
20-12-1999,16.21875,16.34375,966000,16.5,16.4375,6.737198352813721
21-12-1999,16.375,16.40625,1318000,16.75,16.5625,6.788430690765381
22-12-1999,16.5625,16.5625,1227200,16.90625,16.8125,6.890897274017334
23-12-1999,16.84375,16.84375,830400,17.09375,17.0625,6.993361473083496
27-12-1999,17.1875,17.1875,975600,17.375,17.34375,7.108638763427734
28-12-1999,17.34375,17.375,2572800,17.5625,17.53125,7.185489654541016
29-12-1999,17.34375,17.5,2006600,17.53125,17.40625,7.134255409240723
30-12-1999,17.40625,17.40625,718400,17.5,17.4375,7.147062301635742
31-12-1999,17.375,17.5,442600,17.53125,17.40625,7.134255409240723
03-01-2000,17.03125,17.5,5351200,17.5,17.03125,6.980552673339844
04-01-2000,17.03125,17.0625,2082200,17.3125,17.15625,7.031787872314453
05-01-2000,17.15625,17.15625,1492800,17.625,17.59375,7.211104869842529
06-01-2000,17.5625,17.59375,1009000,17.8125,17.65625,7.236722946166992
07-01-2000,17.53125,17.65625,1071800,17.6875,17.53125,7.185489654541016
10-01-2000,17.46875,17.59375,1348200,17.6875,17.5,7.172678470611572
11-01-2000,17.5,17.5,1622800,17.78125,17.71875,7.262338638305664
12-01-2000,17.71875,17.71875,1102800,17.96875,17.75,7.275147914886475
13-01-2000,17.625,17.71875,4397000,17.90625,17.65625,7.236722946166992
14-01-2000,17.34375,17.53125,1273800,17.59375,17.375,7.121447563171387
18-01-2000,17.0625,17.25,858400,17.28125,17.09375,7.006171703338623
19-01-2000,17.21875,17.21875,1135800,17.625,17.40625,7.134255409240723
20-01-2000,17.25,17.375,1242400,17.53125,17.4375,7.147062301635742
21-01-2000,17.375,17.5,847600,17.8125,17.78125,7.287954807281494
24-01-2000,17.5625,17.8125,1162600,18.0,17.625,7.223911762237549
25-01-2000,16.9375,17.65625,1869200,17.65625,17.34375,7.108638763427734
26-01-2000,16.96875,17.0625,1537800,17.25,17.25,7.070215225219727
27-01-2000,16.96875,17.1875,1004800,17.375,17.296875,7.089424133300781
28-01-2000,16.6875,17.0625,1273000,17.1875,16.75,6.865281581878662
31-01-2000,16.71875,16.75,829200,17.1875,17.1875,7.044595241546631
01-02-2000,16.9375,17.21875,732000,17.28125,17.21875,7.057404041290283
02-02-2000,16.90625,17.15625,622800,17.21875,16.96875,6.954936981201172
03-02-2000,16.9375,16.9375,1224000,17.375,17.21875,7.057404041290283
04-02-2000,16.65625,17.1875,1105800,17.21875,16.84375,6.9037041664123535
07-02-2000,16.59375,16.625,911200,16.84375,16.75,6.865281581878662
08-02-2000,16.65625,16.71875,524600,16.9375,16.75,6.865281581878662
09-02-2000,16.46875,16.625,1096200,16.8125,16.5625,6.788430690765381
10-02-2000,16.21875,16.5625,529000,16.625,16.34375,6.698774337768555
11-02-2000,16.15625,16.28125,508000,16.4375,16.28125,6.673157215118408
14-02-2000,16.25,16.3125,1059600,16.65625,16.3125,6.685963153839111
15-02-2000,16.03125,16.25,648400,16.34375,16.125,6.6091108322143555
16-02-2000,16.0,16.09375,503200,16.15625,16.03125,6.570687294006348
17-02-2000,15.71875,16.21875,665800,16.21875,15.8125,6.481027603149414
18-02-2000,15.3125,15.5625,1420800,15.6875,15.34375,6.2889018058776855
22-02-2000,15.25,15.28125,1152800,15.5,15.28125,6.263286590576172
23-02-2000,14.9375,15.15625,1553600,15.15625,14.96875,6.135202884674072
24-02-2000,14.21875,14.9375,2501800,14.9375,14.53125,5.95588493347168
25-02-2000,14.15625,14.53125,766400,14.5625,14.25,5.840611457824707
28-02-2000,14.25,14.25,1527200,14.5,14.46875,5.930272102355957
29-02-2000,14.4375,14.46875,1906400,14.5625,14.5,5.943078517913818
01-03-2000,14.1875,14.46875,1016400,14.5,14.28125,5.853419780731201
02-03-2000,14.21875,14.25,874800,14.53125,14.40625,5.9046549797058105
03-03-2000,14.34375,14.4375,1685200,14.5625,14.46875,5.930272102355957
06-03-2000,13.375,14.3125,1585600,14.34375,13.53125,5.546020030975342
07-03-2000,13.5,13.53125,1056200,13.8125,13.625,5.584444522857666
08-03-2000,13.15625,13.21875,2406600,13.59375,13.375,5.592808246612549
09-03-2000,13.03125,13.25,937200,13.3125,13.1875,5.514402866363525
10-03-2000,13.0625,13.1875,841600,13.21875,13.0625,5.462133884429932
13-03-2000,12.875,13.0,788800,13.15625,12.9375,5.4098639488220215
14-03-2000,12.84375,12.9375,861200,13.09375,12.96875,5.422933101654053
15-03-2000,12.90625,12.90625,1681400,13.84375,13.75,5.749611854553223
16-03-2000,13.78125,13.8125,1833200,14.90625,14.8125,6.193901538848877
17-03-2000,14.28125,14.5,1996600,14.75,14.34375,5.997895240783691
20-03-2000,14.25,14.4375,1028000,14.65625,14.28125,5.971760272979736
21-03-2000,14.125,14.40625,888800,14.4375,14.25,5.958690643310547
22-03-2000,13.75,14.125,837400,14.1875,13.8125,5.7757487297058105
23-03-2000,13.6875,13.6875,986000,14.40625,14.21875,5.945624351501465
24-03-2000,13.9375,14.0,974000,14.125,13.96875,5.841086387634277
27-03-2000,13.96875,13.96875,487800,14.21875,14.03125,5.867222309112549
28-03-2000,14.03125,14.0625,1455400,14.75,14.0625,5.880288124084473
29-03-2000,14.125,14.125,1607200,14.75,14.71875,6.154703140258789
30-03-2000,14.71875,14.71875,1374600,14.96875,14.875,6.220037937164307
31-03-2000,14.5625,14.78125,1361800,15.0625,14.8125,6.193901538848877
03-04-2000,14.75,14.84375,1007600,14.9375,14.84375,6.206970691680908
04-04-2000,14.625,14.8125,1697200,15.375,15.03125,6.285375118255615
05-04-2000,15.03125,15.03125,1034200,15.5625,15.0625,6.2984418869018555
06-04-2000,14.8125,15.09375,770800,15.21875,15.0,6.272308826446533
07-04-2000,14.625,14.9375,1605800,15.03125,14.71875,6.154703140258789
10-04-2000,14.6875,14.78125,1027400,15.40625,15.375,6.429114818572998
11-04-2000,15.3125,15.3125,1321200,15.78125,15.625,6.533653736114502
12-04-2000,15.75,15.75,1055200,16.3125,16.03125,6.703531265258789
13-04-2000,15.84375,15.9375,1463400,16.84375,16.75,7.00407600402832
14-04-2000,16.5,16.75,2024600,17.1875,16.65625,6.964874744415283
17-04-2000,16.125,16.5625,1841800,16.8125,16.8125,7.030210494995117
18-04-2000,16.65625,16.75,1230600,16.9375,16.75,7.00407600402832
19-04-2000,16.53125,16.65625,1389400,16.84375,16.78125,7.017146587371826
20-04-2000,16.75,16.84375,902000,17.09375,17.0,7.108615875244141
24-04-2000,17.03125,17.03125,1000200,17.71875,17.53125,7.330759525299072
25-04-2000,17.375,17.5,1261400,18.28125,18.125,7.579037666320801
26-04-2000,18.03125,18.125,1712800,18.84375,18.8125,7.866520404815674
27-04-2000,18.3125,18.78125,2022200,18.875,18.40625,7.696643352508545
28-04-2000,17.84375,18.3125,1382400,18.375,17.9375,7.50063419342041
01-05-2000,17.5625,17.90625,1343600,17.9375,17.625,7.369959831237793
02-05-2000,17.40625,17.65625,1372800,17.875,17.40625,7.278486251831055
03-05-2000,17.3125,17.34375,1009800,17.5625,17.34375,7.25235652923584
04-05-2000,16.875,17.25,1588800,17.75,17.5625,7.343827247619629
05-05-2000,17.09375,17.5,806200,17.53125,17.1875,7.187019348144531
08-05-2000,17.125,17.125,1418000,17.84375,17.625,7.369959831237793
09-05-2000,17.34375,17.53125,1031200,17.65625,17.5,7.317691326141357
10-05-2000,17.46875,17.46875,1192400,17.8125,17.625,7.369959831237793
11-05-2000,17.59375,17.59375,1891400,18.1875,18.125,7.579037666320801
12-05-2000,17.84375,18.125,1059000,18.1875,18.0,7.526769161224365
15-05-2000,17.90625,17.90625,850400,18.375,18.25,7.631305694580078
16-05-2000,17.84375,18.1875,955000,18.1875,18.0625,7.552900791168213
17-05-2000,17.6875,18.1875,1076400,18.25,17.8125,7.448364734649658
18-05-2000,17.78125,17.8125,903800,18.5,18.1875,7.605173110961914
19-05-2000,18.0,18.0625,1524600,18.46875,18.375,7.683579444885254
22-05-2000,18.40625,18.40625,1620600,19.09375,18.71875,7.827319622039795
23-05-2000,18.28125,18.625,2311800,18.625,18.4375,7.709709644317627
24-05-2000,18.4375,18.5,1665000,18.78125,18.53125,7.748913764953613
25-05-2000,18.25,18.59375,1174000,18.59375,18.5625,7.761981964111328
26-05-2000,18.53125,18.59375,910200,18.875,18.71875,7.827319622039795
30-05-2000,18.34375,18.71875,1453600,18.71875,18.53125,7.748913764953613
31-05-2000,18.5625,18.625,1187600,18.8125,18.625,7.7881178855896
01-06-2000,18.3125,18.5625,1175000,18.625,18.625,7.7881178855896
02-06-2000,18.28125,18.59375,866000,18.75,18.3125,7.657439231872559
05-06-2000,17.5,18.21875,762600,18.21875,17.65625,7.383028030395508
06-06-2000,17.4375,17.5625,1026400,18.09375,18.0,7.526769161224365
07-06-2000,17.6875,17.78125,679200,17.96875,17.8125,7.56179141998291
08-06-2000,17.40625,17.59375,1375200,17.875,17.84375,7.575058460235596
09-06-2000,17.78125,17.78125,700600,18.1875,18.09375,7.681187629699707
12-06-2000,18.125,18.15625,659000,18.28125,18.171875,7.714354038238525
13-06-2000,18.09375,18.1875,748200,18.46875,18.15625,7.707719326019287
14-06-2000,17.75,18.09375,709600,18.09375,17.75,7.535258769989014
15-06-2000,17.71875,17.71875,969400,18.3125,18.25,7.747518062591553
16-06-2000,17.84375,18.125,1269400,18.4375,18.0,7.641389846801758
19-06-2000,17.78125,17.90625,861200,18.0625,17.9375,7.614856719970703
20-06-2000,17.6875,18.0,1005800,18.09375,18.0,7.641389846801758
21-06-2000,18.0,18.0,1021000,18.3125,18.0,7.641389846801758
22-06-2000,17.5625,18.0,1003200,18.0,17.875,7.588320732116699
23-06-2000,17.6875,17.8125,1364400,18.21875,18.125,7.694454193115234
26-06-2000,17.875,18.125,807800,18.34375,18.3125,7.774049758911133
27-06-2000,17.5,18.34375,1491600,18.4375,17.625,7.482192516326904
28-06-2000,17.34375,17.5625,1523200,18.3125,18.203125,7.727619647979736
29-06-2000,17.8125,18.125,950800,18.375,17.90625,7.601590156555176
30-06-2000,17.15625,17.90625,2149600,18.40625,17.3125,7.349533557891846
03-07-2000,17.40625,17.40625,724800,17.9375,17.78125,7.548526287078857
05-07-2000,17.40625,18.09375,1074000,18.25,17.625,7.482192516326904
06-07-2000,17.375,17.4375,1177200,17.75,17.75,7.535258769989014
07-07-2000,17.6875,17.6875,657600,18.03125,17.90625,7.601590156555176
10-07-2000,17.84375,17.84375,1304600,18.25,18.1875,7.720987796783447
11-07-2000,17.8125,18.09375,1366000,18.34375,18.34375,7.787321090698242
12-07-2000,18.03125,18.28125,568200,18.3125,18.1875,7.720987796783447
13-07-2000,18.0,18.0625,720200,18.3125,18.25,7.747518062591553
14-07-2000,17.78125,18.3125,1695400,18.40625,17.875,7.588320732116699
17-07-2000,17.40625,17.53125,1213600,17.625,17.4375,7.402596473693848
18-07-2000,17.40625,17.5,1145400,17.625,17.5,7.4291276931762695
19-07-2000,17.46875,17.5,1235000,17.6875,17.53125,7.442395210266113
20-07-2000,17.40625,17.5625,1120400,17.6875,17.6875,7.508723735809326
21-07-2000,17.1875,17.4375,1269800,17.59375,17.34375,7.36279821395874
24-07-2000,16.8125,17.28125,1014000,17.28125,17.0,7.216868877410889
25-07-2000,16.625,17.0,1440600,17.0,16.75,7.110736846923828
26-07-2000,16.4375,16.96875,1821200,16.96875,16.5078125,7.007920265197754
27-07-2000,16.5625,16.5625,1378400,16.84375,16.8125,7.137269496917725
28-07-2000,16.65625,16.71875,995000,17.15625,16.75,7.110736846923828
31-07-2000,16.5625,16.875,1785400,17.25,16.8125,7.137269496917725
01-08-2000,16.8125,16.8125,1000400,17.375,17.3125,7.349533557891846
02-08-2000,17.25,17.28125,1425200,17.6875,17.4375,7.402596473693848
03-08-2000,17.46875,17.5,1123000,18.0625,17.6640625,7.498776435852051
04-08-2000,17.34375,17.5625,1512000,17.96875,17.75,7.535258769989014
07-08-2000,17.6875,17.75,1040600,18.09375,18.0703125,7.671239376068115
08-08-2000,17.875,18.15625,711400,18.1875,18.125,7.694454193115234
09-08-2000,17.84375,18.03125,673400,18.125,17.8984375,7.598276615142822
10-08-2000,17.78125,17.96875,527800,18.0625,17.9765625,7.631440162658691
11-08-2000,18.03125,18.03125,808400,18.28125,18.0703125,7.671239376068115
14-08-2000,17.90625,18.0,868400,18.21875,17.96875,7.6281232833862305
15-08-2000,17.90625,17.9375,1361800,18.3125,18.09375,7.681187629699707
16-08-2000,17.90625,18.09375,400800,18.28125,17.9453125,7.618174076080322
17-08-2000,17.90625,18.0,356600,18.0625,18.0,7.641389846801758
18-08-2000,17.96875,18.0,1142800,18.25,18.125,7.694454193115234
21-08-2000,18.0625,18.125,1208200,18.25,18.21875,7.734253406524658
22-08-2000,18.0,18.21875,817200,18.28125,18.03125,7.654654502868652
23-08-2000,17.90625,17.9375,958400,18.125,18.0625,7.667919158935547
24-08-2000,17.875,18.125,783400,18.125,17.875,7.588320732116699
25-08-2000,17.59375,17.78125,932200,17.78125,17.59375,7.468926429748535
28-08-2000,17.40625,17.625,1424400,17.90625,17.84375,7.575058460235596
29-08-2000,17.6875,17.875,1077000,17.9375,17.75,7.535258769989014
30-08-2000,17.65625,17.6875,900000,18.03125,17.90625,7.601590156555176
31-08-2000,17.875,17.875,859400,18.1875,18.1328125,7.697770595550537
01-09-2000,18.09375,18.125,597600,18.3125,18.1328125,7.697770595550537
05-09-2000,18.21875,18.21875,845800,18.6875,18.5,7.853647232055664
06-09-2000,18.34375,18.34375,3094400,18.875,18.78125,8.091132164001465
07-09-2000,18.6875,18.75,1167200,19.0625,19.0625,8.212297439575195
08-09-2000,19.0625,19.0625,1582000,19.921875,19.921875,8.582524299621582
11-09-2000,19.90625,19.90625,1835400,20.40625,20.2890625,8.74071216583252
12-09-2000,19.96875,20.34375,2336000,20.6875,20.3125,8.75080680847168
13-09-2000,20.34375,20.34375,2066400,20.875,20.5625,8.858514785766602
14-09-2000,20.15625,20.46875,2395800,20.9375,20.90625,9.006606101989746
15-09-2000,20.90625,20.90625,2780200,21.84375,21.5390625,9.279226303100586
18-09-2000,21.28125,21.5,2478600,21.625,21.4921875,9.259026527404785
19-09-2000,20.28125,21.375,2834000,21.40625,20.3125,8.75080680847168
20-09-2000,19.53125,20.25,1900200,20.25,19.78125,8.521943092346191
21-09-2000,19.59375,19.84375,843800,20.1875,19.71875,8.495015144348145
22-09-2000,20.0,20.0,4154800,20.6875,20.625,8.885440826416016
25-09-2000,20.3125,20.59375,892800,20.8125,20.625,8.885440826416016
26-09-2000,20.65625,20.65625,1924400,21.8125,21.5,9.262394905090332
27-09-2000,21.28125,21.5625,2495600,21.96875,21.9140625,9.440774917602539
28-09-2000,21.625,21.875,1412800,22.53125,22.0625,9.50472640991211
29-09-2000,22.03125,22.0625,2071400,22.84375,22.3515625,9.629257202148438
02-10-2000,22.0,22.625,1698000,23.0,22.75,9.800915718078613
03-10-2000,21.875,22.625,1278800,22.75,21.875,9.423949241638184
04-10-2000,20.9375,21.875,1862000,22.375,21.4375,9.23547077178955
05-10-2000,20.71875,21.46875,1226000,21.90625,20.75,8.939291000366211
06-10-2000,20.75,20.875,1544400,21.25,21.0,9.046991348266602
09-10-2000,20.84375,21.0,1734600,21.5,21.0625,9.073918342590332
10-10-2000,21.0625,21.0625,1338200,21.8125,21.375,9.208547592163086
11-10-2000,21.1875,21.5,1712600,22.03125,21.5,9.262394905090332
12-10-2000,21.15625,21.71875,1283400,21.96875,21.40625,9.222007751464844
13-10-2000,21.59375,21.6875,834200,21.96875,21.78125,9.383563041687012
16-10-2000,21.6875,21.6875,1059200,22.3125,22.3125,9.6124267578125
17-10-2000,22.0,22.28125,2751200,22.6875,22.03125,9.491265296936035
18-10-2000,20.8125,21.9375,2891600,22.0,20.9375,9.020069122314453
19-10-2000,20.46875,21.0,2037200,21.0,20.59375,8.871976852416992
20-10-2000,20.53125,20.59375,901200,20.90625,20.59375,8.871976852416992
23-10-2000,20.53125,20.5625,1818600,21.125,20.90625,9.006606101989746
24-10-2000,20.6875,20.9375,1660600,21.3125,20.75,8.939291000366211
25-10-2000,20.375,20.6875,943400,21.09375,20.5,8.831587791442871
26-10-2000,19.84375,20.5,1034000,20.59375,19.9375,8.589255332946777
27-10-2000,19.5625,19.96875,1459600,20.34375,20.25,8.723883628845215
30-10-2000,20.375,20.375,671200,20.90625,20.875,8.993139266967773
31-10-2000,20.375,20.84375,1240000,20.9375,20.75,8.939291000366211
01-11-2000,20.6875,20.875,1359400,21.34375,20.8125,8.966218948364258
02-11-2000,20.375,20.75,794600,20.75,20.40625,8.791199684143066
03-11-2000,19.96875,20.40625,1826800,20.65625,20.0,8.616181373596191
06-11-2000,19.84375,19.96875,1162800,20.34375,19.9375,8.589255332946777
07-11-2000,19.5625,20.03125,1116800,20.15625,19.71875,8.495015144348145
08-11-2000,19.5,19.71875,1224200,20.03125,19.8125,8.535407066345215
09-11-2000,19.4375,19.84375,1307400,19.96875,19.90625,8.57579517364502
10-11-2000,19.71875,19.84375,1006200,20.1875,19.96875,8.602721214294434
13-11-2000,19.75,19.75,986400,20.28125,19.96875,8.602721214294434
14-11-2000,19.5,19.84375,902600,19.84375,19.5625,8.427703857421875
15-11-2000,19.46875,19.46875,900400,20.03125,19.75,8.508482933044434
16-11-2000,19.75,19.875,757400,20.09375,19.875,8.562334060668945
17-11-2000,19.9375,20.0,1004600,20.53125,20.46875,8.818121910095215
20-11-2000,20.4375,20.59375,1255600,20.875,20.6875,8.912364959716797
21-11-2000,20.09375,20.59375,739400,20.625,20.4375,8.80466079711914
22-11-2000,20.4375,20.4375,719000,20.71875,20.59375,8.871976852416992
24-11-2000,20.34375,20.59375,441600,20.59375,20.5,8.831587791442871
27-11-2000,20.34375,20.8125,1125400,20.84375,20.34375,8.764275550842285
28-11-2000,20.34375,20.375,1376400,20.8125,20.8125,8.966218948364258
29-11-2000,20.75,20.75,1012600,21.125,21.09375,9.087380409240723
30-11-2000,21.03125,21.21875,1436800,21.71875,21.375,9.208547592163086
01-12-2000,20.75,21.375,827400,21.375,21.125,9.10084342956543
04-12-2000,20.9375,20.96875,1265800,21.5,21.28125,9.168155670166016
05-12-2000,21.1875,21.28125,2694600,21.625,21.5625,9.289320945739746
06-12-2000,21.28125,21.625,5675400,22.4375,22.4375,9.788849830627441
07-12-2000,22.40625,23.0,2763800,23.0,22.5,9.816121101379395
08-12-2000,22.28125,22.5,1225400,22.5,22.40625,9.775221824645996
11-12-2000,22.0625,22.40625,1146800,22.4375,22.34375,9.747954368591309
12-12-2000,22.34375,22.34375,1354200,22.59375,22.59375,9.857023239135742
13-12-2000,22.40625,22.59375,1678800,23.0,22.96875,10.020623207092285
14-12-2000,22.65625,22.84375,2294600,23.0625,22.96875,10.020623207092285
15-12-2000,22.90625,22.96875,2096200,23.1875,22.9375,10.006986618041992
18-12-2000,22.71875,22.8125,1356800,23.1875,22.96875,10.020623207092285
19-12-2000,22.84375,23.0625,1967200,23.125,23.03125,10.04788875579834
20-12-2000,22.96875,23.0,2522200,24.21875,24.15625,10.538697242736816
21-12-2000,23.8125,24.1875,1776200,24.1875,24.125,10.525063514709473
22-12-2000,23.71875,24.03125,1083600,24.625,24.625,10.743196487426758
26-12-2000,24.21875,24.625,1183800,25.0,24.9375,10.879535675048828
27-12-2000,24.625,24.8125,1035200,24.96875,24.8125,10.824997901916504
28-12-2000,24.375,24.875,1340800,24.90625,24.5,10.688664436340332
29-12-2000,24.09375,24.40625,1329000,24.5,24.3125,10.606865882873535
02-01-2001,23.3125,24.25,1143600,24.25,23.34375,10.184226036071777
03-01-2001,21.46875,23.34375,2640200,23.75,21.5625,9.407114028930664
04-01-2001,19.78125,21.5625,2356800,21.5625,19.84375,8.657269477844238
05-01-2001,19.9375,19.96875,2542800,20.8125,20.21875,8.82087516784668
08-01-2001,20.25,20.25,1508600,20.875,20.75,9.052645683288574
09-01-2001,20.375,20.6875,1759800,20.90625,20.90625,9.120814323425293
10-01-2001,20.46875,20.78125,1705600,21.15625,20.75,9.052645683288574
11-01-2001,19.03125,20.84375,3523800,20.84375,19.09375,8.33006763458252
12-01-2001,18.8125,19.15625,2491800,19.6875,19.5625,8.534571647644043
16-01-2001,18.4375,19.5,2862200,19.6875,19.53125,8.520936012268066
17-01-2001,19.21875,19.4375,2489800,19.6875,19.5,8.507303237915039
18-01-2001,19.4375,19.46875,1340600,19.875,19.8125,8.643640518188477
19-01-2001,19.3125,19.6875,2095600,20.03125,20.0,8.725439071655273
22-01-2001,19.84375,20.03125,1408400,20.4375,20.34375,8.875411033630371
23-01-2001,20.375,20.375,1324200,21.0625,20.5,8.94357681274414
24-01-2001,20.625,20.625,1150600,21.1875,20.96875,9.148076057434082
25-01-2001,20.90625,21.1875,1090600,21.46875,21.15625,9.229880332946777
26-01-2001,20.5,21.28125,1442200,21.46875,21.15625,9.229880332946777
29-01-2001,21.149999618530273,21.15999984741211,844800,21.645000457763672,21.31999969482422,9.301321983337402
30-01-2001,20.905000686645508,21.25,785400,21.274999618530273,20.969999313354492,9.148626327514648
31-01-2001,20.100000381469727,20.8799991607666,1758000,20.8799991607666,20.454999923706055,8.923941612243652
01-02-2001,20.174999237060547,20.5,1283800,20.600000381469727,20.510000228881836,8.947937965393066
02-02-2001,20.239999771118164,20.5,1492600,20.690000534057617,20.399999618530273,8.899948120117188
05-02-2001,20.424999237060547,20.424999237060547,1377400,20.799999237060547,20.520000457763672,8.952301979064941
06-02-2001,20.360000610351562,20.520000457763672,750200,20.899999618530273,20.6299991607666,9.000293731689453
07-02-2001,20.7549991607666,20.7549991607666,860400,21.190000534057617,20.889999389648438,9.113720893859863
08-02-2001,20.924999237060547,20.924999237060547,921800,21.579999923706055,21.549999237060547,9.401660919189453
09-02-2001,21.510000228881836,21.524999618530273,1225400,22.135000228881836,22.024999618530273,9.608888626098633
12-02-2001,21.524999618530273,22.0,1036800,22.31999969482422,21.885000228881836,9.547813415527344
13-02-2001,21.5,21.809999465942383,904200,22.190000534057617,21.850000381469727,9.532544136047363
14-02-2001,21.584999084472656,21.799999237060547,1023600,22.0,21.764999389648438,9.495458602905273
15-02-2001,21.375,21.665000915527344,671400,21.725000381469727,21.594999313354492,9.421296119689941
16-02-2001,21.875,21.924999237060547,956400,22.200000762939453,22.024999618530273,9.608888626098633
20-02-2001,21.950000762939453,22.024999618530273,1183400,22.5049991607666,22.34000015258789,9.746317863464355
21-02-2001,22.34000015258789,22.34000015258789,1346200,22.875,22.364999771118164,9.757223129272461
22-02-2001,22.0,22.46500015258789,2162400,22.84000015258789,22.040000915527344,9.615438461303711
23-02-2001,21.520000457763672,22.100000381469727,1550400,22.405000686645508,21.920000076293945,9.56308650970459
26-02-2001,21.90999984741211,22.020000457763672,957600,22.3700008392334,22.0049991607666,9.600165367126465
27-02-2001,22.0,22.0,1500200,22.450000762939453,22.420000076293945,9.781217575073242
28-02-2001,22.110000610351562,22.5,1372800,22.600000381469727,22.405000686645508,9.774672508239746
01-03-2001,22.100000381469727,22.299999237060547,1610400,22.575000762939453,22.405000686645508,9.774672508239746
02-03-2001,22.149999618530273,22.625,1291400,22.725000381469727,22.475000381469727,9.805214881896973
05-03-2001,22.375,22.424999237060547,802200,22.649999618530273,22.424999237060547,9.783398628234863
06-03-2001,22.309999465942383,22.475000381469727,1399800,22.625,22.440000534057617,9.789946556091309
07-03-2001,21.899999618530273,22.184999465942383,5299600,22.440000534057617,21.924999237060547,9.681755065917969
08-03-2001,21.225000381469727,21.975000381469727,3059800,21.975000381469727,21.225000381469727,9.372647285461426
09-03-2001,20.604999542236328,20.75,2907800,21.0,20.80500030517578,9.187179565429688
12-03-2001,21.030000686645508,21.049999237060547,3065600,21.31999969482422,21.174999237060547,9.350568771362305
13-03-2001,20.90999984741211,21.125,1441800,21.149999618530273,20.90999984741211,9.233548164367676
14-03-2001,20.489999771118164,20.850000381469727,1624600,20.854999542236328,20.520000457763672,9.061327934265137
15-03-2001,20.549999237060547,20.600000381469727,1640400,21.049999237060547,20.985000610351562,9.2666654586792
16-03-2001,20.690000534057617,20.75,1545200,20.989999771118164,20.780000686645508,9.176141738891602
19-03-2001,20.55500030517578,20.674999237060547,1251200,20.799999237060547,20.65999984741211,9.123148918151855
20-03-2001,20.3799991607666,20.674999237060547,1302800,20.899999618530273,20.649999618530273,9.118732452392578
21-03-2001,20.5,20.524999618530273,1929000,21.079999923706055,20.665000915527344,9.12536334991455
22-03-2001,19.53499984741211,20.540000915527344,1543600,20.75,19.899999618530273,8.787546157836914
23-03-2001,19.399999618530273,19.649999618530273,1592400,19.985000610351562,19.860000610351562,8.769883155822754
26-03-2001,20.149999618530273,20.149999618530273,1043200,20.655000686645508,20.479999542236328,9.043664932250977
27-03-2001,20.600000381469727,20.600000381469727,2134800,21.045000076293945,20.924999237060547,9.240167617797852
28-03-2001,20.600000381469727,20.75,1797600,21.084999084472656,20.979999542236328,9.264458656311035
29-03-2001,20.709999084472656,20.985000610351562,1667200,21.5,21.454999923706055,9.474205017089844
30-03-2001,21.454999923706055,21.454999923706055,1217800,21.844999313354492,21.579999923706055,9.52940845489502
02-04-2001,21.53499984741211,21.850000381469727,1363000,22.094999313354492,22.014999389648438,9.721497535705566
03-04-2001,21.450000762939453,21.924999237060547,1369400,22.25,22.084999084472656,9.752409934997559
04-04-2001,21.735000610351562,21.975000381469727,1329000,22.264999389648438,22.03499984741211,9.730329513549805
05-04-2001,21.575000762939453,21.924999237060547,1097400,22.024999618530273,22.0,9.714876174926758
06-04-2001,20.899999618530273,22.100000381469727,1832000,22.200000762939453,21.325000762939453,9.416807174682617
09-04-2001,21.274999618530273,21.274999618530273,1293000,22.135000228881836,21.780000686645508,9.617730140686035
10-04-2001,22.204999923706055,22.75,2281000,22.75,22.475000381469727,9.924627304077148
11-04-2001,21.989999771118164,22.375,1496000,22.434999465942383,22.2549991607666,9.827481269836426
12-04-2001,21.959999084472656,21.975000381469727,2118400,22.350000381469727,22.21500015258789,9.809819221496582
16-04-2001,22.235000610351562,22.299999237060547,1057200,22.700000762939453,22.59000015258789,9.975409507751465
17-04-2001,22.59000015258789,22.59000015258789,1462200,23.200000762939453,23.040000915527344,10.174127578735352
18-04-2001,22.395000457763672,23.075000762939453,2177200,23.239999771118164,22.6200008392334,9.988659858703613
19-04-2001,22.149999618530273,22.649999618530273,2062800,22.764999389648438,22.3799991607666,9.882678031921387
20-04-2001,22.135000228881836,22.399999618530273,1418200,22.704999923706055,22.44499969482422,9.911376953125
23-04-2001,22.565000534057617,22.625,1075400,22.924999237060547,22.924999237060547,10.123340606689453
24-04-2001,22.735000610351562,23.024999618530273,1240000,23.325000762939453,23.114999771118164,10.207240104675293
25-04-2001,22.8799991607666,23.200000762939453,832200,23.360000610351562,23.209999084472656,10.249192237854004
26-04-2001,23.209999084472656,23.209999084472656,758600,23.600000381469727,23.434999465942383,10.348548889160156
27-04-2001,23.100000381469727,23.559999465942383,1255200,23.600000381469727,23.375,10.322051048278809
30-04-2001,23.125,23.424999237060547,1260200,23.479999542236328,23.219999313354492,10.253610610961914
01-05-2001,23.155000686645508,23.274999618530273,761000,23.450000762939453,23.25,10.266853332519531
02-05-2001,22.704999923706055,23.25,1097400,23.2549991607666,22.71500015258789,10.030607223510742
03-05-2001,22.280000686645508,22.700000762939453,942400,22.799999237060547,22.454999923706055,9.915800094604492
04-05-2001,22.559999465942383,22.579999923706055,1268800,22.899999618530273,22.899999618530273,10.1123046875
07-05-2001,22.700000762939453,22.924999237060547,656400,23.024999618530273,22.780000686645508,10.059310913085938
08-05-2001,22.46500015258789,22.655000686645508,804600,22.739999771118164,22.559999465942383,9.962163925170898
09-05-2001,22.549999237060547,22.549999237060547,936200,23.145000457763672,23.100000381469727,10.200618743896484
10-05-2001,23.0,23.299999237060547,888200,23.334999084472656,23.315000534057617,10.295559883117676
11-05-2001,23.350000381469727,23.375,1125000,23.670000076293945,23.614999771118164,10.4280366897583
14-05-2001,23.614999771118164,23.614999771118164,2221200,24.299999237060547,24.299999237060547,10.730523109436035
15-05-2001,23.905000686645508,24.200000762939453,2474000,24.200000762939453,24.0049991607666,10.600252151489258
16-05-2001,23.815000534057617,24.100000381469727,1768000,24.424999237060547,24.399999618530273,10.774675369262695
17-05-2001,24.135000228881836,24.399999618530273,2683000,24.934999465942383,24.75,10.929235458374023
18-05-2001,24.53499984741211,24.549999237060547,1485200,24.75,24.735000610351562,10.922605514526367
21-05-2001,24.674999237060547,24.735000610351562,2005200,25.100000381469727,25.045000076293945,11.059499740600586
22-05-2001,24.924999237060547,25.045000076293945,1126200,25.139999389648438,25.024999618530273,11.05066967010498
23-05-2001,25.024999618530273,25.024999618530273,1022400,25.450000762939453,25.399999618530273,11.21625804901123
24-05-2001,25.204999923706055,25.325000762939453,1441800,25.600000381469727,25.450000762939453,11.2383451461792
25-05-2001,25.100000381469727,25.424999237060547,1848000,25.424999237060547,25.174999237060547,11.116908073425293
29-05-2001,24.719999313354492,25.075000762939453,1690800,25.100000381469727,24.950000762939453,11.01755142211914
30-05-2001,24.940000534057617,24.94499969482422,1614000,25.299999237060547,25.200000762939453,11.127945899963379
31-05-2001,25.100000381469727,25.100000381469727,1779000,25.774999618530273,25.704999923706055,11.350947380065918
01-06-2001,25.260000228881836,25.600000381469727,1315800,25.700000762939453,25.524999618530273,11.271463394165039
04-06-2001,25.399999618530273,25.524999618530273,1212400,25.700000762939453,25.670000076293945,11.335492134094238
05-06-2001,25.264999389648438,25.75,7013000,25.75,25.290000915527344,11.167686462402344
06-06-2001,24.655000686645508,25.024999618530273,2177200,25.139999389648438,24.8799991607666,11.105196952819824
07-06-2001,24.100000381469727,24.8799991607666,2254200,24.885000228881836,24.260000228881836,10.828461647033691
08-06-2001,23.649999618530273,24.225000381469727,1227400,24.489999771118164,24.450000762939453,10.913267135620117
11-06-2001,24.5,24.5,1012400,24.940000534057617,24.725000381469727,11.036020278930664
12-06-2001,24.674999237060547,24.674999237060547,1202400,24.954999923706055,24.825000762939453,11.080649375915527
13-06-2001,24.25,24.825000762939453,1106200,24.989999771118164,24.3700008392334,10.877562522888184
14-06-2001,23.565000534057617,24.3700008392334,1205600,24.3700008392334,23.809999465942383,10.627606391906738
15-06-2001,23.5,23.5,2998000,24.665000915527344,24.34000015258789,10.864169120788574
18-06-2001,24.225000381469727,24.225000381469727,1498200,24.799999237060547,24.28499984741211,10.839620590209961
19-06-2001,24.299999237060547,24.325000762939453,787800,24.704999923706055,24.704999923706055,11.027091026306152
20-06-2001,24.270000457763672,24.75,1282200,24.985000610351562,24.575000762939453,10.969059944152832
21-06-2001,23.5,24.125,2432800,24.149999618530273,23.625,10.545031547546387
22-06-2001,23.309999465942383,23.5,1941400,23.799999237060547,23.645000457763672,10.553955078125
25-06-2001,23.43000030517578,23.674999237060547,1330800,23.799999237060547,23.454999923706055,10.469152450561523
26-06-2001,23.190000534057617,23.469999313354492,1298200,23.979999542236328,23.950000762939453,10.690093040466309
27-06-2001,24.0,24.024999618530273,1146600,24.600000381469727,24.350000381469727,10.868634223937988
28-06-2001,24.264999389648438,24.399999618530273,1395000,24.674999237060547,24.309999465942383,10.850781440734863
29-06-2001,24.049999237060547,24.325000762939453,1004000,24.450000762939453,24.450000762939453,10.913267135620117
02-07-2001,24.350000381469727,24.450000762939453,982400,24.924999237060547,24.829999923706055,11.08288288116455
03-07-2001,24.635000228881836,24.725000381469727,393800,24.985000610351562,24.684999465942383,11.018163681030273
05-07-2001,24.5049991607666,24.674999237060547,1142200,24.850000381469727,24.764999389648438,11.053872108459473
06-07-2001,24.6200008392334,24.799999237060547,891200,24.920000076293945,24.700000762939453,11.024861335754395
09-07-2001,24.625,24.899999618530273,784200,24.9950008392334,24.834999084472656,11.085110664367676
10-07-2001,24.78499984741211,24.850000381469727,775400,25.0,24.954999923706055,11.138677597045898
11-07-2001,24.454999923706055,24.954999923706055,787600,24.9950008392334,24.53499984741211,10.95120906829834
12-07-2001,24.125,24.450000762939453,1041200,24.450000762939453,24.145000457763672,10.77713394165039
13-07-2001,23.795000076293945,24.149999618530273,858600,24.299999237060547,23.924999237060547,10.678939819335938
16-07-2001,23.864999771118164,23.934999465942383,1038800,24.299999237060547,23.889999389648438,10.663315773010254
17-07-2001,23.71500015258789,23.899999618530273,1112400,24.049999237060547,23.84000015258789,10.640995979309082
18-07-2001,23.575000762939453,23.850000381469727,754400,24.094999313354492,23.645000457763672,10.553955078125
19-07-2001,23.524999618530273,23.7450008392334,518800,23.850000381469727,23.735000610351562,10.594130516052246
20-07-2001,22.924999237060547,23.799999237060547,1996800,23.899999618530273,23.09000015258789,10.306234359741211
23-07-2001,22.100000381469727,23.125,1448400,23.174999237060547,22.2450008392334,9.929071426391602
24-07-2001,20.75,21.625,2876000,21.649999618530273,21.43000030517578,9.565296173095703
25-07-2001,21.200000762939453,21.420000076293945,1913800,22.625,22.6200008392334,10.096451759338379
26-07-2001,22.399999618530273,22.450000762939453,1679200,23.21500015258789,23.104999542236328,10.312931060791016
27-07-2001,22.405000686645508,23.104999542236328,1034600,23.200000762939453,22.9950008392334,10.263829231262207
30-07-2001,22.450000762939453,22.950000762939453,1608200,23.389999389648438,23.325000762939453,10.411126136779785
31-07-2001,22.829999923706055,23.325000762939453,1415400,23.469999313354492,23.399999618530273,10.444601058959961
01-08-2001,22.959999084472656,23.309999465942383,827600,23.600000381469727,23.594999313354492,10.531643867492676
02-08-2001,23.34000015258789,23.709999084472656,669200,23.950000762939453,23.829999923706055,10.636531829833984
03-08-2001,23.549999237060547,23.799999237060547,926000,24.065000534057617,23.860000610351562,10.64992618560791
06-08-2001,23.100000381469727,23.25,1172400,23.450000762939453,23.309999465942383,10.40442943572998
07-08-2001,23.25,23.315000534057617,564800,23.649999618530273,23.389999389648438,10.440135955810547
08-08-2001,22.809999465942383,23.299999237060547,1077000,23.375,22.844999313354492,10.196879386901855
09-08-2001,22.69499969482422,22.774999618530273,710800,23.100000381469727,23.030000686645508,10.279450416564941
10-08-2001,22.68000030517578,23.024999618530273,863200,23.325000762939453,23.094999313354492,10.308465957641602
13-08-2001,22.764999389648438,23.09000015258789,758000,23.225000381469727,22.764999389648438,10.161172866821289
14-08-2001,22.639999389648438,22.665000915527344,796200,23.084999084472656,22.969999313354492,10.25267505645752
15-08-2001,22.625,23.0,857600,23.174999237060547,22.770000457763672,10.16340160369873
16-08-2001,22.71500015258789,22.770000457763672,921000,23.204999923706055,23.190000534057617,10.350868225097656
17-08-2001,22.899999618530273,22.950000762939453,701600,23.25,23.0,10.266058921813965
20-08-2001,23.014999389648438,23.075000762939453,442200,23.350000381469727,23.290000915527344,10.39550495147705
21-08-2001,23.065000534057617,23.290000915527344,536600,23.43000030517578,23.110000610351562,10.31516170501709
22-08-2001,23.049999237060547,23.114999771118164,576400,23.540000915527344,23.350000381469727,10.422283172607422
23-08-2001,23.299999237060547,23.354999542236328,690000,23.549999237060547,23.524999618530273,10.500396728515625
24-08-2001,23.565000534057617,23.575000762939453,1037200,23.739999771118164,23.700000762939453,10.578502655029297
27-08-2001,23.815000534057617,23.825000762939453,688400,24.075000762939453,23.875,10.656620025634766
28-08-2001,23.674999237060547,23.674999237060547,1211000,23.950000762939453,23.7549991607666,10.603055953979492
29-08-2001,23.614999771118164,23.7549991607666,814600,23.81999969482422,23.690000534057617,10.57404613494873
30-08-2001,23.299999237060547,23.690000534057617,816000,23.735000610351562,23.405000686645508,10.446837425231934
31-08-2001,23.149999618530273,23.405000686645508,617000,23.524999618530273,23.149999618530273,10.333009719848633
04-09-2001,23.100000381469727,23.149999618530273,1204000,23.46500015258789,23.344999313354492,10.420052528381348
05-09-2001,22.75,23.100000381469727,1364600,23.174999237060547,22.975000381469727,10.374892234802246
06-09-2001,22.93000030517578,22.975000381469727,1206200,23.264999389648438,23.184999465942383,10.46972942352295
07-09-2001,22.895000457763672,23.049999237060547,1146600,23.239999771118164,22.895000457763672,10.33876895904541
10-09-2001,22.469999313354492,22.895000457763672,1265800,23.014999389648438,22.645000457763672,10.225874900817871
17-09-2001,22.075000762939453,22.524999618530273,1482800,22.75,22.645000457763672,10.225874900817871
18-09-2001,22.19499969482422,22.415000915527344,744200,22.75,22.649999618530273,10.228137969970703
19-09-2001,22.235000610351562,22.649999618530273,1695200,22.899999618530273,22.25,10.047507286071777
20-09-2001,21.875,22.225000381469727,1912000,22.350000381469727,22.0,9.934612274169922
21-09-2001,21.274999618530273,21.75,1566400,21.850000381469727,21.5,9.708821296691895
24-09-2001,21.06999969482422,21.5,1135600,21.5,21.075000762939453,9.516904830932617
25-09-2001,20.75,21.149999618530273,1317800,21.200000762939453,20.969999313354492,9.469493865966797
26-09-2001,20.575000762939453,20.8799991607666,2134200,21.100000381469727,20.719999313354492,9.356595039367676
27-09-2001,20.104999542236328,20.719999313354492,1938800,20.719999313354492,20.575000762939453,9.291117668151855
28-09-2001,20.665000915527344,20.75,1055200,21.274999618530273,21.274999618530273,9.607217788696289
01-10-2001,21.0,21.399999618530273,1028600,21.475000381469727,21.434999465942383,9.679473876953125
02-10-2001,21.299999237060547,21.385000228881836,1347800,21.690000534057617,21.5,9.708821296691895
03-10-2001,21.584999084472656,21.600000381469727,1569600,22.0,21.799999237060547,9.844297409057617
04-10-2001,21.549999237060547,21.899999618530273,1078600,22.100000381469727,21.8700008392334,9.875908851623535
05-10-2001,21.690000534057617,21.825000762939453,1067600,22.100000381469727,22.059999465942383,9.961705207824707
08-10-2001,21.729999542236328,21.950000762939453,542000,22.010000228881836,21.799999237060547,9.844297409057617
09-10-2001,21.174999237060547,21.799999237060547,671600,21.799999237060547,21.290000915527344,9.613994598388672
10-10-2001,20.934999465942383,21.325000762939453,959000,21.350000381469727,21.25,9.595932006835938
11-10-2001,20.924999237060547,21.25,894000,21.350000381469727,20.950000762939453,9.460455894470215
12-10-2001,20.71500015258789,20.950000762939453,906000,20.985000610351562,20.899999618530273,9.437880516052246
15-10-2001,20.649999618530273,20.950000762939453,759600,21.125,20.7549991607666,9.372401237487793
16-10-2001,20.850000381469727,20.854999542236328,737200,21.21500015258789,21.135000228881836,9.544000625610352
17-10-2001,20.975000381469727,21.325000762939453,798200,21.325000762939453,21.0049991607666,9.485292434692383
18-10-2001,20.549999237060547,20.950000762939453,574200,21.040000915527344,20.549999237060547,9.279827117919922
19-10-2001,20.459999084472656,20.549999237060547,586800,20.969999313354492,20.799999237060547,9.392719268798828
22-10-2001,20.520000457763672,20.799999237060547,781400,20.799999237060547,20.649999618530273,9.32498550415039
23-10-2001,19.950000762939453,20.524999618530273,1194000,20.545000076293945,20.0,9.031464576721191
24-10-2001,19.594999313354492,19.950000762939453,1321400,19.989999771118164,19.739999771118164,8.914054870605469
25-10-2001,19.645000457763672,19.690000534057617,1204600,20.059999465942383,20.0049991607666,9.033726692199707
26-10-2001,19.530000686645508,20.075000762939453,1390400,20.09000015258789,19.825000762939453,8.952439308166504
29-10-2001,19.649999618530273,19.799999237060547,1415800,20.065000534057617,19.950000762939453,9.008889198303223
30-10-2001,19.350000381469727,19.799999237060547,1394800,19.825000762939453,19.350000381469727,8.73794174194336
31-10-2001,19.350000381469727,19.350000381469727,1462200,19.690000534057617,19.68000030517578,8.886961936950684
01-11-2001,19.575000762939453,19.760000228881836,1489400,20.024999618530273,19.8700008392334,8.972762107849121
02-11-2001,19.475000381469727,19.770000457763672,826400,19.915000915527344,19.725000381469727,8.907280921936035
05-11-2001,19.829999923706055,19.850000381469727,1376600,20.55500030517578,20.55500030517578,9.282088279724121
06-11-2001,20.399999618530273,20.450000762939453,1255400,20.719999313354492,20.684999465942383,9.340790748596191
07-11-2001,20.56999969482422,20.700000762939453,1096800,20.850000381469727,20.649999618530273,9.32498550415039
08-11-2001,20.649999618530273,20.649999618530273,1018200,21.104999542236328,21.0,9.483037948608398
09-11-2001,20.915000915527344,21.024999618530273,911600,21.219999313354492,21.100000381469727,9.528196334838867
12-11-2001,20.725000381469727,21.049999237060547,799800,21.049999237060547,20.940000534057617,9.45594596862793
13-11-2001,20.5,20.899999618530273,1578000,20.950000762939453,20.635000228881836,9.318218231201172
14-11-2001,20.1200008392334,20.735000610351562,1988000,20.735000610351562,20.1299991607666,9.090170860290527
15-11-2001,19.700000762939453,20.200000762939453,2221000,20.299999237060547,19.774999618530273,8.92986011505127
16-11-2001,19.774999618530273,19.774999618530273,1152800,20.09000015258789,20.0049991607666,9.033726692199707
19-11-2001,19.524999618530273,20.024999618530273,931000,20.045000076293945,19.719999313354492,8.905025482177734
20-11-2001,19.7549991607666,19.799999237060547,1076400,20.5,20.399999618530273,9.212092399597168
21-11-2001,19.875,20.375,799000,20.399999618530273,20.110000610351562,9.081137657165527
23-11-2001,20.045000076293945,20.184999465942383,382600,20.5,20.4950008392334,9.25499439239502
26-11-2001,20.170000076293945,20.4950008392334,878400,20.4950008392334,20.270000457763672,9.153390884399414
27-11-2001,20.03499984741211,20.270000457763672,1014200,20.59000015258789,20.395000457763672,9.20983600616455
28-11-2001,20.0,20.399999618530273,737800,20.440000534057617,20.0,9.031464576721191
29-11-2001,19.725000381469727,20.0,897600,20.25,20.149999618530273,9.099200248718262
30-11-2001,20.149999618530273,20.149999618530273,1117800,20.385000228881836,20.274999618530273,9.155645370483398
03-12-2001,20.125,20.270000457763672,1033400,20.475000381469727,20.3799991607666,9.203065872192383
04-12-2001,20.30500030517578,20.3799991607666,1059800,20.670000076293945,20.655000686645508,9.327249526977539
05-12-2001,20.450000762939453,20.510000228881836,1315800,20.649999618530273,20.549999237060547,9.402737617492676
06-12-2001,20.225000381469727,20.549999237060547,928000,20.559999465942383,20.274999618530273,9.276914596557617
07-12-2001,20.200000762939453,20.25,1036200,20.7450008392334,20.725000381469727,9.48281478881836
10-12-2001,20.325000762939453,20.549999237060547,747400,20.575000762939453,20.43000030517578,9.3478364944458
11-12-2001,20.010000228881836,20.43000030517578,1121200,20.434999465942383,20.024999618530273,9.162525177001953
12-12-2001,19.829999923706055,20.030000686645508,1838600,20.399999618530273,20.389999389648438,9.329529762268066
13-12-2001,20.174999237060547,20.395000457763672,998800,20.700000762939453,20.350000381469727,9.311225891113281
14-12-2001,20.014999389648438,20.200000762939453,907400,20.31999969482422,20.28499984741211,9.281489372253418
17-12-2001,19.774999618530273,20.239999771118164,722400,20.260000228881836,19.94499969482422,9.125921249389648
18-12-2001,19.915000915527344,19.950000762939453,625600,20.389999389648438,20.389999389648438,9.329529762268066
19-12-2001,20.139999389648438,20.264999389648438,734600,21.059999465942383,20.975000381469727,9.597206115722656
20-12-2001,20.549999237060547,21.024999618530273,799000,21.045000076293945,21.024999618530273,9.620077133178711
21-12-2001,20.649999618530273,21.049999237060547,1362600,21.049999237060547,20.649999618530273,9.448495864868164
24-12-2001,20.524999618530273,20.524999618530273,398800,20.924999237060547,20.649999618530273,9.448495864868164
26-12-2001,20.674999237060547,20.700000762939453,925200,21.290000915527344,20.950000762939453,9.585759162902832
27-12-2001,20.924999237060547,20.954999923706055,821200,21.219999313354492,21.079999923706055,9.645241737365723
28-12-2001,20.799999237060547,21.079999923706055,1513200,21.229999542236328,21.18000030517578,9.690997123718262
31-12-2001,20.950000762939453,21.200000762939453,1163800,21.295000076293945,21.094999313354492,9.652104377746582
02-01-2002,20.719999313354492,21.125,1827800,21.6200008392334,21.53499984741211,9.853438377380371
03-01-2002,21.110000610351562,21.584999084472656,945800,21.584999084472656,21.309999465942383,9.750483512878418
04-01-2002,20.764999389648438,21.25,1041800,21.25,20.969999313354492,9.594918251037598
07-01-2002,20.799999237060547,20.969999313354492,829400,21.079999923706055,20.969999313354492,9.594918251037598
08-01-2002,20.395000457763672,20.5,1858800,20.700000762939453,20.440000534057617,9.352413177490234
09-01-2002,20.329999923706055,20.450000762939453,873800,20.59000015258789,20.389999389648438,9.329529762268066
10-01-2002,20.235000610351562,20.364999771118164,737200,20.524999618530273,20.420000076293945,9.343262672424316
11-01-2002,20.239999771118164,20.420000076293945,1658200,20.530000686645508,20.239999771118164,9.260896682739258
14-01-2002,20.229999542236328,20.25,1036000,20.639999389648438,20.510000228881836,9.384440422058105
15-01-2002,20.549999237060547,20.575000762939453,1056800,20.829999923706055,20.700000762939453,9.471378326416016
16-01-2002,20.56999969482422,20.639999389648438,2732400,20.764999389648438,20.584999084472656,9.418753623962402
17-01-2002,20.424999237060547,20.59000015258789,1920200,20.799999237060547,20.545000076293945,9.400453567504883
18-01-2002,20.459999084472656,20.5,909000,20.674999237060547,20.5,9.379863739013672
22-01-2002,20.424999237060547,20.5049991607666,1137400,20.55500030517578,20.450000762939453,9.356985092163086
23-01-2002,20.450000762939453,20.450000762939453,880000,20.75,20.71500015258789,9.478239059448242
24-01-2002,20.65999984741211,20.774999618530273,2015600,21.0,20.969999313354492,9.594918251037598
25-01-2002,20.93000030517578,21.049999237060547,2099800,21.299999237060547,21.209999084472656,9.704726219177246
28-01-2002,21.0049991607666,21.149999618530273,750000,21.280000686645508,21.174999237060547,9.688715934753418
29-01-2002,20.7549991607666,21.299999237060547,944200,21.344999313354492,20.760000228881836,9.498828887939453
30-01-2002,20.5,20.725000381469727,1103200,21.09000015258789,20.940000534057617,9.58119010925293
31-01-2002,20.825000762939453,20.899999618530273,953000,21.18000030517578,21.040000915527344,9.62694263458252
01-02-2002,20.93000030517578,21.024999618530273,619000,21.329999923706055,21.2450008392334,9.720743179321289
04-02-2002,20.950000762939453,21.200000762939453,1047600,21.225000381469727,21.0,9.608640670776367
05-02-2002,20.93000030517578,21.125,1652000,21.295000076293945,21.2450008392334,9.720743179321289
06-02-2002,21.010000228881836,21.274999618530273,1749000,21.389999389648438,21.155000686645508,9.679556846618652
07-02-2002,20.924999237060547,21.155000686645508,1328400,21.270000457763672,20.950000762939453,9.585759162902832
08-02-2002,20.334999084472656,20.5,2800800,20.809999465942383,20.5,9.379863739013672
11-02-2002,20.260000228881836,20.5,1049200,20.815000534057617,20.68000030517578,9.462223052978516
12-02-2002,20.725000381469727,20.725000381469727,1254000,21.174999237060547,21.045000076293945,9.629234313964844
13-02-2002,21.0,21.100000381469727,660400,21.350000381469727,21.280000686645508,9.7367582321167
14-02-2002,21.125,21.350000381469727,937400,21.40999984741211,21.329999923706055,9.759635925292969
15-02-2002,21.06999969482422,21.329999923706055,952400,21.40999984741211,21.18000030517578,9.690997123718262
19-02-2002,20.8799991607666,21.0,1546600,21.114999771118164,20.90999984741211,9.567463874816895
20-02-2002,20.600000381469727,20.950000762939453,913400,21.075000762939453,21.024999618530273,9.620077133178711
21-02-2002,20.899999618530273,21.030000686645508,991400,21.2450008392334,20.959999084472656,9.590339660644531
22-02-2002,20.700000762939453,20.924999237060547,703200,21.25,21.190000534057617,9.695577621459961
25-02-2002,20.924999237060547,21.190000534057617,979600,21.280000686645508,21.100000381469727,9.654396057128906
26-02-2002,21.075000762939453,21.1200008392334,826400,21.239999771118164,21.184999465942383,9.693288803100586
27-02-2002,21.110000610351562,21.174999237060547,1317000,21.5,21.270000457763672,9.732182502746582
28-02-2002,21.049999237060547,21.270000457763672,1079600,21.30500030517578,21.084999084472656,9.647530555725098
01-03-2002,21.049999237060547,21.084999084472656,1749400,21.2450008392334,21.2450008392334,9.720743179321289
04-03-2002,21.229999542236328,21.290000915527344,1448800,21.809999465942383,21.799999237060547,9.974684715270996
05-03-2002,21.75,21.75,1003400,21.96500015258789,21.950000762939453,10.043317794799805
06-03-2002,21.565000534057617,21.950000762939453,1507600,22.075000762939453,22.024999618530273,10.20313835144043
07-03-2002,21.899999618530273,22.024999618530273,1624800,22.114999771118164,21.989999771118164,10.18692684173584
08-03-2002,21.815000534057617,22.049999237060547,1380800,22.155000686645508,21.950000762939453,10.168396949768066
11-03-2002,21.94499969482422,22.075000762939453,1058800,22.209999084472656,22.1200008392334,10.247152328491211
12-03-2002,21.915000915527344,22.049999237060547,678200,22.145000457763672,21.940000534057617,10.163763999938965
13-03-2002,21.860000610351562,21.940000534057617,436600,21.9950008392334,21.905000686645508,10.14754867553711
14-03-2002,21.905000686645508,21.905000686645508,518200,22.100000381469727,22.049999237060547,10.2147216796875
15-03-2002,22.094999313354492,22.25,1268400,22.334999084472656,22.114999771118164,10.24483585357666
18-03-2002,21.80500030517578,21.950000762939453,619400,22.235000610351562,22.18000030517578,10.274943351745605
19-03-2002,22.219999313354492,22.2450008392334,623200,22.475000381469727,22.315000534057617,10.337484359741211
20-03-2002,22.049999237060547,22.30500030517578,1027200,22.475000381469727,22.43000030517578,10.390759468078613
21-03-2002,22.329999923706055,22.43000030517578,976600,22.895000457763672,22.854999542236328,10.587642669677734
22-03-2002,22.75,22.799999237060547,1777600,23.399999618530273,23.184999465942383,10.740517616271973
25-03-2002,22.924999237060547,23.190000534057617,1393400,23.295000076293945,23.094999313354492,10.69881820678711
26-03-2002,22.649999618530273,23.094999313354492,1295800,23.18000030517578,22.704999923706055,10.518150329589844
27-03-2002,22.700000762939453,22.725000381469727,1063000,22.975000381469727,22.850000381469727,10.585326194763184
28-03-2002,22.674999237060547,22.975000381469727,830800,23.045000076293945,22.899999618530273,10.60848617553711
01-04-2002,22.6299991607666,22.774999618530273,2415200,22.774999618530273,22.674999237060547,10.504254341125488
02-04-2002,22.729999542236328,22.75,1127200,22.899999618530273,22.799999237060547,10.562166213989258
03-04-2002,22.5,22.725000381469727,1060600,22.75,22.53499984741211,10.439399719238281
04-04-2002,22.399999618530273,22.549999237060547,1262200,22.7450008392334,22.55500030517578,10.448668479919434
05-04-2002,22.344999313354492,22.600000381469727,894200,22.665000915527344,22.3799991607666,10.367592811584473
08-04-2002,22.25,22.385000228881836,631400,22.479999542236328,22.434999465942383,10.39306926727295
09-04-2002,22.25,22.450000762939453,509200,22.5,22.25,10.307373046875
10-04-2002,22.184999465942383,22.21500015258789,716800,22.719999313354492,22.700000762939453,10.515839576721191
11-04-2002,22.350000381469727,22.649999618530273,725800,22.71500015258789,22.350000381469727,10.353700637817383
12-04-2002,22.165000915527344,22.350000381469727,1264000,22.389999389648438,22.31999969482422,10.339801788330078
15-04-2002,22.075000762939453,22.315000534057617,680000,22.315000534057617,22.100000381469727,10.237881660461426
16-04-2002,22.075000762939453,22.200000762939453,1176800,22.5,22.459999084472656,10.40464973449707
17-04-2002,22.25,22.375,1572200,22.895000457763672,22.885000228881836,10.601542472839355
18-04-2002,22.850000381469727,22.850000381469727,1540600,23.5,23.165000915527344,10.731247901916504
19-04-2002,23.0049991607666,23.149999618530273,869400,23.225000381469727,23.165000915527344,10.731247901916504
22-04-2002,23.149999618530273,23.200000762939453,508600,23.364999771118164,23.235000610351562,10.763671875
23-04-2002,23.274999618530273,23.30500030517578,981600,23.4950008392334,23.395000457763672,10.837796211242676
24-04-2002,23.290000915527344,23.399999618530273,1066200,23.625,23.3700008392334,10.826212882995605
25-04-2002,22.899999618530273,23.299999237060547,1499000,23.325000762939453,23.0,10.654808044433594
26-04-2002,22.6299991607666,22.9950008392334,742000,23.0,22.690000534057617,10.511205673217773
29-04-2002,22.5049991607666,22.69499969482422,762000,22.975000381469727,22.905000686645508,10.610804557800293
30-04-2002,22.979999542236328,23.190000534057617,1397600,23.25,23.174999237060547,10.735881805419922
01-05-2002,23.059999465942383,23.174999237060547,1148200,23.329999923706055,23.274999618530273,10.782204627990723
02-05-2002,22.899999618530273,23.149999618530273,1523600,23.155000686645508,23.0,10.654808044433594
03-05-2002,22.75,22.75,859600,23.219999313354492,23.079999923706055,10.691869735717773
06-05-2002,23.0,23.149999618530273,522200,23.2450008392334,23.094999313354492,10.69881820678711
07-05-2002,22.950000762939453,23.100000381469727,768400,23.149999618530273,22.959999084472656,10.63628101348877
08-05-2002,22.7450008392334,23.0,859600,23.25,23.19499969482422,10.745145797729492
09-05-2002,22.875,23.149999618530273,1069000,23.270000457763672,22.954999923706055,10.633965492248535
10-05-2002,22.6200008392334,22.950000762939453,1406200,23.19499969482422,22.885000228881836,10.601542472839355
13-05-2002,22.6299991607666,22.860000610351562,889200,23.104999542236328,23.100000381469727,10.701139450073242
14-05-2002,23.0,23.075000762939453,818000,23.280000686645508,23.225000381469727,10.75904369354248
15-05-2002,22.94499969482422,23.229999542236328,729000,23.2450008392334,22.96500015258789,10.638601303100586
16-05-2002,22.25,22.950000762939453,1028200,22.96500015258789,22.5,10.423185348510742
17-05-2002,21.700000762939453,22.475000381469727,1566600,22.475000381469727,22.270000457763672,10.316635131835938
20-05-2002,22.190000534057617,22.200000762939453,897800,22.799999237060547,22.670000076293945,10.501934051513672
21-05-2002,22.5,22.524999618530273,847200,22.875,22.780000686645508,10.552894592285156
22-05-2002,22.780000686645508,22.780000686645508,924200,23.2450008392334,23.235000610351562,10.763671875
23-05-2002,23.280000686645508,23.299999237060547,894400,23.5,23.450000762939453,10.863272666931152
24-05-2002,23.184999465942383,23.4950008392334,894400,23.610000610351562,23.405000686645508,10.842432975769043
28-05-2002,23.155000686645508,23.405000686645508,744600,23.405000686645508,23.260000228881836,10.775256156921387
29-05-2002,22.915000915527344,23.110000610351562,621600,23.145000457763672,23.0,10.654808044433594
30-05-2002,22.674999237060547,23.0,989600,23.100000381469727,22.8799991607666,10.59921646118164
31-05-2002,22.600000381469727,22.850000381469727,1328400,22.864999771118164,22.639999389648438,10.488043785095215
03-06-2002,22.149999618530273,22.600000381469727,1294200,22.625,22.184999465942383,10.277263641357422
04-06-2002,22.149999618530273,22.184999465942383,1226800,22.489999771118164,22.290000915527344,10.325899124145508
05-06-2002,21.665000915527344,22.100000381469727,1538200,22.100000381469727,21.8700008392334,10.255563735961914
06-06-2002,21.3700008392334,21.875,1107800,21.875,21.44499969482422,10.056266784667969
07-06-2002,21.239999771118164,21.424999237060547,1077000,21.579999923706055,21.440000534057617,10.053919792175293
10-06-2002,21.274999618530273,21.350000381469727,1109000,21.545000076293945,21.46500015258789,10.065642356872559
11-06-2002,21.5049991607666,21.690000534057617,1569200,21.934999465942383,21.55500030517578,10.107850074768066
12-06-2002,21.600000381469727,21.674999237060547,1326000,21.864999771118164,21.725000381469727,10.18757152557373
13-06-2002,21.725000381469727,21.725000381469727,856000,22.045000076293945,21.834999084472656,10.239152908325195
14-06-2002,21.399999618530273,21.834999084472656,1115600,21.850000381469727,21.600000381469727,10.128950119018555
17-06-2002,21.454999923706055,21.604999542236328,643400,21.96500015258789,21.94499969482422,10.290729522705078
18-06-2002,21.905000686645508,21.94499969482422,1155000,22.1299991607666,21.950000762939453,10.293081283569336
19-06-2002,21.5,21.899999618530273,1211200,22.049999237060547,21.55500030517578,10.107850074768066
20-06-2002,21.385000228881836,21.55500030517578,884800,21.7450008392334,21.475000381469727,10.070329666137695
21-06-2002,21.049999237060547,21.049999237060547,1745800,21.59000015258789,21.399999618530273,10.035161972045898
24-06-2002,21.114999771118164,21.420000076293945,926400,21.450000762939453,21.18000030517578,9.93199634552002
25-06-2002,20.950000762939453,21.280000686645508,1252800,21.454999923706055,20.9950008392334,9.845246315002441
26-06-2002,20.649999618530273,20.9950008392334,1440000,21.145000457763672,21.1200008392334,9.903862953186035
27-06-2002,20.905000686645508,21.174999237060547,1232000,21.329999923706055,21.280000686645508,9.97889232635498
28-06-2002,21.239999771118164,21.299999237060547,1052200,21.670000076293945,21.649999618530273,10.152396202087402
01-07-2002,21.299999237060547,21.75,866800,21.75,21.30500030517578,9.990614891052246
02-07-2002,20.7549991607666,21.30500030517578,726000,21.329999923706055,20.844999313354492,9.774904251098633
03-07-2002,20.600000381469727,20.84000015258789,749600,21.049999237060547,20.739999771118164,9.725669860839844
05-07-2002,20.424999237060547,20.725000381469727,311200,20.895000457763672,20.875,9.788970947265625
08-07-2002,20.334999084472656,20.950000762939453,1167400,21.024999618530273,20.524999618530273,9.624849319458008
09-07-2002,19.53499984741211,20.549999237060547,3491200,20.639999389648438,19.56999969482422,9.177017211914062
10-07-2002,18.0,19.5,3268800,19.5049991607666,18.06999969482422,8.473614692687988
11-07-2002,17.75,17.950000762939453,4297200,18.665000915527344,18.600000381469727,8.722151756286621
12-07-2002,18.0049991607666,18.450000762939453,1811200,18.454999923706055,18.065000534057617,8.471270561218262
15-07-2002,16.924999237060547,17.950000762939453,2937200,18.760000228881836,18.75,8.792491912841797
16-07-2002,18.079999923706055,18.600000381469727,1867000,18.895000457763672,18.079999923706055,8.478301048278809
17-07-2002,17.5,18.049999237060547,3595000,18.405000686645508,17.559999465942383,8.23445987701416
18-07-2002,16.875,17.524999618530273,1956200,17.575000762939453,16.889999389648438,7.920273303985596
19-07-2002,15.5649995803833,16.625,2903400,16.625,15.619999885559082,7.324732780456543
22-07-2002,14.875,15.5,3571000,15.734999656677246,15.335000038146973,7.191082000732422
23-07-2002,14.364999771118164,15.399999618530273,3774200,15.75,14.399999618530273,6.752631664276123
24-07-2002,14.0,14.25,3856800,15.505000114440918,15.399999618530273,7.221569061279297
25-07-2002,15.324999809265137,15.404999732971191,3955400,16.399999618530273,15.835000038146973,7.4255523681640625
26-07-2002,15.630000114440918,15.75,1774800,16.049999237060547,15.954999923706055,7.481821537017822
29-07-2002,15.600000381469727,15.854999542236328,1870400,16.100000381469727,15.869999885559082,7.441963195800781
30-07-2002,15.630000114440918,15.649999618530273,3142400,17.149999618530273,17.1200008392334,8.028131484985352
31-07-2002,16.25,17.125,2529400,17.450000762939453,17.274999618530273,8.100813865661621
01-08-2002,16.549999237060547,17.274999618530273,1764400,17.325000762939453,16.735000610351562,7.847593307495117
02-08-2002,16.149999618530273,16.834999084472656,1479400,16.834999084472656,16.350000381469727,7.66705322265625
05-08-2002,16.200000762939453,16.399999618530273,1421200,16.71500015258789,16.2450008392334,7.617815017700195
06-08-2002,16.450000762939453,16.5,1165800,16.950000762939453,16.809999465942383,7.8827619552612305
07-08-2002,16.649999618530273,17.075000762939453,1634200,17.149999618530273,17.135000228881836,8.035164833068848
08-08-2002,16.905000686645508,17.010000228881836,1962800,17.295000076293945,17.125,8.030474662780762
09-08-2002,16.924999237060547,17.024999618530273,1353600,17.360000610351562,17.135000228881836,8.035164833068848
12-08-2002,16.975000381469727,17.010000228881836,1297200,17.670000076293945,17.549999237060547,8.229774475097656
13-08-2002,16.899999618530273,17.5,1611400,17.5,16.915000915527344,7.932002544403076
14-08-2002,16.829999923706055,17.040000915527344,2135000,17.600000381469727,17.579999923706055,8.243839263916016
15-08-2002,17.149999618530273,17.600000381469727,1667200,17.704999923706055,17.30500030517578,8.114883422851562
16-08-2002,17.0,17.25,1056200,17.350000381469727,17.239999771118164,8.084405899047852
19-08-2002,17.200000762939453,17.239999771118164,1105200,17.575000762939453,17.475000381469727,8.194604873657227
20-08-2002,17.264999389648438,17.479999542236328,1163200,17.700000762939453,17.469999313354492,8.192255020141602
21-08-2002,17.450000762939453,17.594999313354492,1302000,18.110000610351562,18.110000610351562,8.492372512817383
22-08-2002,18.05500030517578,18.110000610351562,1540000,18.475000381469727,18.40999984741211,8.633054733276367
23-08-2002,18.049999237060547,18.415000915527344,1219400,18.415000915527344,18.049999237060547,8.464237213134766
26-08-2002,18.05500030517578,18.05500030517578,952000,18.350000381469727,18.295000076293945,8.579122543334961
27-08-2002,18.149999618530273,18.325000762939453,1528400,18.440000534057617,18.200000762939453,8.534578323364258
28-08-2002,18.075000762939453,18.200000762939453,1343000,18.329999923706055,18.139999389648438,8.506440162658691
29-08-2002,17.704999923706055,18.125,2348000,18.1299991607666,17.725000381469727,8.311833381652832
30-08-2002,17.399999618530273,17.729999542236328,2234800,17.799999237060547,17.600000381469727,8.253215789794922
03-09-2002,16.559999465942383,16.600000381469727,5662000,16.975000381469727,16.790000915527344,7.873381614685059
04-09-2002,16.514999389648438,16.795000076293945,4203200,16.954999923706055,16.834999084472656,7.8944854736328125
05-09-2002,16.3799991607666,16.55500030517578,10116200,16.875,16.770000457763672,7.992181777954102
06-09-2002,16.94499969482422,16.950000762939453,7190200,17.184999465942383,17.125,8.161365509033203
09-09-2002,16.875,17.125,2351200,17.229999542236328,17.104999542236328,8.151835441589355
10-09-2002,16.670000076293945,17.0,4666000,17.0,16.69499969482422,7.95643949508667
11-09-2002,16.3700008392334,16.799999237060547,1647000,16.8700008392334,16.559999465942383,7.892101764678955
12-09-2002,16.114999771118164,16.5,2846200,16.5049991607666,16.149999618530273,7.6967058181762695
13-09-2002,16.100000381469727,16.100000381469727,1714200,16.440000534057617,16.375,7.803934097290039
16-09-2002,15.989999771118164,16.229999542236328,1904600,16.40999984741211,16.350000381469727,7.7920241355896
17-09-2002,15.505000114440918,16.450000762939453,2618000,16.475000381469727,15.53499984741211,7.4036102294921875
18-09-2002,15.484999656677246,15.5,4220600,16.09000015258789,15.920000076293945,7.587093353271484
19-09-2002,15.529999732971191,15.899999618530273,1198800,15.930000305175781,15.53499984741211,7.4036102294921875
20-09-2002,14.899999618530273,15.199999809265137,4112000,15.430000305175781,15.220000267028809,7.253488540649414
23-09-2002,14.899999618530273,15.225000381469727,1971600,15.324999809265137,15.045000076293945,7.170088768005371
24-09-2002,14.324999809265137,14.835000038146973,3856400,14.835000038146973,14.619999885559082,6.967544078826904
25-09-2002,14.664999961853027,14.925000190734863,2787200,15.25,15.069999694824219,7.182003021240234
26-09-2002,15.130000114440918,15.194999694824219,1971000,15.675000190734863,15.555000305175781,7.413144111633301
27-09-2002,14.904999732971191,15.555000305175781,3155600,15.574999809265137,15.024999618530273,7.160556793212891
30-09-2002,14.9399995803833,15.024999618530273,3189800,15.399999618530273,15.25,7.267787456512451
01-10-2002,15.095000267028809,15.524999618530273,2493200,15.734999656677246,15.5649995803833,7.41790771484375
02-10-2002,15.265000343322754,15.600000381469727,1789000,15.760000228881836,15.289999961853027,7.286850929260254
03-10-2002,15.074999809265137,15.414999961853027,1983200,15.635000228881836,15.199999809265137,7.243960857391357
04-10-2002,14.244999885559082,15.204999923706055,4587600,15.204999923706055,14.395000457763672,6.860315322875977
07-10-2002,14.324999809265137,14.375,2928600,14.875,14.385000228881836,6.855546474456787
08-10-2002,12.75,14.449999809265137,8201800,14.449999809265137,13.404999732971191,6.388504505157471
09-10-2002,12.100000381469727,13.0,9018600,13.199999809265137,12.324999809265137,5.873802185058594
10-10-2002,10.0,12.324999809265137,16238000,12.600000381469727,12.25,5.838057041168213
11-10-2002,12.1899995803833,12.625,7031600,13.505000114440918,12.574999809265137,5.992945671081543
14-10-2002,11.154999732971191,11.600000381469727,6801200,12.454999923706055,12.170000076293945,5.799932479858398
15-10-2002,11.880000114440918,12.170000076293945,5982800,12.354999542236328,11.989999771118164,5.714148998260498
16-10-2002,11.369999885559082,11.989999771118164,4991800,12.029999732971191,11.454999923706055,5.459178924560547
17-10-2002,10.625,11.449999809265137,9614200,11.550000190734863,10.880000114440918,5.185147762298584
18-10-2002,10.53499984741211,10.774999618530273,4783400,11.359999656677246,11.295000076293945,5.38292932510376
21-10-2002,11.345000267028809,11.420000076293945,5326000,12.194999694824219,12.15999984741211,5.795167446136475
22-10-2002,11.925000190734863,12.244999885559082,6198800,12.699999809265137,12.164999961853027,5.797548294067383
23-10-2002,11.9399995803833,12.199999809265137,3994800,12.375,11.979999542236328,5.709383964538574
24-10-2002,11.9350004196167,12.020000457763672,3937000,12.739999771118164,12.274999618530273,5.849973678588867
25-10-2002,11.765000343322754,12.274999618530273,2995600,12.279999732971191,12.229999542236328,5.828526020050049
28-10-2002,12.25,12.25,4434400,12.949999809265137,12.890000343322754,6.14306640625
29-10-2002,12.949999809265137,12.949999809265137,8434600,13.800000190734863,13.725000381469727,6.5410075187683105
30-10-2002,13.774999618530273,13.800000190734863,5417200,14.265000343322754,14.149999618530273,6.7435526847839355
31-10-2002,14.050000190734863,14.25,3849800,14.479999542236328,14.324999809265137,6.826954364776611
01-11-2002,14.114999771118164,14.199999809265137,2117000,14.449999809265137,14.359999656677246,6.843632698059082
04-11-2002,14.364999771118164,14.364999771118164,3271400,15.100000381469727,15.055000305175781,7.174858093261719
05-11-2002,14.6850004196167,15.0,2740400,15.074999809265137,14.899999618530273,7.100986957550049
06-11-2002,14.774999618530273,14.9399995803833,2924200,15.0,14.930000305175781,7.115281581878662
07-11-2002,13.90999984741211,14.850000381469727,4096600,14.850000381469727,14.199999809265137,6.76738166809082
08-11-2002,13.699999809265137,14.199999809265137,2555800,14.300000190734863,13.71500015258789,6.536243438720703
11-11-2002,13.319999694824219,13.720000267028809,2593200,13.795000076293945,13.670000076293945,6.514795780181885
12-11-2002,13.0600004196167,13.25,9585000,13.524999618530273,13.274999618530273,6.326550006866455
13-11-2002,13.274999618530273,13.279999732971191,11906600,13.635000228881836,13.635000228881836,6.498115539550781
14-11-2002,13.75,13.875,5143400,14.244999885559082,14.024999618530273,6.6839799880981445
15-11-2002,13.899999618530273,14.0,3412600,14.550000190734863,14.550000190734863,6.934188365936279
18-11-2002,14.125,14.475000381469727,3640600,14.550000190734863,14.274999618530273,6.803126335144043
19-11-2002,14.0600004196167,14.25,2228800,14.3100004196167,14.125,6.731637477874756
20-11-2002,14.104999542236328,14.25,1933200,14.444999694824219,14.444999694824219,6.8841423988342285
21-11-2002,14.345000267028809,14.444999694824219,1880400,14.579999923706055,14.375,6.85078239440918
22-11-2002,14.255000114440918,14.375,3894800,14.885000228881836,14.595000267028809,6.955625057220459
25-11-2002,14.300000190734863,14.595000267028809,2493400,15.0,14.760000228881836,7.034265041351318
26-11-2002,14.149999618530273,14.760000228881836,4426800,14.944999694824219,14.390000343322754,6.857930660247803
27-11-2002,14.425000190734863,14.614999771118164,2169800,14.859999656677246,14.774999618530273,7.041411876678467
29-11-2002,14.704999923706055,14.774999618530273,1490000,14.984999656677246,14.970000267028809,7.134346961975098
02-12-2002,14.614999771118164,14.880000114440918,2654800,15.005000114440918,14.765000343322754,7.036647319793701
03-12-2002,14.75,14.765000343322754,2135600,14.994999885559082,14.875,7.089071750640869
04-12-2002,14.59000015258789,14.824999809265137,4662200,15.09000015258789,14.649999618530273,6.981842994689941
05-12-2002,14.125,14.5,3105400,14.625,14.239999771118164,6.913867473602295
06-12-2002,13.944999694824219,14.210000038146973,1597400,14.300000190734863,14.300000190734863,6.942999839782715
09-12-2002,14.300000190734863,14.300000190734863,2008600,14.694999694824219,14.369999885559082,6.976987361907959
10-12-2002,14.260000228881836,14.449999809265137,1192200,14.550000190734863,14.550000190734863,7.064382553100586
11-12-2002,14.369999885559082,14.550000190734863,1788000,14.725000381469727,14.649999618530273,7.1129326820373535
12-12-2002,14.760000228881836,14.890000343322754,2712200,14.994999885559082,14.904999732971191,7.2367424964904785
13-12-2002,14.904999732971191,14.949999809265137,3101400,15.199999809265137,15.199999809265137,7.379970550537109
16-12-2002,15.074999809265137,15.199999809265137,2597200,15.5,15.484999656677246,7.51834774017334
17-12-2002,15.359999656677246,15.484999656677246,2327400,15.800000190734863,15.71500015258789,7.630017280578613
18-12-2002,15.675000190734863,15.699999809265137,2679400,15.895000457763672,15.795000076293945,7.668857097625732
19-12-2002,15.539999961853027,15.670000076293945,2975200,15.920000076293945,15.75,7.647007942199707
20-12-2002,15.850000381469727,15.875,4366400,16.139999389648438,16.125,7.829081058502197
23-12-2002,15.795000076293945,16.100000381469727,1876200,16.170000076293945,15.885000228881836,7.712555408477783
24-12-2002,15.850000381469727,15.899999618530273,705200,16.045000076293945,16.010000228881836,7.773244380950928
26-12-2002,15.835000038146973,16.010000228881836,2310000,16.190000534057617,15.875,7.707703590393066
27-12-2002,15.649999618530273,15.800000190734863,2089400,16.0,15.850000381469727,7.695563793182373
30-12-2002,15.800000190734863,15.975000381469727,2590600,16.045000076293945,16.0,7.768390655517578
31-12-2002,15.899999618530273,16.0,1604800,16.079999923706055,16.049999237060547,7.792669296264648
02-01-2003,16.045000076293945,16.200000762939453,3170400,16.5,16.489999771118164,8.006298065185547
03-01-2003,16.600000381469727,16.600000381469727,2571600,16.81999969482422,16.75,8.132535934448242
06-01-2003,17.0,17.0,6817800,18.104999542236328,18.059999465942383,8.768568992614746
07-01-2003,17.375,18.059999465942383,6824200,18.059999465942383,17.934999465942383,8.707886695861816
08-01-2003,17.809999465942383,17.934999465942383,3614400,18.350000381469727,18.184999465942383,8.829261779785156
09-01-2003,17.875,18.0,4324200,18.149999618530273,18.065000534057617,8.770999908447266
10-01-2003,17.649999618530273,17.875,3495200,18.1200008392334,18.06999969482422,8.77342700958252
13-01-2003,17.600000381469727,18.075000762939453,4204600,18.155000686645508,18.024999618530273,8.751577377319336
14-01-2003,17.80500030517578,18.0,3108400,18.225000381469727,18.200000762939453,8.836545944213867
15-01-2003,17.950000762939453,18.200000762939453,2362200,18.225000381469727,18.139999389648438,8.807415008544922
16-01-2003,18.045000076293945,18.174999237060547,1721600,18.309999465942383,18.1200008392334,8.79770565032959
17-01-2003,17.950000762939453,18.06999969482422,1913000,18.174999237060547,18.135000228881836,8.804986000061035
21-01-2003,17.75,18.200000762939453,2528800,18.31999969482422,17.829999923706055,8.656902313232422
22-01-2003,17.3799991607666,17.979999542236328,3322200,18.5,17.924999237060547,8.703023910522461
23-01-2003,17.799999237060547,17.81999969482422,2322200,18.149999618530273,17.875,8.678749084472656
24-01-2003,17.399999618530273,17.8799991607666,2732400,17.8799991607666,17.5,8.496676445007324
27-01-2003,16.93000030517578,17.375,3024800,17.424999237060547,17.100000381469727,8.302468299865723
28-01-2003,17.40999984741211,17.5,5098200,17.96500015258789,17.899999618530273,8.690885543823242
29-01-2003,17.4950008392334,17.75,3764200,17.899999618530273,17.69499969482422,8.591353416442871
30-01-2003,17.479999542236328,17.899999618530273,2534000,17.899999618530273,17.520000457763672,8.506386756896973
31-01-2003,17.31999969482422,17.5,2907400,17.844999313354492,17.639999389648438,8.564651489257812
03-02-2003,17.625,17.639999389648438,2292200,17.799999237060547,17.649999618530273,8.569504737854004
04-02-2003,17.149999618530273,17.600000381469727,3571000,17.600000381469727,17.155000686645508,8.329172134399414
05-02-2003,16.975000381469727,17.15999984741211,2484400,17.459999084472656,17.010000228881836,8.258772850036621
06-02-2003,17.059999465942383,17.059999465942383,3659400,17.459999084472656,17.315000534057617,8.406858444213867
07-02-2003,16.950000762939453,17.375,1643800,17.3799991607666,16.985000610351562,8.246628761291504
10-02-2003,17.135000228881836,17.325000762939453,3276200,17.405000686645508,17.290000915527344,8.394715309143066
11-02-2003,16.940000534057617,17.424999237060547,2223200,17.489999771118164,17.0,8.253918647766113
12-02-2003,16.364999771118164,17.0,3871600,17.1200008392334,16.3700008392334,7.948037147521973
13-02-2003,16.065000534057617,16.274999618530273,3747000,16.6299991607666,16.540000915527344,8.030573844909668
14-02-2003,16.524999618530273,16.549999237060547,2514200,16.924999237060547,16.8700008392334,8.190796852111816
18-02-2003,16.8700008392334,16.875,2098400,17.104999542236328,17.065000534057617,8.28547477722168
19-02-2003,16.825000762939453,17.065000534057617,3008800,17.239999771118164,16.985000610351562,8.246628761291504
20-02-2003,16.829999923706055,17.049999237060547,1833600,17.2549991607666,16.940000534057617,8.224782943725586
21-02-2003,16.924999237060547,17.049999237060547,2024800,17.3700008392334,17.239999771118164,8.370440483093262
24-02-2003,17.145000457763672,17.25,2906000,17.43000030517578,17.299999237060547,8.399574279785156
25-02-2003,17.274999618530273,17.274999618530273,3759800,17.59000015258789,17.5,8.496676445007324
26-02-2003,17.204999923706055,17.375,3143600,17.479999542236328,17.25,8.375299453735352
27-02-2003,17.235000610351562,17.350000381469727,3007000,17.4950008392334,17.420000076293945,8.457833290100098
28-02-2003,17.260000228881836,17.424999237060547,2537800,17.46500015258789,17.315000534057617,8.406858444213867
03-03-2003,17.315000534057617,17.415000915527344,2996800,17.53499984741211,17.354999542236328,8.426278114318848
04-03-2003,17.149999618530273,17.399999618530273,1922400,17.424999237060547,17.190000534057617,8.346163749694824
05-03-2003,17.0,17.19499969482422,2679800,17.30500030517578,17.100000381469727,8.302468299865723
06-03-2003,16.674999237060547,16.834999084472656,2545200,17.094999313354492,17.075000762939453,8.423328399658203
07-03-2003,16.854999542236328,17.03499984741211,1589800,17.1299991607666,17.03499984741211,8.403596878051758
10-03-2003,16.594999313354492,16.985000610351562,2286800,17.0,16.645000457763672,8.211204528808594
11-03-2003,16.690000534057617,16.770000457763672,1799000,16.975000381469727,16.735000610351562,8.25560474395752
12-03-2003,16.5,16.7450008392334,2822200,16.899999618530273,16.760000228881836,8.267932891845703
13-03-2003,16.809999465942383,16.924999237060547,2137600,17.09000015258789,17.084999084472656,8.428258895874023
14-03-2003,17.03499984741211,17.100000381469727,1931600,17.2450008392334,17.135000228881836,8.45293140411377
17-03-2003,17.184999465942383,17.235000610351562,3351600,17.489999771118164,17.415000915527344,8.591056823730469
18-03-2003,17.350000381469727,17.46500015258789,2875000,17.614999771118164,17.604999542236328,8.68478775024414
19-03-2003,17.614999771118164,17.774999618530273,2129200,17.885000228881836,17.780000686645508,8.771117210388184
20-03-2003,17.674999237060547,17.780000686645508,3443000,18.329999923706055,18.299999237060547,9.027639389038086
21-03-2003,18.2549991607666,18.350000381469727,2742400,18.625,18.450000762939453,9.101635932922363
24-03-2003,17.915000915527344,18.325000762939453,2218800,18.415000915527344,18.075000762939453,8.916643142700195
25-03-2003,18.100000381469727,18.100000381469727,1801200,18.450000762939453,18.299999237060547,9.027639389038086
26-03-2003,18.059999465942383,18.350000381469727,1708600,18.469999313354492,18.079999923706055,8.919111251831055
27-03-2003,17.809999465942383,18.024999618530273,2005800,18.290000915527344,18.219999313354492,8.988171577453613
28-03-2003,18.09000015258789,18.219999313354492,1408600,18.375,18.364999771118164,9.05970287322998
31-03-2003,18.104999542236328,18.200000762939453,2128600,18.475000381469727,18.344999313354492,9.049838066101074
01-04-2003,18.31999969482422,18.5,2725400,18.6200008392334,18.6200008392334,9.185498237609863
02-04-2003,18.584999084472656,18.684999465942383,1539200,18.81999969482422,18.690000534057617,9.22003173828125
03-04-2003,18.375,18.764999389648438,2470800,18.774999618530273,18.424999237060547,9.089303016662598
04-04-2003,18.225000381469727,18.424999237060547,1757000,18.594999313354492,18.579999923706055,9.165763854980469
07-04-2003,18.600000381469727,18.704999923706055,1967600,19.049999237060547,18.604999542236328,9.178099632263184
08-04-2003,18.530000686645508,18.704999923706055,1688800,18.860000610351562,18.549999237060547,9.150967597961426
09-04-2003,18.315000534057617,18.65999984741211,1659000,18.739999771118164,18.334999084472656,9.044902801513672
10-04-2003,18.325000762939453,18.399999618530273,1093800,18.604999542236328,18.575000762939453,9.163299560546875
11-04-2003,18.274999618530273,18.674999237060547,2038200,18.725000381469727,18.395000457763672,9.074503898620605
14-04-2003,18.399999618530273,18.485000610351562,1335000,18.575000762939453,18.565000534057617,9.158367156982422
15-04-2003,18.530000686645508,18.549999237060547,2605200,19.075000762939453,18.954999923706055,9.350757598876953
16-04-2003,18.809999465942383,19.110000610351562,2276000,19.1200008392334,18.844999313354492,9.296496391296387
17-04-2003,18.844999313354492,18.895000457763672,1579400,18.96500015258789,18.934999465942383,9.34089183807373
21-04-2003,18.950000762939453,19.0,2000000,19.25,19.020000457763672,9.382824897766113
22-04-2003,19.0049991607666,19.049999237060547,1911400,19.264999389648438,19.219999313354492,9.481483459472656
23-04-2003,18.924999237060547,19.200000762939453,2359400,19.229999542236328,19.18000030517578,9.461752891540527
24-04-2003,19.05500030517578,19.05500030517578,2688400,19.424999237060547,19.350000381469727,9.54561710357666
25-04-2003,19.135000228881836,19.375,1151600,19.475000381469727,19.209999084472656,9.476553916931152
28-04-2003,19.200000762939453,19.200000762939453,1898400,19.674999237060547,19.6299991607666,9.683745384216309
29-04-2003,19.40999984741211,19.635000228881836,1935800,19.709999084472656,19.5049991607666,9.622078895568848
30-04-2003,19.125,19.200000762939453,5431800,19.34000015258789,19.235000610351562,9.488885879516602
01-05-2003,18.860000610351562,19.2450008392334,1524800,19.25,19.065000534057617,9.405023574829102
02-05-2003,18.985000610351562,19.0,1560200,19.21500015258789,19.209999084472656,9.476553916931152
05-05-2003,19.18000030517578,19.2549991607666,1264800,19.424999237060547,19.34000015258789,9.540681838989258
06-05-2003,19.280000686645508,19.424999237060547,1017600,19.53499984741211,19.530000686645508,9.634413719177246
07-05-2003,19.309999465942383,19.530000686645508,1494600,19.579999923706055,19.399999618530273,9.570281982421875
08-05-2003,19.34000015258789,19.399999618530273,1111800,19.514999389648438,19.46500015258789,9.602349281311035
09-05-2003,19.46500015258789,19.5,2295800,19.709999084472656,19.674999237060547,9.705940246582031
12-05-2003,19.59000015258789,19.674999237060547,1455800,19.7450008392334,19.670000076293945,9.70347785949707
13-05-2003,19.524999618530273,19.700000762939453,1540800,19.719999313354492,19.545000076293945,9.641813278198242
14-05-2003,19.364999771118164,19.600000381469727,1603600,19.6200008392334,19.43000030517578,9.585084915161133
15-05-2003,19.46500015258789,19.5,7584000,20.15999984741211,20.010000228881836,9.871204376220703
16-05-2003,19.559999465942383,19.604999542236328,3970000,20.05500030517578,19.934999465942383,9.83420467376709
19-05-2003,19.614999771118164,19.850000381469727,1732200,19.924999237060547,19.665000915527344,9.70101547241211
20-05-2003,19.600000381469727,19.790000915527344,1290800,19.850000381469727,19.690000534057617,9.713346481323242
21-05-2003,19.520000457763672,19.59000015258789,1847400,19.75,19.6200008392334,9.678812026977539
22-05-2003,19.549999237060547,19.549999237060547,2246600,20.100000381469727,20.0,9.866271018981934
23-05-2003,20.075000762939453,20.075000762939453,4471000,21.014999389648438,20.979999542236328,10.349721908569336
27-05-2003,21.0,21.100000381469727,3894200,21.625,21.600000381469727,10.655572891235352
28-05-2003,21.3799991607666,21.649999618530273,2207000,21.665000915527344,21.385000228881836,10.54951000213623
29-05-2003,20.825000762939453,21.40999984741211,3520400,21.700000762939453,20.899999618530273,10.310253143310547
30-05-2003,21.024999618530273,21.024999618530273,4006000,21.514999389648438,21.364999771118164,10.539644241333008
02-06-2003,21.434999465942383,21.485000610351562,2664000,21.875,21.559999465942383,10.635839462280273
03-06-2003,21.450000762939453,21.625,2710600,21.850000381469727,21.80500030517578,10.756699562072754
04-06-2003,21.825000762939453,21.899999618530273,3710000,22.170000076293945,21.915000915527344,10.810969352722168
05-06-2003,21.489999771118164,21.625,2889800,21.635000228881836,21.5049991607666,10.741040229797363
06-06-2003,21.375,21.579999923706055,3087400,21.895000457763672,21.424999237060547,10.701082229614258
09-06-2003,21.149999618530273,21.399999618530273,1601200,21.46500015258789,21.200000762939453,10.588705062866211
10-06-2003,21.125,21.125,1926600,21.459999084472656,21.424999237060547,10.701082229614258
11-06-2003,21.485000610351562,21.524999618530273,2518400,21.795000076293945,21.760000228881836,10.86840534210205
12-06-2003,21.7450008392334,21.825000762939453,1839000,22.05500030517578,22.049999237060547,11.013254165649414
13-06-2003,21.84000015258789,22.100000381469727,1710600,22.25,21.950000762939453,10.96330738067627
16-06-2003,22.0,22.0,1077600,22.25,22.200000762939453,11.08817195892334
17-06-2003,21.524999618530273,21.924999237060547,3361600,21.924999237060547,21.655000686645508,10.815964698791504
18-06-2003,21.389999389648438,21.600000381469727,2076600,21.6200008392334,21.5,10.738546371459961
19-06-2003,21.40999984741211,21.5,2568800,21.635000228881836,21.420000076293945,10.698590278625488
20-06-2003,21.19499969482422,21.350000381469727,3207000,21.584999084472656,21.19499969482422,10.586206436157227
23-06-2003,20.979999542236328,21.31999969482422,1638000,21.399999618530273,20.979999542236328,10.478821754455566
24-06-2003,20.719999313354492,20.950000762939453,1453000,21.024999618530273,20.895000457763672,10.436371803283691
25-06-2003,20.940000534057617,21.0,1934200,21.34000015258789,20.94499969482422,10.461343765258789
26-06-2003,20.885000228881836,20.90999984741211,1347600,21.125,21.094999313354492,10.53625774383545
27-06-2003,20.854999542236328,21.149999618530273,1225000,21.165000915527344,20.885000228881836,10.43137264251709
30-06-2003,20.90999984741211,20.959999084472656,1645200,21.174999237060547,21.125,10.55124282836914
01-07-2003,21.0,21.075000762939453,2098800,21.350000381469727,21.274999618530273,10.626164436340332
02-07-2003,21.100000381469727,21.274999618530273,3397000,21.364999771118164,21.235000610351562,10.606186866760254
03-07-2003,20.985000610351562,21.235000610351562,938200,21.235000610351562,21.05500030517578,10.516281127929688
07-07-2003,21.03499984741211,21.084999084472656,1380400,21.200000762939453,21.06999969482422,10.523773193359375
08-07-2003,20.950000762939453,21.100000381469727,2138800,21.200000762939453,21.075000762939453,10.526270866394043
09-07-2003,20.96500015258789,21.075000762939453,2178400,21.184999465942383,21.049999237060547,10.513782501220703
10-07-2003,20.625,21.0,2103600,21.03499984741211,20.790000915527344,10.38392448425293
11-07-2003,20.600000381469727,20.80500030517578,2819400,20.899999618530273,20.760000228881836,10.368936538696289
14-07-2003,20.700000762939453,20.899999618530273,2484600,21.065000534057617,20.915000915527344,10.446355819702148
15-07-2003,20.540000915527344,20.950000762939453,2466000,20.950000762939453,20.6200008392334,10.299015045166016
16-07-2003,20.110000610351562,20.6200008392334,2589200,20.6299991607666,20.290000915527344,10.13418960571289
17-07-2003,20.014999389648438,20.200000762939453,1790400,20.239999771118164,20.184999465942383,10.081744194030762
18-07-2003,20.21500015258789,20.40999984741211,1452600,20.459999084472656,20.415000915527344,10.196622848510742
21-07-2003,20.15999984741211,20.46500015258789,1471600,20.46500015258789,20.270000457763672,10.124198913574219
22-07-2003,20.31999969482422,20.31999969482422,4152400,20.719999313354492,20.65999984741211,10.318990707397461
23-07-2003,20.264999389648438,20.649999618530273,2185800,20.725000381469727,20.280000686645508,10.129193305969238
24-07-2003,20.280000686645508,20.329999923706055,2654200,20.485000610351562,20.450000762939453,10.214101791381836
25-07-2003,20.30500030517578,20.475000381469727,1522000,20.725000381469727,20.584999084472656,10.281529426574707
28-07-2003,20.334999084472656,20.5,1961400,20.584999084472656,20.389999389648438,10.184137344360352
29-07-2003,20.174999237060547,20.375,2004600,20.450000762939453,20.25,10.114211082458496
30-07-2003,20.225000381469727,20.274999618530273,1622400,20.420000076293945,20.334999084472656,10.156664848327637
31-07-2003,20.18000030517578,20.40999984741211,2429200,20.44499969482422,20.375,10.17664623260498
01-08-2003,20.200000762939453,20.34000015258789,1618200,20.40999984741211,20.350000381469727,10.16416072845459
04-08-2003,19.954999923706055,20.325000762939453,1356800,20.325000762939453,20.225000381469727,10.101722717285156
05-08-2003,20.03499984741211,20.184999465942383,3204000,20.395000457763672,20.049999237060547,10.01431655883789
06-08-2003,19.885000228881836,20.05500030517578,2998800,20.40999984741211,20.25,10.114211082458496
07-08-2003,20.100000381469727,20.25,1131400,20.375,20.350000381469727,10.16416072845459
08-08-2003,20.309999465942383,20.354999542236328,1662400,20.53499984741211,20.530000686645508,10.254059791564941
11-08-2003,20.434999465942383,20.524999618530273,1062400,20.670000076293945,20.649999618530273,10.314000129699707
12-08-2003,20.575000762939453,20.674999237060547,1520200,20.795000076293945,20.78499984741211,10.381426811218262
13-08-2003,20.625,20.780000686645508,1352200,20.850000381469727,20.7450008392334,10.361449241638184
14-08-2003,20.674999237060547,20.815000534057617,1292600,20.81999969482422,20.78499984741211,10.381426811218262
15-08-2003,20.6299991607666,20.78499984741211,1671000,20.950000762939453,20.950000762939453,10.463839530944824
18-08-2003,20.854999542236328,20.950000762939453,1613200,21.0049991607666,20.94499969482422,10.461343765258789
19-08-2003,20.875,20.94499969482422,2225800,21.405000686645508,20.959999084472656,10.468828201293945
20-08-2003,20.924999237060547,21.0,1328200,21.270000457763672,21.229999542236328,10.603689193725586
21-08-2003,21.100000381469727,21.239999771118164,1095800,21.295000076293945,21.225000381469727,10.601195335388184
22-08-2003,20.975000381469727,21.229999542236328,1262400,21.25,21.079999923706055,10.528765678405762
25-08-2003,21.010000228881836,21.040000915527344,1144000,21.274999618530273,21.270000457763672,10.623663902282715
26-08-2003,21.049999237060547,21.270000457763672,1785800,21.280000686645508,21.219999313354492,10.598692893981934
27-08-2003,21.1299991607666,21.200000762939453,1630200,21.364999771118164,21.28499984741211,10.6311616897583
28-08-2003,21.104999542236328,21.350000381469727,7751400,21.350000381469727,21.19499969482422,10.586206436157227
29-08-2003,21.0049991607666,21.200000762939453,1185400,21.200000762939453,21.170000076293945,10.573721885681152
02-09-2003,21.145000457763672,21.219999313354492,1851200,21.6200008392334,21.614999771118164,10.79598331451416
03-09-2003,21.604999542236328,21.700000762939453,3714000,21.889999389648438,21.875,10.9258451461792
04-09-2003,21.204999923706055,21.604999542236328,3081000,21.604999542236328,21.325000762939453,10.784244537353516
05-09-2003,21.19499969482422,21.274999618530273,1527800,21.399999618530273,21.235000610351562,10.73873233795166
08-09-2003,21.21500015258789,21.325000762939453,903200,21.454999923706055,21.354999542236328,10.799416542053223
09-09-2003,21.155000686645508,21.274999618530273,1622800,21.334999084472656,21.290000915527344,10.766547203063965
10-09-2003,21.184999465942383,21.274999618530273,1777800,21.375,21.25,10.746315002441406
11-09-2003,21.209999084472656,21.334999084472656,1085400,21.424999237060547,21.274999618530273,10.758956909179688
12-09-2003,20.899999618530273,21.280000686645508,2373200,21.280000686645508,21.19499969482422,10.718505859375
15-09-2003,20.934999465942383,21.125,1687600,21.174999237060547,21.084999084472656,10.66287612915039
16-09-2003,21.075000762939453,21.110000610351562,1743600,21.25,21.204999923706055,10.723560333251953
17-09-2003,20.739999771118164,21.204999923706055,3591600,21.204999923706055,20.7549991607666,10.495991706848145
18-09-2003,20.774999618530273,20.799999237060547,3314800,21.010000228881836,21.0,10.619888305664062
19-09-2003,20.860000610351562,21.0,1686400,21.020000457763672,20.975000381469727,10.607251167297363
22-09-2003,20.729999542236328,20.899999618530273,1080800,20.899999618530273,20.790000915527344,10.513688087463379
23-09-2003,20.68000030517578,20.850000381469727,1163000,20.850000381469727,20.725000381469727,10.48082160949707
24-09-2003,20.53499984741211,20.719999313354492,1588200,20.739999771118164,20.575000762939453,10.404961585998535
25-09-2003,20.594999313354492,20.649999618530273,2204200,20.780000686645508,20.75,10.49345874786377
26-09-2003,20.600000381469727,20.709999084472656,1503400,21.09000015258789,21.065000534057617,10.652761459350586
29-09-2003,20.989999771118164,21.125,1775600,21.309999465942383,21.290000915527344,10.766547203063965
30-09-2003,20.954999923706055,21.290000915527344,1437600,21.290000915527344,21.0,10.619888305664062
01-10-2003,20.75,21.0,4254800,21.079999923706055,21.065000534057617,10.652761459350586
02-10-2003,20.825000762939453,20.934999465942383,9976200,21.46500015258789,20.8700008392334,10.55414867401123
03-10-2003,20.774999618530273,20.940000534057617,2918400,20.959999084472656,20.8799991607666,10.559205055236816
06-10-2003,20.764999389648438,20.850000381469727,962000,20.924999237060547,20.895000457763672,10.566792488098145
07-10-2003,20.53499984741211,20.850000381469727,2239400,20.850000381469727,20.725000381469727,10.48082160949707
08-10-2003,20.350000381469727,20.739999771118164,3395800,20.739999771118164,20.399999618530273,10.316465377807617
09-10-2003,20.229999542236328,20.5,2966200,20.549999237060547,20.3700008392334,10.301295280456543
10-10-2003,20.125,20.325000762939453,1335800,20.424999237060547,20.28499984741211,10.258305549621582
13-10-2003,20.229999542236328,20.375,951800,20.424999237060547,20.350000381469727,10.291177749633789
14-10-2003,20.145000457763672,20.350000381469727,1891200,20.459999084472656,20.459999084472656,10.346807479858398
15-10-2003,20.260000228881836,20.424999237060547,2165200,20.434999465942383,20.34000015258789,10.286123275756836
16-10-2003,20.229999542236328,20.315000534057617,1260600,20.420000076293945,20.399999618530273,10.316465377807617
17-10-2003,20.25,20.424999237060547,1343200,20.424999237060547,20.385000228881836,10.308880805969238
20-10-2003,20.264999389648438,20.385000228881836,1914400,20.385000228881836,20.350000381469727,10.291177749633789
21-10-2003,20.229999542236328,20.290000915527344,1805600,20.4950008392334,20.3799991607666,10.306351661682129
22-10-2003,20.3799991607666,20.3799991607666,2951400,20.665000915527344,20.594999313354492,10.415080070495605
23-10-2003,20.475000381469727,20.594999313354492,1444200,20.594999313354492,20.530000686645508,10.382205963134766
24-10-2003,20.399999618530273,20.530000686645508,1320000,20.549999237060547,20.514999389648438,10.374618530273438
27-10-2003,20.3700008392334,20.575000762939453,1266400,20.655000686645508,20.440000534057617,10.33669376373291
28-10-2003,20.280000686645508,20.440000534057617,1295600,20.44499969482422,20.43000030517578,10.331636428833008
29-10-2003,20.399999618530273,20.43000030517578,1138800,20.96500015258789,20.475000381469727,10.354393005371094
30-10-2003,20.40999984741211,20.475000381469727,936400,20.530000686645508,20.475000381469727,10.354393005371094
31-10-2003,20.420000076293945,20.475000381469727,780200,20.4950008392334,20.434999465942383,10.334162712097168
03-11-2003,20.354999542236328,20.440000534057617,1320200,20.700000762939453,20.639999389648438,10.43783950805664
04-11-2003,20.424999237060547,20.575000762939453,3339600,20.600000381469727,20.450000762939453,10.341751098632812
05-11-2003,20.405000686645508,20.450000762939453,1810400,20.674999237060547,20.65999984741211,10.447952270507812
06-11-2003,20.475000381469727,20.625,1059400,20.639999389648438,20.600000381469727,10.417611122131348
07-11-2003,20.450000762939453,20.575000762939453,1345200,20.6200008392334,20.53499984741211,10.384737968444824
10-11-2003,20.415000915527344,20.5,1178600,20.575000762939453,20.475000381469727,10.354393005371094
11-11-2003,20.329999923706055,20.479999542236328,845400,20.5049991607666,20.450000762939453,10.341751098632812
12-11-2003,20.34000015258789,20.44499969482422,1091200,20.479999542236328,20.40999984741211,10.321524620056152
13-11-2003,20.315000534057617,20.375,1371000,20.46500015258789,20.46500015258789,10.349332809448242
14-11-2003,20.25,20.475000381469727,862200,20.475000381469727,20.274999618530273,10.25324821472168
17-11-2003,19.854999542236328,20.174999237060547,1341200,20.190000534057617,20.030000686645508,10.129354476928711
18-11-2003,19.700000762939453,20.024999618530273,984800,20.149999618530273,19.725000381469727,9.97511100769043
19-11-2003,19.80500030517578,19.825000762939453,1736000,20.145000457763672,20.1299991607666,10.179924964904785
20-11-2003,19.950000762939453,20.075000762939453,1346200,20.295000076293945,20.0,10.114175796508789
21-11-2003,19.825000762939453,20.0,1593800,20.0,19.94499969482422,10.0863676071167
24-11-2003,19.959999084472656,19.975000381469727,1131200,20.149999618530273,20.110000610351562,10.16981029510498
25-11-2003,20.125,20.139999389648438,938200,20.260000228881836,20.229999542236328,10.230493545532227
26-11-2003,20.235000610351562,20.235000610351562,1046600,20.434999465942383,20.399999618530273,10.316465377807617
28-11-2003,20.399999618530273,20.399999618530273,559200,20.549999237060547,20.510000228881836,10.372091293334961
01-12-2003,20.5,20.540000915527344,1169400,20.71500015258789,20.71500015258789,10.475761413574219
02-12-2003,20.604999542236328,20.649999618530273,1479800,20.774999618530273,20.735000610351562,10.485878944396973
03-12-2003,20.610000610351562,20.725000381469727,2584400,20.7549991607666,20.610000610351562,10.422664642333984
04-12-2003,20.290000915527344,20.375,1667200,20.6200008392334,20.584999084472656,10.548206329345703
05-12-2003,20.489999771118164,20.489999771118164,1946000,20.799999237060547,20.610000610351562,10.561020851135254
08-12-2003,20.514999389648438,20.59000015258789,2598400,20.639999389648438,20.59000015258789,10.550766944885254
09-12-2003,20.375,20.600000381469727,1576400,20.600000381469727,20.399999618530273,10.453407287597656
10-12-2003,20.344999313354492,20.389999389648438,1163200,20.524999618530273,20.450000762939453,10.479028701782227
11-12-2003,20.46500015258789,20.489999771118164,1310400,20.625,20.579999923706055,10.54564380645752
12-12-2003,20.510000228881836,20.55500030517578,1299000,20.639999389648438,20.604999542236328,10.558452606201172
15-12-2003,20.584999084472656,20.674999237060547,1681600,20.799999237060547,20.75,10.632760047912598
16-12-2003,20.729999542236328,20.799999237060547,1097200,20.850000381469727,20.84000015258789,10.678877830505371
17-12-2003,20.69499969482422,20.84000015258789,2057000,21.184999465942383,21.145000457763672,10.835165023803711
18-12-2003,21.125,21.225000381469727,3409600,21.639999389648438,21.59000015258789,11.063189506530762
19-12-2003,21.579999923706055,21.625,5800600,22.075000762939453,21.725000381469727,11.132368087768555
22-12-2003,21.725000381469727,21.774999618530273,1819200,21.975000381469727,21.969999313354492,11.257908821105957
23-12-2003,21.65999984741211,21.969999313354492,1861000,21.975000381469727,21.7450008392334,11.142621994018555
24-12-2003,21.6299991607666,21.725000381469727,603200,21.875,21.809999465942383,11.175919532775879
26-12-2003,21.7450008392334,21.850000381469727,310600,21.90999984741211,21.78499984741211,11.163115501403809
29-12-2003,21.700000762939453,21.78499984741211,794200,21.950000762939453,21.950000762939453,11.247664451599121
30-12-2003,21.8799991607666,21.899999618530273,847600,22.05500030517578,22.05500030517578,11.301467895507812
31-12-2003,21.875,22.075000762939453,1129000,22.100000381469727,21.899999618530273,11.2220458984375
02-01-2004,21.860000610351562,21.959999084472656,1261400,22.135000228881836,21.899999618530273,11.2220458984375
05-01-2004,21.549999237060547,21.889999389648438,1427000,21.889999389648438,21.700000762939453,11.11955738067627
06-01-2004,21.5,21.700000762939453,1154400,21.739999771118164,21.735000610351562,11.137491226196289
07-01-2004,21.575000762939453,21.75,1431200,21.809999465942383,21.799999237060547,11.170801162719727
08-01-2004,21.799999237060547,21.850000381469727,1710200,22.1200008392334,22.1200008392334,11.33477783203125
09-01-2004,21.94499969482422,22.100000381469727,995200,22.114999771118164,22.0049991607666,11.27584457397461
12-01-2004,21.809999465942383,21.975000381469727,1031800,22.09000015258789,21.8799991607666,11.211795806884766
13-01-2004,21.684999465942383,21.8799991607666,1147000,21.885000228881836,21.690000534057617,11.114431381225586
14-01-2004,21.75,21.78499984741211,1557200,21.844999313354492,21.799999237060547,11.170801162719727
15-01-2004,21.524999618530273,21.799999237060547,1783600,21.799999237060547,21.530000686645508,11.032445907592773
16-01-2004,21.5,21.549999237060547,1018000,21.674999237060547,21.6299991607666,11.083687782287598
20-01-2004,21.424999237060547,21.575000762939453,1525000,21.655000686645508,21.600000381469727,11.068313598632812
21-01-2004,21.610000610351562,21.649999618530273,3550400,22.270000457763672,22.125,11.337335586547852
22-01-2004,21.959999084472656,22.125,2657200,22.329999923706055,22.209999084472656,11.380891799926758
23-01-2004,22.174999237060547,22.25,2053600,22.354999542236328,22.354999542236328,11.455196380615234
26-01-2004,22.084999084472656,22.350000381469727,1567200,22.450000762939453,22.325000762939453,11.439823150634766
27-01-2004,22.104999542236328,22.325000762939453,1874600,22.469999313354492,22.225000381469727,11.388580322265625
28-01-2004,22.299999237060547,22.299999237060547,5054600,22.725000381469727,22.549999237060547,11.555120468139648
29-01-2004,22.5,22.540000915527344,2199000,22.975000381469727,22.885000228881836,11.726778030395508
30-01-2004,22.684999465942383,22.889999389648438,1545600,22.975000381469727,22.719999313354492,11.642230033874512
02-02-2004,22.614999771118164,22.700000762939453,1488200,22.950000762939453,22.614999771118164,11.588425636291504
03-02-2004,22.475000381469727,22.575000762939453,1243400,22.725000381469727,22.690000534057617,11.626856803894043
04-02-2004,22.350000381469727,22.649999618530273,2380800,22.649999618530273,22.5,11.52949333190918
05-02-2004,22.375,22.5,2079200,22.600000381469727,22.469999313354492,11.51412296295166
06-02-2004,22.395000457763672,22.5,1340600,22.65999984741211,22.65999984741211,11.611479759216309
09-02-2004,22.43000030517578,22.639999389648438,1228600,22.725000381469727,22.709999084472656,11.637105941772461
10-02-2004,22.625,22.709999084472656,2435000,22.860000610351562,22.75,11.657601356506348
11-02-2004,22.625,22.75,2837200,23.165000915527344,23.110000610351562,11.842071533203125
12-02-2004,22.885000228881836,23.104999542236328,1135600,23.104999542236328,22.90999984741211,11.739590644836426
13-02-2004,22.690000534057617,22.950000762939453,1050600,23.0,22.825000762939453,11.696033477783203
17-02-2004,22.8700008392334,22.924999237060547,1080600,23.06999969482422,23.040000915527344,11.8062105178833
18-02-2004,22.989999771118164,23.045000076293945,1601600,23.239999771118164,23.229999542236328,11.90356159210205
19-02-2004,23.110000610351562,23.280000686645508,2010200,23.375,23.200000762939453,11.88819408416748
20-02-2004,22.8700008392334,23.200000762939453,1431600,23.200000762939453,22.954999923706055,11.762648582458496
23-02-2004,22.84000015258789,22.975000381469727,1013200,23.09000015258789,22.940000534057617,11.754958152770996
24-02-2004,22.895000457763672,22.954999923706055,1386200,23.049999237060547,23.049999237060547,11.811326026916504
25-02-2004,22.969999313354492,23.049999237060547,1848600,23.350000381469727,23.135000228881836,11.854886054992676
26-02-2004,23.065000534057617,23.110000610351562,1513400,23.264999389648438,23.174999237060547,11.875384330749512
27-02-2004,22.809999465942383,22.809999465942383,2841600,23.645000457763672,23.56999969482422,12.077784538269043
01-03-2004,23.579999923706055,23.639999389648438,1676000,23.739999771118164,23.665000915527344,12.126469612121582
02-03-2004,23.625,23.674999237060547,2598600,23.860000610351562,23.75,12.170025825500488
03-03-2004,23.454999923706055,23.770000457763672,2730400,23.78499984741211,23.53499984741211,12.059850692749023
04-03-2004,23.149999618530273,23.264999389648438,2745800,23.299999237060547,23.174999237060547,12.015782356262207
05-03-2004,23.114999771118164,23.125,2071400,23.344999313354492,23.280000686645508,12.070222854614258
08-03-2004,23.184999465942383,23.280000686645508,1569400,23.354999542236328,23.184999465942383,12.020962715148926
09-03-2004,22.899999618530273,23.184999465942383,1825600,23.25,23.030000686645508,11.940604209899902
10-03-2004,23.0,23.065000534057617,1525400,23.280000686645508,23.0049991607666,11.92763900756836
11-03-2004,22.549999237060547,23.0049991607666,1540400,23.155000686645508,22.625,11.730615615844727
12-03-2004,22.43000030517578,22.59000015258789,1870800,22.674999237060547,22.549999237060547,11.69173812866211
15-03-2004,22.424999237060547,22.549999237060547,1702200,22.7450008392334,22.674999237060547,11.756545066833496
16-03-2004,22.604999542236328,22.649999618530273,1905600,22.8700008392334,22.735000610351562,11.787651062011719
17-03-2004,22.850000381469727,22.899999618530273,2128200,23.34000015258789,23.31999969482422,12.090960502624512
18-03-2004,22.96500015258789,23.200000762939453,1366400,23.299999237060547,23.229999542236328,12.044299125671387
19-03-2004,23.184999465942383,23.229999542236328,1412400,23.46500015258789,23.290000915527344,12.075410842895508
22-03-2004,22.954999923706055,23.200000762939453,1257200,23.299999237060547,22.979999542236328,11.91467571258545
23-03-2004,22.899999618530273,22.979999542236328,1179600,23.104999542236328,23.094999313354492,11.97430419921875
24-03-2004,23.020000457763672,23.075000762939453,1305400,23.2450008392334,23.135000228881836,11.99504566192627
25-03-2004,23.135000228881836,23.149999618530273,1410200,23.329999923706055,23.174999237060547,12.015782356262207
26-03-2004,23.174999237060547,23.18000030517578,903600,23.375,23.2549991607666,12.057258605957031
29-03-2004,23.100000381469727,23.260000228881836,1468600,23.360000610351562,23.350000381469727,12.106515884399414
30-03-2004,23.299999237060547,23.375,1838600,23.604999542236328,23.575000762939453,12.223176002502441
31-03-2004,23.385000228881836,23.59000015258789,3419800,23.59000015258789,23.489999771118164,12.179104804992676
01-04-2004,23.520000457763672,23.549999237060547,1504200,23.7450008392334,23.709999084472656,12.293170928955078
02-04-2004,23.485000610351562,23.799999237060547,1710800,23.850000381469727,23.600000381469727,12.236133575439453
05-04-2004,23.43000030517578,23.575000762939453,1831800,23.625,23.575000762939453,12.223176002502441
06-04-2004,23.475000381469727,23.549999237060547,1816200,23.56999969482422,23.520000457763672,12.19465446472168
07-04-2004,23.2549991607666,23.510000228881836,1673000,23.510000228881836,23.450000762939453,12.158364295959473
08-04-2004,23.184999465942383,23.450000762939453,1655200,23.524999618530273,23.299999237060547,12.08059024810791
12-04-2004,22.934999465942383,23.299999237060547,2618000,23.31999969482422,23.0049991607666,11.92763900756836
13-04-2004,22.385000228881836,22.950000762939453,3652000,22.954999923706055,22.545000076293945,11.689139366149902
14-04-2004,22.045000076293945,22.325000762939453,2895200,22.450000762939453,22.299999237060547,11.562110900878906
15-04-2004,22.309999465942383,22.325000762939453,4175200,22.799999237060547,22.65999984741211,11.748764038085938
16-04-2004,22.604999542236328,22.700000762939453,996000,22.790000915527344,22.719999313354492,11.77987003326416
19-04-2004,22.479999542236328,22.674999237060547,1008400,22.674999237060547,22.524999618530273,11.678771018981934
20-04-2004,22.350000381469727,22.524999618530273,1307000,22.6200008392334,22.350000381469727,11.588033676147461
21-04-2004,22.09000015258789,22.350000381469727,1291200,22.375,22.25,11.536187171936035
22-04-2004,22.170000076293945,22.170000076293945,1624400,22.604999542236328,22.549999237060547,11.69173812866211
23-04-2004,22.40999984741211,22.549999237060547,1865000,22.674999237060547,22.434999465942383,11.632108688354492
26-04-2004,22.290000915527344,22.325000762939453,1851400,22.549999237060547,22.405000686645508,11.61655044555664
27-04-2004,22.239999771118164,22.385000228881836,1945000,22.450000762939453,22.270000457763672,11.54655647277832
28-04-2004,22.075000762939453,22.325000762939453,2414800,22.479999542236328,22.30500030517578,11.564702033996582
29-04-2004,21.399999618530273,22.299999237060547,4875400,22.30500030517578,21.440000534057617,11.116218566894531
30-04-2004,21.350000381469727,21.440000534057617,2751400,21.774999618530273,21.450000762939453,11.121407508850098
03-05-2004,21.145000457763672,21.5,1207000,21.5,21.375,11.082513809204102
04-05-2004,21.114999771118164,21.375,1668400,21.40999984741211,21.135000228881836,10.95807933807373
05-05-2004,21.040000915527344,21.139999389648438,1457600,21.21500015258789,21.040000915527344,10.908828735351562
06-05-2004,20.75,20.9950008392334,3069200,20.9950008392334,20.905000686645508,10.838830947875977
07-05-2004,20.125,20.780000686645508,3376200,20.809999465942383,20.280000686645508,10.514780044555664
10-05-2004,19.84000015258789,20.049999237060547,2856000,20.30500030517578,20.079999923706055,10.41108512878418
11-05-2004,19.975000381469727,20.149999618530273,1927800,20.350000381469727,20.06999969482422,10.405903816223145
12-05-2004,19.829999923706055,20.06999969482422,1645200,20.200000762939453,20.18000030517578,10.462931632995605
13-05-2004,20.110000610351562,20.18000030517578,1938000,20.389999389648438,20.290000915527344,10.519966125488281
14-05-2004,20.299999237060547,20.30500030517578,1774600,20.575000762939453,20.43000030517578,10.592554092407227
17-05-2004,20.094999313354492,20.350000381469727,1188200,20.354999542236328,20.165000915527344,10.455157279968262
18-05-2004,20.25,20.290000915527344,1842000,20.454999923706055,20.325000762939453,10.538113594055176
19-05-2004,20.184999465942383,20.450000762939453,1057800,20.53499984741211,20.200000762939453,10.47330093383789
20-05-2004,20.155000686645508,20.239999771118164,1157600,20.395000457763672,20.200000762939453,10.47330093383789
21-05-2004,20.075000762939453,20.274999618530273,1168800,20.350000381469727,20.135000228881836,10.43960189819336
24-05-2004,20.190000534057617,20.200000762939453,1395400,20.450000762939453,20.43000030517578,10.592554092407227
25-05-2004,20.28499984741211,20.450000762939453,1700000,20.850000381469727,20.834999084472656,10.802535057067871
26-05-2004,20.725000381469727,20.850000381469727,1693600,21.049999237060547,20.93000030517578,10.851795196533203
27-05-2004,20.780000686645508,20.989999771118164,1859200,21.2450008392334,20.850000381469727,10.810311317443848
28-05-2004,20.850000381469727,20.885000228881836,1225200,21.1299991607666,21.079999923706055,10.929564476013184
01-06-2004,20.825000762939453,21.100000381469727,1605400,21.165000915527344,20.829999923706055,10.799945831298828
02-06-2004,20.875,20.875,1009000,21.084999084472656,20.954999923706055,10.864753723144531
03-06-2004,20.780000686645508,20.899999618530273,1941200,20.940000534057617,20.829999923706055,10.799945831298828
04-06-2004,20.469999313354492,20.625,2029000,20.690000534057617,20.475000381469727,10.757908821105957
07-06-2004,20.5,20.5,982800,20.670000076293945,20.670000076293945,10.860367774963379
08-06-2004,20.434999465942383,20.600000381469727,959200,20.610000610351562,20.5,10.771048545837402
09-06-2004,20.399999618530273,20.5,1426800,20.610000610351562,20.459999084472656,10.750029563903809
10-06-2004,20.25,20.475000381469727,1369400,20.545000076293945,20.375,10.70536994934082
14-06-2004,20.239999771118164,20.375,1952600,20.395000457763672,20.290000915527344,10.660710334777832
15-06-2004,20.229999542236328,20.360000610351562,2022600,20.485000610351562,20.290000915527344,10.660710334777832
16-06-2004,20.260000228881836,20.309999465942383,1019000,20.389999389648438,20.334999084472656,10.684351921081543
17-06-2004,20.225000381469727,20.34000015258789,1729000,20.34000015258789,20.229999542236328,10.62918758392334
18-06-2004,20.1299991607666,20.229999542236328,1237600,20.350000381469727,20.274999618530273,10.652830123901367
21-06-2004,20.270000457763672,20.325000762939453,1559400,20.530000686645508,20.354999542236328,10.694862365722656
22-06-2004,20.225000381469727,20.40999984741211,1110800,20.44499969482422,20.2549991607666,10.642318725585938
23-06-2004,20.235000610351562,20.325000762939453,1563200,20.600000381469727,20.299999237060547,10.665962219238281
24-06-2004,20.329999923706055,20.3700008392334,1493600,20.475000381469727,20.350000381469727,10.69223690032959
25-06-2004,20.0,20.40999984741211,2317800,20.40999984741211,20.114999771118164,10.568761825561523
28-06-2004,20.114999771118164,20.125,1622600,20.290000915527344,20.200000762939453,10.613421440124512
29-06-2004,20.139999389648438,20.264999389648438,2832000,20.299999237060547,20.139999389648438,10.581897735595703
30-06-2004,19.850000381469727,20.174999237060547,2366200,20.174999237060547,20.014999389648438,10.516219139099121
01-07-2004,19.43000030517578,20.024999618530273,4396400,20.024999618530273,19.524999618530273,10.258768081665039
02-07-2004,19.614999771118164,19.625,2365000,19.825000762939453,19.825000762939453,10.41639518737793
06-07-2004,19.809999465942383,19.825000762939453,1882200,19.96500015258789,19.8799991607666,10.44528579711914
07-07-2004,19.674999237060547,19.885000228881836,2033800,19.90999984741211,19.829999923706055,10.419015884399414
08-07-2004,19.684999465942383,19.799999237060547,2030000,19.84000015258789,19.69499969482422,10.348082542419434
09-07-2004,19.524999618530273,19.774999618530273,1958800,19.774999618530273,19.584999084472656,10.290287017822266
12-07-2004,19.5,19.604999542236328,1474800,19.635000228881836,19.559999465942383,10.277154922485352
13-07-2004,19.40999984741211,19.559999465942383,2319800,19.565000534057617,19.454999923706055,10.221986770629883
14-07-2004,19.375,19.454999923706055,2164600,19.549999237060547,19.524999618530273,10.258768081665039
15-07-2004,19.44499969482422,19.524999618530273,3669400,19.540000915527344,19.489999771118164,10.240378379821777
16-07-2004,19.454999923706055,19.579999923706055,3566200,19.735000610351562,19.735000610351562,10.36910629272461
19-07-2004,19.739999771118164,19.75,2289800,19.940000534057617,19.84000015258789,10.424275398254395
20-07-2004,20.020000457763672,20.075000762939453,3475200,21.05500030517578,20.299999237060547,10.665962219238281
21-07-2004,19.94499969482422,20.375,3651400,20.375,20.174999237060547,10.600286483764648
22-07-2004,19.975000381469727,20.18000030517578,3288200,20.274999618530273,20.219999313354492,10.623931884765625
23-07-2004,19.950000762939453,20.200000762939453,1960200,20.260000228881836,20.014999389648438,10.516219139099121
26-07-2004,20.06999969482422,20.075000762939453,2704600,20.329999923706055,20.09000015258789,10.55562973022461
27-07-2004,19.959999084472656,20.225000381469727,1553600,20.229999542236328,19.975000381469727,10.495203018188477
28-07-2004,19.809999465942383,19.975000381469727,2186000,20.084999084472656,19.940000534057617,10.476814270019531
29-07-2004,19.895000457763672,20.0,2312200,20.155000686645508,19.924999237060547,10.468927383422852
30-07-2004,19.049999237060547,19.05500030517578,9795400,19.6200008392334,19.5,10.245631217956543
02-08-2004,19.565000534057617,19.565000534057617,3307800,20.045000076293945,20.040000915527344,10.52935791015625
03-08-2004,19.90999984741211,20.024999618530273,2094000,20.19499969482422,20.149999618530273,10.587148666381836
04-08-2004,20.059999465942383,20.139999389648438,2296000,20.190000534057617,20.155000686645508,10.589780807495117
05-08-2004,19.975000381469727,20.155000686645508,1995800,20.280000686645508,19.979999542236328,10.497833251953125
06-08-2004,19.979999542236328,19.979999542236328,2451600,20.450000762939453,20.309999465942383,10.671215057373047
09-08-2004,20.239999771118164,20.25,1827400,20.385000228881836,20.264999389648438,10.647574424743652
10-08-2004,20.229999542236328,20.264999389648438,1820000,20.375,20.34000015258789,10.686979293823242
11-08-2004,20.31999969482422,20.34000015258789,2754600,20.665000915527344,20.510000228881836,10.776300430297852
12-08-2004,20.290000915527344,20.5,1613800,20.579999923706055,20.30500030517578,10.66858959197998
13-08-2004,20.040000915527344,20.325000762939453,2341600,20.354999542236328,20.1299991607666,10.576643943786621
16-08-2004,20.104999542236328,20.170000076293945,1176200,20.274999618530273,20.264999389648438,10.647574424743652
17-08-2004,20.155000686645508,20.2549991607666,2024600,20.325000762939453,20.235000610351562,10.631814002990723
18-08-2004,20.229999542236328,20.235000610351562,1793000,20.610000610351562,20.610000610351562,10.828847885131836
19-08-2004,20.395000457763672,20.575000762939453,1181800,20.68000030517578,20.514999389648438,10.7789306640625
20-08-2004,20.415000915527344,20.514999389648438,1057600,20.565000534057617,20.559999465942383,10.802569389343262
23-08-2004,20.450000762939453,20.700000762939453,1277600,20.7450008392334,20.5049991607666,10.773674964904785
24-08-2004,20.434999465942383,20.5,1637400,20.540000915527344,20.510000228881836,10.776300430297852
25-08-2004,20.469999313354492,20.510000228881836,1121600,20.600000381469727,20.549999237060547,10.797317504882812
26-08-2004,20.450000762939453,20.549999237060547,964000,20.65999984741211,20.594999313354492,10.820964813232422
27-08-2004,20.584999084472656,20.604999542236328,936800,20.739999771118164,20.739999771118164,10.897150039672852
30-08-2004,20.665000915527344,20.700000762939453,932200,20.81999969482422,20.774999618530273,10.91554069519043
31-08-2004,20.760000228881836,20.760000228881836,2010000,21.170000076293945,21.170000076293945,11.123080253601074
01-09-2004,20.989999771118164,21.149999618530273,2437200,21.225000381469727,21.100000381469727,11.086298942565918
02-09-2004,21.024999618530273,21.149999618530273,1648000,21.155000686645508,21.1299991607666,11.102056503295898
03-09-2004,20.9950008392334,21.135000228881836,1695400,21.145000457763672,21.020000457763672,11.044269561767578
07-09-2004,20.75,20.774999618530273,4150200,20.850000381469727,20.78499984741211,11.065556526184082
08-09-2004,20.469999313354492,20.7549991607666,1859600,20.764999389648438,20.565000534057617,10.948433876037598
09-09-2004,20.4950008392334,20.565000534057617,2209800,20.665000915527344,20.530000686645508,10.929807662963867
10-09-2004,20.454999923706055,20.5,2148600,20.645000457763672,20.575000762939453,10.953760147094727
13-09-2004,20.514999389648438,20.579999923706055,2321600,20.649999618530273,20.600000381469727,10.967068672180176
14-09-2004,20.434999465942383,20.649999618530273,1942200,20.655000686645508,20.485000610351562,10.905844688415527
15-09-2004,20.34000015258789,20.510000228881836,1316000,20.59000015258789,20.469999313354492,10.897859573364258
16-09-2004,20.46500015258789,20.469999313354492,1433200,20.799999237060547,20.799999237060547,11.073545455932617
17-09-2004,20.670000076293945,20.725000381469727,2618800,20.829999923706055,20.809999465942383,11.07886791229248
20-09-2004,20.625,20.75,1535400,20.854999542236328,20.80500030517578,11.076212882995605
21-09-2004,20.7549991607666,20.80500030517578,2363000,20.985000610351562,20.975000381469727,11.166719436645508
22-09-2004,21.059999465942383,21.149999618530273,3121600,21.235000610351562,21.100000381469727,11.233262062072754
23-09-2004,20.950000762939453,21.149999618530273,1400000,21.155000686645508,20.985000610351562,11.172037124633789
24-09-2004,20.875,20.979999542236328,1509600,20.985000610351562,20.924999237060547,11.140091896057129
27-09-2004,20.834999084472656,20.940000534057617,1735200,21.09000015258789,21.05500030517578,11.209298133850098
28-09-2004,21.05500030517578,21.05500030517578,1421400,21.21500015258789,21.204999923706055,11.289161682128906
29-09-2004,21.03499984741211,21.149999618530273,1140800,21.229999542236328,21.204999923706055,11.289161682128906
30-09-2004,21.1299991607666,21.21500015258789,1763000,21.299999237060547,21.299999237060547,11.339739799499512
01-10-2004,21.260000228881836,21.325000762939453,1287800,21.454999923706055,21.440000534057617,11.414270401000977
04-10-2004,21.385000228881836,21.440000534057617,1752400,21.524999618530273,21.479999542236328,11.435565948486328
05-10-2004,21.405000686645508,21.440000534057617,1179400,21.600000381469727,21.56999969482422,11.483480453491211
06-10-2004,21.459999084472656,21.520000457763672,1742600,21.684999465942383,21.6200008392334,11.510101318359375
07-10-2004,21.385000228881836,21.719999313354492,1071000,21.719999313354492,21.405000686645508,11.395636558532715
08-10-2004,21.100000381469727,21.299999237060547,3905200,21.30500030517578,21.209999084472656,11.291823387145996
11-10-2004,21.184999465942383,21.225000381469727,1363600,21.315000534057617,21.2450008392334,11.310457229614258
12-10-2004,21.18000030517578,21.28499984741211,1818600,21.385000228881836,21.360000610351562,11.371682167053223
13-10-2004,20.80500030517578,21.315000534057617,2112800,21.325000762939453,20.959999084472656,11.158729553222656
14-10-2004,20.899999618530273,20.96500015258789,1301600,21.075000762939453,20.96500015258789,11.161386489868164
15-10-2004,20.665000915527344,20.96500015258789,3060000,21.014999389648438,20.844999313354492,11.097500801086426
18-10-2004,20.6299991607666,20.844999313354492,5435000,20.8799991607666,20.684999465942383,11.012322425842285
19-10-2004,20.405000686645508,20.684999465942383,2494000,20.719999313354492,20.5049991607666,10.91649341583252
20-10-2004,20.309999465942383,20.479999542236328,5020600,20.549999237060547,20.5049991607666,10.91649341583252
21-10-2004,20.28499984741211,20.524999618530273,2571800,20.524999618530273,20.290000915527344,10.802030563354492
22-10-2004,20.264999389648438,20.450000762939453,3514800,20.700000762939453,20.520000457763672,10.924477577209473
25-10-2004,20.059999465942383,20.520000457763672,2893200,20.84000015258789,20.760000228881836,11.05224895477295
26-10-2004,20.700000762939453,20.809999465942383,2400200,21.2450008392334,21.225000381469727,11.29980754852295
27-10-2004,21.010000228881836,21.225000381469727,1566200,21.264999389648438,21.110000610351562,11.238584518432617
28-10-2004,21.014999389648438,21.110000610351562,2878600,21.25,21.229999542236328,11.302471160888672
29-10-2004,21.030000686645508,21.295000076293945,1879400,21.325000762939453,21.295000076293945,11.337074279785156
01-11-2004,21.295000076293945,21.295000076293945,2347400,21.545000076293945,21.485000610351562,11.438225746154785
02-11-2004,20.954999923706055,21.530000686645508,1549600,21.549999237060547,20.985000610351562,11.172037124633789
03-11-2004,21.200000762939453,21.200000762939453,2952600,21.625,21.59000015258789,11.494125366210938
04-11-2004,21.575000762939453,21.600000381469727,3743600,22.21500015258789,22.200000762939453,11.818879127502441
05-11-2004,21.8700008392334,22.200000762939453,2388800,22.2549991607666,22.104999542236328,11.768303871154785
08-11-2004,22.174999237060547,22.174999237060547,1391400,22.364999771118164,22.315000534057617,11.880107879638672
09-11-2004,22.114999771118164,22.235000610351562,1191400,22.34000015258789,22.184999465942383,11.810894012451172
10-11-2004,22.104999542236328,22.280000686645508,919200,22.354999542236328,22.25,11.845498085021973
11-11-2004,22.174999237060547,22.350000381469727,935400,22.5,22.450000762939453,11.951974868774414
12-11-2004,22.274999618530273,22.5,2877800,22.545000076293945,22.540000915527344,11.999887466430664
15-11-2004,22.350000381469727,22.5,860600,22.545000076293945,22.46500015258789,11.9599609375
16-11-2004,22.329999923706055,22.364999771118164,1054600,22.610000610351562,22.360000610351562,11.904062271118164
17-11-2004,21.969999313354492,22.100000381469727,3179600,22.4950008392334,22.0049991607666,11.71506404876709
18-11-2004,22.010000228881836,22.010000228881836,1497800,22.184999465942383,22.045000076293945,11.736364364624023
19-11-2004,21.774999618530273,22.065000534057617,1228400,22.06999969482422,21.844999313354492,11.629883766174316
22-11-2004,21.84000015258789,21.895000457763672,1599800,22.334999084472656,22.329999923706055,11.888086318969727
23-11-2004,22.239999771118164,22.424999237060547,1142200,22.514999389648438,22.415000915527344,11.93334674835205
24-11-2004,22.3700008392334,22.540000915527344,912400,22.645000457763672,22.43000030517578,11.941329956054688
26-11-2004,22.415000915527344,22.434999465942383,312200,22.524999618530273,22.44499969482422,11.94931411743164
29-11-2004,22.020000457763672,22.44499969482422,1498200,22.55500030517578,22.110000610351562,11.770964622497559
30-11-2004,21.825000762939453,22.059999465942383,1701800,22.104999542236328,21.9950008392334,11.709736824035645
01-12-2004,21.610000610351562,21.875,2141600,21.8799991607666,21.760000228881836,11.584630012512207
02-12-2004,21.450000762939453,21.760000228881836,2163400,21.799999237060547,21.649999618530273,11.526069641113281
03-12-2004,21.510000228881836,21.739999771118164,1952200,21.834999084472656,21.65999984741211,11.531394004821777
06-12-2004,21.674999237060547,21.725000381469727,1410800,22.010000228881836,22.0049991607666,11.71506404876709
07-12-2004,21.530000686645508,21.725000381469727,1816600,21.739999771118164,21.530000686645508,11.607245445251465
08-12-2004,21.420000076293945,21.540000915527344,1813800,21.594999313354492,21.44499969482422,11.561415672302246
09-12-2004,21.334999084472656,21.44499969482422,1120000,21.559999465942383,21.55500030517578,11.620720863342285
10-12-2004,21.399999618530273,21.44499969482422,1034800,21.690000534057617,21.584999084472656,11.636896133422852
13-12-2004,21.55500030517578,21.584999084472656,1278400,21.989999771118164,21.979999542236328,11.849847793579102
14-12-2004,21.924999237060547,21.979999542236328,1685600,22.170000076293945,22.135000228881836,11.933411598205566
15-12-2004,22.03499984741211,22.100000381469727,2028400,22.344999313354492,22.290000915527344,12.016972541809082
16-12-2004,22.1200008392334,22.290000915527344,4355200,22.825000762939453,22.80500030517578,12.294622421264648
17-12-2004,22.905000686645508,23.010000228881836,14862800,24.549999237060547,23.635000228881836,12.742087364196777
20-12-2004,24.854999542236328,24.950000762939453,22782200,25.700000762939453,25.280000686645508,13.628937721252441
21-12-2004,24.875,25.204999923706055,7771000,25.524999618530273,25.475000381469727,13.734070777893066
22-12-2004,25.28499984741211,25.5,4501200,25.700000762939453,25.584999084472656,13.793375015258789
23-12-2004,25.475000381469727,25.5,3489400,25.875,25.829999923706055,13.925458908081055
27-12-2004,25.795000076293945,25.795000076293945,2722600,26.149999618530273,25.825000762939453,13.922761917114258
28-12-2004,25.700000762939453,25.829999923706055,2077200,26.075000762939453,26.05500030517578,14.046761512756348
29-12-2004,25.950000762939453,26.05500030517578,2528200,26.31999969482422,26.19499969482422,14.122237205505371
30-12-2004,26.084999084472656,26.190000534057617,1500000,26.270000457763672,26.155000686645508,14.100668907165527
31-12-2004,25.885000228881836,26.15999984741211,1699200,26.15999984741211,25.885000228881836,13.95510482788086
03-01-2005,25.420000076293945,25.885000228881836,3456400,25.9950008392334,25.475000381469727,13.734070777893066
04-01-2005,25.25,25.479999542236328,3309600,25.604999542236328,25.260000228881836,13.61815357208252
05-01-2005,24.895000457763672,25.125,3945400,25.375,24.924999237060547,13.437546730041504
06-01-2005,24.65999984741211,24.850000381469727,2634000,25.049999237060547,24.975000381469727,13.464512825012207
07-01-2005,24.799999237060547,24.90999984741211,3748200,25.19499969482422,24.834999084472656,13.389033317565918
10-01-2005,24.81999969482422,24.81999969482422,2249600,25.21500015258789,25.09000015258789,13.526512145996094
11-01-2005,24.75,24.979999542236328,1969600,25.145000457763672,24.844999313354492,13.394423484802246
12-01-2005,24.829999923706055,24.950000762939453,2892800,25.145000457763672,25.084999084472656,13.52381420135498
13-01-2005,25.09000015258789,25.104999542236328,1811200,25.559999465942383,25.299999237060547,13.639723777770996
14-01-2005,25.145000457763672,25.299999237060547,1695400,25.59000015258789,25.405000686645508,13.696331977844238
18-01-2005,25.30500030517578,25.30500030517578,1493000,25.790000915527344,25.780000686645508,13.898500442504883
19-01-2005,25.489999771118164,25.780000686645508,1723000,25.81999969482422,25.489999771118164,13.742156982421875
20-01-2005,25.219999313354492,25.450000762939453,2126200,25.5,25.264999389648438,13.620855331420898
21-01-2005,25.05500030517578,25.264999389648438,1355400,25.399999618530273,25.145000457763672,13.556160926818848
24-01-2005,25.079999923706055,25.100000381469727,1739800,25.59000015258789,25.3799991607666,13.682848930358887
25-01-2005,25.295000076293945,25.375,1876400,25.600000381469727,25.299999237060547,13.639723777770996
26-01-2005,25.295000076293945,25.299999237060547,2007200,25.94499969482422,25.875,13.949714660644531
27-01-2005,25.700000762939453,25.774999618530273,2213800,26.19499969482422,25.975000381469727,14.003631591796875
28-01-2005,25.770000457763672,25.950000762939453,1681200,26.170000076293945,26.100000381469727,14.071020126342773
31-01-2005,26.0049991607666,26.100000381469727,1287600,26.40999984741211,26.375,14.219277381896973
01-02-2005,26.295000076293945,26.375,2465800,26.834999084472656,26.799999237060547,14.448402404785156
02-02-2005,26.584999084472656,26.719999313354492,1767400,26.864999771118164,26.71500015258789,14.402572631835938
03-02-2005,26.389999389648438,26.524999618530273,1516400,26.860000610351562,26.860000610351562,14.480752944946289
04-02-2005,26.924999237060547,26.959999084472656,1752600,27.200000762939453,27.100000381469727,14.610137939453125
07-02-2005,26.950000762939453,27.0,1755200,27.299999237060547,27.1200008392334,14.620930671691895
08-02-2005,26.975000381469727,27.0,1933000,27.25,27.125,14.623613357543945
09-02-2005,27.049999237060547,27.125,2291200,27.325000762939453,27.125,14.623613357543945
10-02-2005,26.975000381469727,27.25,1074800,27.25,27.125,14.623613357543945
11-02-2005,26.875,27.125,1784400,27.309999465942383,27.049999237060547,14.583187103271484
14-02-2005,27.030000686645508,27.1200008392334,2152800,27.334999084472656,27.165000915527344,14.645182609558105
15-02-2005,26.78499984741211,27.165000915527344,1867000,27.165000915527344,26.834999084472656,14.46727466583252
16-02-2005,26.799999237060547,26.834999084472656,1611800,27.200000762939453,27.165000915527344,14.645182609558105
17-02-2005,26.924999237060547,27.114999771118164,1252000,27.229999542236328,26.950000762939453,14.529267311096191
18-02-2005,26.5049991607666,27.104999542236328,2147600,27.104999542236328,26.575000762939453,14.327095031738281
22-02-2005,25.75,26.575000762939453,2085800,26.579999923706055,25.75,13.882328033447266
23-02-2005,25.950000762939453,25.950000762939453,2167000,26.420000076293945,26.079999923706055,14.060232162475586
24-02-2005,26.190000534057617,26.190000534057617,1253400,26.594999313354492,26.5,14.286666870117188
25-02-2005,26.450000762939453,26.450000762939453,1463800,27.315000534057617,27.170000076293945,14.647876739501953
28-02-2005,27.020000457763672,27.149999618530273,1561200,27.479999542236328,27.274999618530273,14.704486846923828
01-03-2005,26.959999084472656,27.274999618530273,4173000,27.565000534057617,26.985000610351562,14.548141479492188
02-03-2005,26.795000076293945,26.899999618530273,1949000,27.389999389648438,27.2450008392334,14.688310623168945
03-03-2005,26.924999237060547,27.260000228881836,3957600,27.290000915527344,27.21500015258789,14.672139167785645
04-03-2005,27.399999618530273,27.399999618530273,4894600,28.114999771118164,28.045000076293945,15.11960506439209
07-03-2005,27.700000762939453,27.709999084472656,2163200,27.920000076293945,27.825000762939453,15.1522798538208
08-03-2005,27.424999237060547,27.774999618530273,2207200,27.795000076293945,27.649999618530273,15.056976318359375
09-03-2005,27.059999465942383,27.450000762939453,2028800,27.450000762939453,27.100000381469727,14.757475852966309
10-03-2005,26.950000762939453,27.100000381469727,2392200,27.649999618530273,27.530000686645508,14.991629600524902
11-03-2005,27.174999237060547,27.524999618530273,1174000,27.649999618530273,27.174999237060547,14.798322677612305
14-03-2005,27.15999984741211,27.200000762939453,1369600,27.59000015258789,27.565000534057617,15.010696411132812
15-03-2005,27.299999237060547,27.690000534057617,1275200,27.8799991607666,27.299999237060547,14.8663911819458
16-03-2005,26.799999237060547,27.350000381469727,1527800,27.549999237060547,26.90999984741211,14.654009819030762
17-03-2005,26.950000762939453,27.0,983200,27.299999237060547,27.079999923706055,14.746586799621582
18-03-2005,26.920000076293945,27.139999389648438,2288800,27.219999313354492,27.145000457763672,14.781984329223633
21-03-2005,26.969999313354492,27.094999313354492,1101800,27.225000381469727,27.139999389648438,14.779257774353027
22-03-2005,26.2549991607666,27.09000015258789,1357200,27.165000915527344,26.2549991607666,14.297324180603027
23-03-2005,25.739999771118164,26.239999771118164,1882000,26.239999771118164,26.100000381469727,14.212923049926758
24-03-2005,26.200000762939453,26.299999237060547,1180600,26.579999923706055,26.510000228881836,14.436188697814941
28-03-2005,26.44499969482422,26.600000381469727,1054000,26.90999984741211,26.764999389648438,14.575051307678223
29-03-2005,26.204999923706055,26.764999389648438,1209200,26.844999313354492,26.315000534057617,14.329998970031738
30-03-2005,26.424999237060547,26.424999237060547,1699000,26.954999923706055,26.700000762939453,14.539650917053223
31-03-2005,26.829999923706055,26.899999618530273,1657600,27.30500030517578,27.19499969482422,14.809208869934082
01-04-2005,26.825000762939453,27.43000030517578,2400400,27.440000534057617,27.21500015258789,14.820101737976074
04-04-2005,26.899999618530273,27.264999389648438,2005200,27.34000015258789,27.040000915527344,14.724799156188965
05-04-2005,26.924999237060547,26.975000381469727,1169600,27.264999389648438,27.1299991607666,14.773810386657715
06-04-2005,26.920000076293945,27.225000381469727,1417400,27.225000381469727,27.030000686645508,14.71936321258545
07-04-2005,26.920000076293945,27.049999237060547,1391800,27.31999969482422,27.280000686645508,14.85549545288086
08-04-2005,26.899999618530273,27.299999237060547,999800,27.375,26.940000534057617,14.670350074768066
11-04-2005,26.899999618530273,26.899999618530273,1474000,27.545000076293945,27.489999771118164,14.969857215881348
12-04-2005,27.274999618530273,27.489999771118164,2715600,28.09000015258789,28.05500030517578,15.27752685546875
13-04-2005,27.545000076293945,27.975000381469727,2463600,28.155000686645508,27.709999084472656,15.089655876159668
14-04-2005,27.375,27.610000610351562,1592200,27.729999542236328,27.434999465942383,14.939897537231445
15-04-2005,26.850000381469727,27.485000610351562,2223000,27.5,26.850000381469727,14.621345520019531
18-04-2005,26.625,26.899999618530273,1085800,27.05500030517578,26.8700008392334,14.632227897644043
19-04-2005,26.8700008392334,26.8700008392334,1614200,27.399999618530273,27.19499969482422,14.809208869934082
20-04-2005,27.09000015258789,27.225000381469727,1854600,27.524999618530273,27.229999542236328,14.828266143798828
21-04-2005,27.260000228881836,27.524999618530273,1272600,27.625,27.56999969482422,15.01341438293457
22-04-2005,27.235000610351562,27.69499969482422,1615200,27.899999618530273,27.469999313354492,14.958961486816406
25-04-2005,27.594999313354492,27.594999313354492,1729800,27.920000076293945,27.844999313354492,15.163172721862793
26-04-2005,27.389999389648438,27.799999237060547,1746200,27.80500030517578,27.44499969482422,14.945345878601074
27-04-2005,27.229999542236328,27.40999984741211,1634400,28.0,27.90999984741211,15.198567390441895
28-04-2005,27.78499984741211,27.78499984741211,2090600,28.614999771118164,28.270000457763672,15.394608497619629
29-04-2005,28.19499969482422,28.3700008392334,2771600,29.084999084472656,29.049999237060547,15.81936264038086
02-05-2005,28.885000228881836,28.924999237060547,1779400,29.139999389648438,29.139999389648438,15.86837100982666
03-05-2005,28.59000015258789,28.975000381469727,2060800,29.075000762939453,28.649999618530273,15.60153865814209
04-05-2005,28.469999313354492,28.649999618530273,1855800,29.100000381469727,29.100000381469727,15.846588134765625
05-05-2005,28.6299991607666,29.049999237060547,1181200,29.059999465942383,28.649999618530273,15.60153865814209
06-05-2005,28.264999389648438,28.524999618530273,1383200,28.700000762939453,28.684999465942383,15.620595932006836
09-05-2005,28.104999542236328,28.610000610351562,2627000,28.610000610351562,28.434999465942383,15.484456062316895
10-05-2005,28.149999618530273,28.25,1485200,28.614999771118164,28.329999923706055,15.427281379699707
11-05-2005,27.915000915527344,28.454999923706055,1272400,28.46500015258789,28.200000762939453,15.356487274169922
12-05-2005,27.760000228881836,28.049999237060547,1622600,28.219999313354492,27.774999618530273,15.125049591064453
13-05-2005,26.0,27.774999618530273,3268200,27.790000915527344,26.799999237060547,14.594107627868652
16-05-2005,26.399999618530273,26.760000228881836,2870000,26.799999237060547,26.670000076293945,14.523314476013184
17-05-2005,26.454999923706055,26.645000457763672,1989200,26.94499969482422,26.799999237060547,14.594107627868652
18-05-2005,27.03499984741211,27.100000381469727,2448200,27.344999313354492,27.25,14.839154243469238
19-05-2005,27.260000228881836,27.280000686645508,1536600,27.674999237060547,27.549999237060547,15.00252628326416
20-05-2005,27.479999542236328,27.700000762939453,2214400,27.895000457763672,27.844999313354492,15.163172721862793
23-05-2005,27.68000030517578,27.889999389648438,938200,27.924999237060547,27.690000534057617,15.078765869140625
24-05-2005,27.5,27.690000534057617,1318600,27.7549991607666,27.540000915527344,14.99708366394043
25-05-2005,27.459999084472656,27.459999084472656,655000,27.700000762939453,27.549999237060547,15.00252628326416
26-05-2005,27.4950008392334,27.524999618530273,851200,27.825000762939453,27.760000228881836,15.1168794631958
27-05-2005,27.635000228881836,27.809999465942383,1085000,27.875,27.739999771118164,15.10599136352539
31-05-2005,27.520000457763672,27.700000762939453,1632000,27.799999237060547,27.75,15.111438751220703
01-06-2005,27.625,27.700000762939453,3835200,28.344999313354492,28.325000762939453,15.424560546875
02-06-2005,28.299999237060547,28.43000030517578,1457000,28.600000381469727,28.46500015258789,15.5007905960083
03-06-2005,28.239999771118164,28.364999771118164,1694800,28.6299991607666,28.549999237060547,15.54708194732666
06-06-2005,28.084999084472656,28.200000762939453,1394400,28.549999237060547,28.200000762939453,15.508587837219238
07-06-2005,28.200000762939453,28.204999923706055,2395600,28.950000762939453,28.454999923706055,15.648823738098145
08-06-2005,28.200000762939453,28.549999237060547,1747400,28.655000686645508,28.30500030517578,15.566326141357422
09-06-2005,28.045000076293945,28.30500030517578,7322400,28.350000381469727,28.114999771118164,15.461849212646484
10-06-2005,28.19499969482422,28.200000762939453,2148000,28.7450008392334,28.524999618530273,15.687322616577148
13-06-2005,28.225000381469727,28.530000686645508,3831000,28.709999084472656,28.469999313354492,15.657073020935059
14-06-2005,28.260000228881836,28.469999313354492,1050000,28.469999313354492,28.334999084472656,15.582825660705566
15-06-2005,27.709999084472656,28.31999969482422,1464400,28.354999542236328,28.350000381469727,15.591082572937012
16-06-2005,27.834999084472656,28.200000762939453,800400,28.280000686645508,27.950000762939453,15.371097564697266
17-06-2005,28.0049991607666,28.125,2691600,28.729999542236328,28.690000534057617,15.778066635131836
20-06-2005,28.270000457763672,28.565000534057617,1602200,28.610000610351562,28.579999923706055,15.717564582824707
21-06-2005,28.565000534057617,28.6200008392334,937200,28.809999465942383,28.639999389648438,15.75056266784668
22-06-2005,28.639999389648438,28.829999923706055,2438400,29.65999984741211,29.475000381469727,16.20977210998535
23-06-2005,29.424999237060547,29.424999237060547,2930200,30.200000762939453,29.84000015258789,16.410507202148438
24-06-2005,29.75,29.790000915527344,1449000,30.0,29.815000534057617,16.396757125854492
27-06-2005,29.68000030517578,29.799999237060547,1138400,29.895000457763672,29.81999969482422,16.399511337280273
28-06-2005,29.764999389648438,29.795000076293945,1505800,30.125,30.125,16.567235946655273
29-06-2005,29.700000762939453,30.225000381469727,1319400,30.225000381469727,29.815000534057617,16.396757125854492
30-06-2005,29.905000686645508,29.96500015258789,3959600,30.829999923706055,30.40999984741211,16.723974227905273
01-07-2005,30.25,30.459999084472656,1597400,30.725000381469727,30.65999984741211,16.861467361450195
05-07-2005,30.454999923706055,30.510000228881836,1069800,30.844999313354492,30.704999923706055,16.886211395263672
06-07-2005,29.90999984741211,30.645000457763672,2658000,30.809999465942383,29.96500015258789,16.479249954223633
07-07-2005,29.545000076293945,29.600000381469727,1787000,30.415000915527344,30.385000228881836,16.71022605895996
08-07-2005,30.25,30.350000381469727,2396200,30.760000228881836,30.725000381469727,16.897207260131836
11-07-2005,30.80500030517578,30.885000228881836,1099600,31.239999771118164,31.125,17.11719512939453
12-07-2005,31.219999313354492,31.299999237060547,1710200,31.649999618530273,31.524999618530273,17.33717155456543
13-07-2005,31.4950008392334,31.600000381469727,1146800,31.844999313354492,31.825000762939453,17.50215721130371
14-07-2005,31.094999313354492,31.950000762939453,2710600,32.15999984741211,31.364999771118164,17.249174118041992
15-07-2005,31.0,31.46500015258789,1063800,31.610000610351562,31.200000762939453,17.158432006835938
18-07-2005,30.940000534057617,31.200000762939453,977400,31.299999237060547,30.94499969482422,17.018203735351562
19-07-2005,30.934999465942383,30.9950008392334,1113000,31.389999389648438,31.325000762939453,17.22718048095703
20-07-2005,31.0,31.200000762939453,1993600,31.68000030517578,31.649999618530273,17.405914306640625
21-07-2005,30.639999389648438,31.56999969482422,2101000,31.584999084472656,30.80500030517578,16.941207885742188
22-07-2005,30.704999923706055,30.854999542236328,1439800,31.1200008392334,31.045000076293945,17.07318878173828
25-07-2005,31.030000686645508,31.05500030517578,798200,31.524999618530273,31.09000015258789,17.097944259643555
26-07-2005,30.899999618530273,31.0,1186400,31.28499984741211,31.040000915527344,17.070449829101562
27-07-2005,30.895000457763672,31.139999389648438,1431400,31.325000762939453,31.239999771118164,17.18042755126953
28-07-2005,31.239999771118164,31.239999771118164,2112800,31.950000762939453,31.774999618530273,17.474655151367188
29-07-2005,31.80500030517578,31.850000381469727,2049600,32.26499938964844,32.150001525878906,17.680889129638672
01-08-2005,31.225000381469727,31.899999618530273,3223600,31.905000686645508,31.25,17.18593406677246
02-08-2005,31.350000381469727,31.375,2463000,32.060001373291016,32.04999923706055,17.625892639160156
03-08-2005,31.895000457763672,31.950000762939453,2467800,32.650001525878906,32.3650016784668,17.79912757873535
04-08-2005,31.950000762939453,32.255001068115234,1237800,32.334999084472656,32.13999938964844,17.675386428833008
05-08-2005,31.0,31.940000534057617,1749000,31.940000534057617,31.09000015258789,17.097944259643555
08-08-2005,30.21500015258789,31.21500015258789,2118600,31.395000457763672,30.219999313354492,16.619482040405273
09-08-2005,30.440000534057617,30.610000610351562,1471600,30.915000915527344,30.709999084472656,16.888961791992188
10-08-2005,30.364999771118164,30.940000534057617,3224400,31.489999771118164,30.424999237060547,16.73222541809082
11-08-2005,30.295000076293945,30.350000381469727,2214800,30.985000610351562,30.799999237060547,16.938457489013672
12-08-2005,30.600000381469727,30.75,1079200,30.989999771118164,30.639999389648438,16.850460052490234
15-08-2005,30.43000030517578,30.59000015258789,1341400,30.899999618530273,30.834999084472656,16.957704544067383
16-08-2005,30.325000762939453,30.850000381469727,1366600,30.975000381469727,30.375,16.704723358154297
17-08-2005,29.850000381469727,30.225000381469727,1761200,30.524999618530273,30.424999237060547,16.73222541809082
18-08-2005,30.170000076293945,30.350000381469727,847000,30.489999771118164,30.344999313354492,16.68822479248047
19-08-2005,30.364999771118164,30.469999313354492,1970400,30.799999237060547,30.799999237060547,16.938457489013672
22-08-2005,30.760000228881836,30.799999237060547,1342200,31.075000762939453,30.959999084472656,17.02644920349121
23-08-2005,30.934999465942383,30.959999084472656,1683400,31.34000015258789,31.299999237060547,17.213430404663086
24-08-2005,30.850000381469727,31.299999237060547,2251200,31.7450008392334,30.854999542236328,16.968706130981445
25-08-2005,31.020000457763672,31.05500030517578,1164800,31.399999618530273,31.375,17.254676818847656
26-08-2005,31.149999618530273,31.325000762939453,1153800,31.565000534057617,31.155000686645508,17.133689880371094
29-08-2005,30.93000030517578,30.954999923706055,1224200,31.579999923706055,31.4950008392334,17.32067108154297
30-08-2005,31.149999618530273,31.3700008392334,2086000,31.575000762939453,31.56999969482422,17.361915588378906
31-08-2005,31.4950008392334,31.604999542236328,2361400,32.279998779296875,32.275001525878906,17.749637603759766
01-09-2005,31.25,31.8700008392334,4545600,32.79999923706055,32.42499923706055,17.832124710083008
02-09-2005,32.349998474121094,32.5,2414600,32.70000076293945,32.439998626708984,17.840368270874023
06-09-2005,32.28499984741211,32.28499984741211,2023600,33.16999816894531,33.165000915527344,18.397886276245117
07-09-2005,32.775001525878906,32.974998474121094,1109600,33.095001220703125,32.94499969482422,18.275836944580078
08-09-2005,32.595001220703125,32.935001373291016,1467200,33.025001525878906,32.599998474121094,18.084461212158203
09-09-2005,32.599998474121094,32.625,935400,33.154998779296875,33.130001068115234,18.378469467163086
12-09-2005,32.959999084472656,33.130001068115234,1305200,33.3650016784668,33.21500015258789,18.425622940063477
13-09-2005,32.869998931884766,33.290000915527344,1763000,33.435001373291016,32.8849983215332,18.2425479888916
14-09-2005,32.744998931884766,32.95000076293945,901600,33.11000061035156,32.82500076293945,18.20927619934082
15-09-2005,32.79999923706055,32.79999923706055,1001800,33.45000076293945,33.439998626708984,18.55044174194336
16-09-2005,33.30500030517578,33.564998626708984,2574000,34.0099983215332,33.849998474121094,18.77787971496582
19-09-2005,33.665000915527344,33.92499923706055,1838800,34.20500183105469,33.84000015258789,18.7723331451416
20-09-2005,33.68000030517578,33.96500015258789,1164000,34.23500061035156,33.685001373291016,18.686349868774414
21-09-2005,31.100000381469727,33.560001373291016,6835800,33.869998931884766,32.095001220703125,17.8043212890625
22-09-2005,31.485000610351562,32.0,2219600,32.150001525878906,31.825000762939453,17.654541015625
23-09-2005,31.575000762939453,31.950000762939453,1818000,32.13999938964844,31.864999771118164,17.676729202270508
26-09-2005,32.01499938964844,32.05500030517578,1752600,32.79999923706055,32.459999084472656,18.006797790527344
27-09-2005,32.11000061035156,32.625,1961200,32.625,32.29999923706055,17.918041229248047
28-09-2005,32.060001373291016,32.71500015258789,1674600,33.0,32.33000183105469,17.934682846069336
29-09-2005,32.04499816894531,32.29999923706055,1849400,32.95000076293945,32.560001373291016,18.062271118164062
30-09-2005,32.0099983215332,32.69499969482422,2699200,32.7400016784668,32.18000030517578,17.851472854614258
03-10-2005,31.655000686645508,32.154998779296875,3161400,32.42499923706055,32.20000076293945,17.862565994262695
04-10-2005,31.69499969482422,32.224998474121094,2699200,32.380001068115234,31.774999618530273,17.626798629760742
05-10-2005,30.684999465942383,31.700000762939453,2467200,31.809999465942383,30.854999542236328,17.116443634033203
06-10-2005,30.385000228881836,30.854999542236328,2866600,31.28499984741211,30.864999771118164,17.121990203857422
07-10-2005,30.674999237060547,30.81999969482422,1308600,31.420000076293945,31.149999618530273,17.280088424682617
10-10-2005,30.385000228881836,31.049999237060547,2133400,31.094999313354492,30.5,16.919513702392578
11-10-2005,29.774999618530273,30.260000228881836,3828400,30.565000534057617,29.96500015258789,16.622726440429688
12-10-2005,28.899999618530273,29.940000534057617,3844400,30.204999923706055,29.075000762939453,16.129003524780273
13-10-2005,28.03499984741211,28.825000762939453,3934200,28.950000762939453,28.295000076293945,15.696311950683594
14-10-2005,28.399999618530273,28.434999465942383,3180600,29.1299991607666,29.059999465942383,16.120689392089844
17-10-2005,29.260000228881836,29.450000762939453,3259400,30.325000762939453,30.299999237060547,16.808563232421875
18-10-2005,29.575000762939453,30.299999237060547,2831600,30.299999237060547,29.799999237060547,16.531187057495117
19-10-2005,29.399999618530273,29.649999618530273,3113400,30.28499984741211,30.280000686645508,16.79746437072754
20-10-2005,29.614999771118164,30.149999618530273,2097400,30.34000015258789,29.80500030517578,16.533966064453125
21-10-2005,29.90999984741211,30.05500030517578,2670600,30.584999084472656,30.579999923706055,16.963884353637695
24-10-2005,30.5049991607666,30.700000762939453,1356800,31.690000534057617,31.59000015258789,17.524171829223633
25-10-2005,31.309999465942383,31.469999313354492,2241600,32.189998626708984,31.725000381469727,17.599069595336914
26-10-2005,31.09000015258789,31.5,4700200,31.68000030517578,31.170000076293945,17.291181564331055
27-10-2005,30.739999771118164,31.25,2093400,31.280000686645508,30.954999923706055,17.17190933227539
28-10-2005,30.950000762939453,30.975000381469727,2768200,31.649999618530273,31.575000762939453,17.515851974487305
31-10-2005,31.235000610351562,31.7549991607666,2410600,31.7549991607666,31.44499969482422,17.44373893737793
01-11-2005,30.885000228881836,31.174999237060547,3014200,31.295000076293945,31.040000915527344,17.21906852722168
02-11-2005,30.399999618530273,30.739999771118164,2959400,31.274999618530273,31.25,17.33555793762207
03-11-2005,31.264999389648438,31.299999237060547,3197200,31.940000534057617,31.875,17.682270050048828
04-11-2005,31.4950008392334,32.0,2686600,32.04999923706055,31.764999389648438,17.62125015258789
07-11-2005,31.295000076293945,31.725000381469727,1508600,31.934999465942383,31.5,17.474246978759766
08-11-2005,31.079999923706055,31.350000381469727,2375000,31.649999618530273,31.18000030517578,17.29673194885254
09-11-2005,31.084999084472656,31.260000228881836,1704400,31.469999313354492,31.315000534057617,17.37161636352539
10-11-2005,30.479999542236328,31.2549991607666,1630200,31.399999618530273,30.94499969482422,17.166364669799805
11-11-2005,30.459999084472656,30.94499969482422,807800,30.94499969482422,30.565000534057617,16.95556640625
14-11-2005,30.15999984741211,30.15999984741211,926800,30.610000610351562,30.360000610351562,16.841840744018555
15-11-2005,30.204999923706055,30.329999923706055,2182000,30.885000228881836,30.764999389648438,17.066518783569336
16-11-2005,30.81999969482422,30.850000381469727,1300800,31.34000015258789,30.975000381469727,17.183012008666992
17-11-2005,31.065000534057617,31.084999084472656,1515600,31.774999618530273,31.635000228881836,17.549137115478516
18-11-2005,30.489999771118164,31.665000915527344,4136000,31.959999084472656,30.959999084472656,17.174686431884766
21-11-2005,30.84000015258789,31.049999237060547,1502400,31.364999771118164,30.969999313354492,17.18023109436035
22-11-2005,30.59000015258789,30.924999237060547,3721000,31.084999084472656,30.875,17.12753677368164
23-11-2005,30.834999084472656,30.864999771118164,1591600,31.415000915527344,31.260000228881836,17.341110229492188
25-11-2005,31.209999084472656,31.360000610351562,424600,31.440000534057617,31.399999618530273,17.418773651123047
28-11-2005,30.7450008392334,31.200000762939453,2218000,31.475000381469727,31.280000686645508,17.352203369140625
29-11-2005,31.5,31.549999237060547,1902000,31.905000686645508,31.565000534057617,17.51030921936035
30-11-2005,31.149999618530273,31.364999771118164,1439000,31.559999465942383,31.360000610351562,17.39658546447754
01-12-2005,31.354999542236328,31.450000762939453,2721600,31.94499969482422,31.725000381469727,17.599069595336914
02-12-2005,31.514999389648438,31.774999618530273,3248200,31.829999923706055,31.764999389648438,17.62125015258789
05-12-2005,31.545000076293945,31.665000915527344,2638800,32.42499923706055,32.404998779296875,17.97627830505371
06-12-2005,32.005001068115234,32.06999969482422,1621800,32.540000915527344,32.20000076293945,18.018253326416016
07-12-2005,31.799999237060547,32.20000076293945,1226200,32.505001068115234,31.940000534057617,17.872770309448242
08-12-2005,31.915000915527344,31.975000381469727,1370800,32.689998626708984,32.5,18.186128616333008
09-12-2005,32.369998931884766,32.5099983215332,882000,32.86000061035156,32.650001525878906,18.270057678222656
12-12-2005,32.15999984741211,32.775001525878906,1538600,32.97999954223633,32.209999084472656,18.023845672607422
13-12-2005,32.314998626708984,32.375,1377400,32.849998474121094,32.845001220703125,18.37918472290039
14-12-2005,32.459999084472656,32.86000061035156,2361600,33.05500030517578,32.779998779296875,18.342803955078125
15-12-2005,32.90999984741211,33.0,3079800,33.685001373291016,33.290000915527344,18.628192901611328
16-12-2005,33.20000076293945,33.30500030517578,4000400,33.790000915527344,33.25,18.605804443359375
19-12-2005,32.540000915527344,33.25,2396600,33.25,32.56999969482422,18.22528648376465
20-12-2005,32.505001068115234,32.619998931884766,2879200,32.994998931884766,32.94499969482422,18.435134887695312
21-12-2005,32.494998931884766,33.2400016784668,1678000,33.349998474121094,32.540000915527344,18.20850944519043
22-12-2005,32.525001525878906,32.875,1789200,33.165000915527344,33.165000915527344,18.55824089050293
23-12-2005,33.17499923706055,33.20000076293945,1973400,33.375,33.314998626708984,18.64217758178711
27-12-2005,32.67499923706055,33.21500015258789,4319200,33.279998779296875,32.935001373291016,18.429542541503906
28-12-2005,32.814998626708984,32.935001373291016,2362600,33.064998626708984,33.01499938964844,18.47430419921875
29-12-2005,32.58000183105469,32.96500015258789,1661200,33.154998779296875,32.61000061035156,18.2476806640625
30-12-2005,32.209999084472656,32.474998474121094,1209400,32.54999923706055,32.48500061035156,18.177730560302734
03-01-2006,32.26499938964844,32.75,2204400,33.33000183105469,33.310001373291016,18.639381408691406
04-01-2006,32.70500183105469,33.375,2082200,33.5,33.3650016784668,18.67015266418457
05-01-2006,33.07500076293945,33.45000076293945,1473200,33.470001220703125,33.18000030517578,18.566638946533203
06-01-2006,33.13999938964844,33.415000915527344,1127000,33.80500030517578,33.80500030517578,18.916362762451172
09-01-2006,33.369998931884766,33.625,3484200,33.79999923706055,33.724998474121094,18.871599197387695
10-01-2006,33.11000061035156,33.57500076293945,1358000,33.57500076293945,33.564998626708984,18.78206443786621
11-01-2006,33.130001068115234,33.5,1537200,33.540000915527344,33.29999923706055,18.63378143310547
12-01-2006,33.119998931884766,33.28499984741211,1302400,33.44499969482422,33.349998474121094,18.661760330200195
13-01-2006,32.54999923706055,32.54999923706055,1509200,34.19499969482422,34.084999084472656,19.07305335998535
17-01-2006,33.68000030517578,33.68000030517578,2068800,34.75,34.720001220703125,19.428377151489258
18-01-2006,34.56999969482422,34.689998626708984,2783200,35.2599983215332,35.04999923706055,19.6130313873291
19-01-2006,34.80500030517578,34.95000076293945,3149200,35.20000076293945,35.150001525878906,19.66899299621582
20-01-2006,34.9900016784668,35.209999084472656,2272000,35.595001220703125,35.23500061035156,19.716550827026367
23-01-2006,35.20000076293945,35.334999084472656,2115400,35.625,35.44499969482422,19.834060668945312
24-01-2006,35.0,35.345001220703125,2561800,35.724998474121094,35.61000061035156,19.9263973236084
25-01-2006,35.0,35.3849983215332,2238400,36.224998474121094,35.064998626708984,19.621435165405273
26-01-2006,34.6349983215332,35.45000076293945,2486400,35.494998931884766,34.82500076293945,19.487136840820312
27-01-2006,34.779998779296875,34.90999984741211,3245600,35.720001220703125,34.95500183105469,19.55987548828125
30-01-2006,34.209999084472656,34.77000045776367,2158200,34.92499923706055,34.404998779296875,19.252107620239258
31-01-2006,34.26499938964844,34.5,2120400,35.03499984741211,34.810001373291016,19.47873878479004
01-02-2006,34.279998779296875,34.70000076293945,1760400,34.9900016784668,34.80500030517578,19.47594451904297
02-02-2006,33.8849983215332,34.400001525878906,2194000,34.625,34.1150016784668,19.089841842651367
03-02-2006,33.46500015258789,34.1150016784668,1335400,34.224998474121094,33.875,18.955537796020508
06-02-2006,33.70500183105469,33.724998474121094,1865400,34.1349983215332,33.96500015258789,19.005903244018555
07-02-2006,33.314998626708984,33.8650016784668,1498000,33.8650016784668,33.540000915527344,18.768083572387695
08-02-2006,33.060001373291016,33.54999923706055,1362600,33.54999923706055,33.084999084472656,18.513469696044922
09-02-2006,32.875,33.52000045776367,2307200,33.974998474121094,33.584999084472656,18.793258666992188
10-02-2006,33.56999969482422,33.619998931884766,2425600,34.415000915527344,34.084999084472656,19.07305335998535
13-02-2006,33.904998779296875,33.970001220703125,1281000,34.165000915527344,34.005001068115234,19.02828598022461
14-02-2006,33.20500183105469,34.0,2441600,34.15999984741211,34.15999984741211,19.11501693725586
15-02-2006,33.84000015258789,34.15999984741211,1279800,34.61000061035156,34.13999938964844,19.103824615478516
16-02-2006,33.6349983215332,34.05500030517578,1157200,34.150001525878906,33.814998626708984,18.921968460083008
17-02-2006,33.59000015258789,33.7400016784668,1913800,34.07500076293945,34.06999969482422,19.064661026000977
21-02-2006,33.970001220703125,34.09000015258789,2065400,34.599998474121094,34.39500045776367,19.24651336669922
22-02-2006,34.54499816894531,34.68000030517578,1174400,34.7599983215332,34.650001525878906,19.389205932617188
23-02-2006,34.470001220703125,34.599998474121094,1620000,35.07500076293945,34.73500061035156,19.436767578125
24-02-2006,34.595001220703125,34.73500061035156,1050400,34.82500076293945,34.70000076293945,19.417184829711914
27-02-2006,34.70000076293945,34.70000076293945,1364600,35.5,35.30500030517578,19.755733489990234
28-02-2006,34.31999969482422,35.07500076293945,4234600,35.150001525878906,34.69499969482422,19.41439437866211
01-03-2006,34.15999984741211,34.599998474121094,2308000,34.599998474121094,34.369998931884766,19.232526779174805
02-03-2006,33.775001525878906,34.125,1972600,34.595001220703125,34.474998474121094,19.29128074645996
03-03-2006,34.32500076293945,34.375,1703600,35.0,34.76499938964844,19.453554153442383
06-03-2006,33.26499938964844,34.45000076293945,1538200,34.45000076293945,33.314998626708984,18.796262741088867
07-03-2006,32.970001220703125,33.224998474121094,1186400,33.345001220703125,33.26499938964844,18.768051147460938
08-03-2006,32.584999084472656,33.18000030517578,1498800,33.744998931884766,33.5,18.900650024414062
09-03-2006,33.099998474121094,33.599998474121094,785400,33.69499969482422,33.154998779296875,18.70600128173828
10-03-2006,33.154998779296875,33.20500183105469,1212200,33.939998626708984,33.73500061035156,19.033222198486328
13-03-2006,33.439998626708984,33.79999923706055,903400,33.79999923706055,33.57500076293945,18.942956924438477
14-03-2006,33.494998931884766,33.55500030517578,1343600,34.07500076293945,34.005001068115234,19.185565948486328
15-03-2006,33.58000183105469,33.95000076293945,999600,34.08000183105469,33.970001220703125,19.16581916809082
16-03-2006,34.0099983215332,34.099998474121094,934800,34.46500015258789,34.150001525878906,19.26737403869629
17-03-2006,33.45000076293945,34.32500076293945,1852600,34.3650016784668,33.939998626708984,19.148893356323242
20-03-2006,33.4900016784668,34.040000915527344,1119400,34.07500076293945,33.560001373291016,18.934494018554688
21-03-2006,32.8650016784668,33.474998474121094,1100400,33.525001525878906,33.0,18.618545532226562
22-03-2006,32.875,32.97999954223633,966800,33.57500076293945,33.5,18.900650024414062
23-03-2006,33.31999969482422,33.53499984741211,2588200,33.6349983215332,33.42499923706055,18.858325958251953
24-03-2006,33.14500045776367,33.29999923706055,911800,33.595001220703125,33.154998779296875,18.70600128173828
27-03-2006,32.625,32.70500183105469,1089200,33.154998779296875,32.69499969482422,18.44645881652832
28-03-2006,32.30500030517578,32.70000076293945,1742400,33.04499816894531,32.5099983215332,18.342084884643555
29-03-2006,32.48500061035156,32.595001220703125,984600,32.88999938964844,32.79999923706055,18.505704879760742
30-03-2006,31.985000610351562,32.54999923706055,1616200,32.75,32.26499938964844,18.20386505126953
31-03-2006,32.01499938964844,32.290000915527344,1580000,32.400001525878906,32.02000045776367,18.065628051757812
03-04-2006,31.885000228881836,31.924999237060547,2617000,32.47999954223633,31.979999542236328,18.043058395385742
04-04-2006,31.829999923706055,31.950000762939453,3423000,32.41999816894531,32.275001525878906,18.209497451782227
05-04-2006,31.96500015258789,32.25,2354800,32.81999969482422,32.724998474121094,18.46339225769043
06-04-2006,31.985000610351562,32.63999938964844,1162000,32.70000076293945,32.1150016784668,18.119230270385742
07-04-2006,31.239999771118164,32.099998474121094,3080800,32.244998931884766,31.264999389648438,17.639663696289062
10-04-2006,31.125,31.229999542236328,1677600,31.614999771118164,31.299999237060547,17.659408569335938
11-04-2006,30.885000228881836,31.399999618530273,1102600,31.5,30.989999771118164,17.4845027923584
12-04-2006,30.725000381469727,31.0049991607666,1847200,31.079999923706055,31.040000915527344,17.51271629333496
13-04-2006,30.614999771118164,30.864999771118164,2985200,30.9950008392334,30.725000381469727,17.334991455078125
17-04-2006,30.489999771118164,30.649999618530273,1229200,30.875,30.655000686645508,17.295499801635742
18-04-2006,30.584999084472656,30.584999084472656,2388600,31.68000030517578,31.600000381469727,17.82866859436035
19-04-2006,31.5,31.56999969482422,1027000,31.899999618530273,31.704999923706055,17.887908935546875
20-04-2006,31.625,31.68000030517578,2617600,32.1150016784668,31.885000228881836,17.989458084106445
21-04-2006,31.514999389648438,31.924999237060547,1918800,32.0,31.6200008392334,17.83994483947754
24-04-2006,31.395000457763672,31.5,2462800,33.27000045776367,33.04999923706055,18.646745681762695
25-04-2006,32.404998779296875,33.025001525878906,2022400,33.025001525878906,32.57500076293945,18.378761291503906
26-04-2006,30.959999084472656,32.125,7857600,32.349998474121094,31.024999618530273,17.50425910949707
27-04-2006,30.6200008392334,30.75,5856000,31.78499984741211,31.489999771118164,17.7666072845459
28-04-2006,31.15999984741211,31.440000534057617,3233800,31.600000381469727,31.350000381469727,17.687618255615234
01-05-2006,30.940000534057617,31.049999237060547,3633600,31.520000457763672,30.985000610351562,17.481689453125
02-05-2006,31.100000381469727,31.100000381469727,3734000,31.78499984741211,31.704999923706055,17.887908935546875
03-05-2006,31.510000228881836,31.600000381469727,4658800,31.924999237060547,31.760000228881836,17.918941497802734
04-05-2006,31.854999542236328,31.899999618530273,2558000,32.275001525878906,32.08000183105469,18.099477767944336
05-05-2006,32.35499954223633,32.42499923706055,2203600,32.71500015258789,32.654998779296875,18.423898696899414
08-05-2006,31.895000457763672,32.45000076293945,2528400,32.61000061035156,32.5099983215332,18.342084884643555
09-05-2006,32.28499984741211,32.584999084472656,2895400,32.584999084472656,32.380001068115234,18.268741607666016
10-05-2006,32.15999984741211,32.32500076293945,5665200,32.654998779296875,32.650001525878906,18.421070098876953
11-05-2006,31.709999084472656,32.625,3908400,32.70000076293945,31.989999771118164,18.04869842529297
12-05-2006,31.25,31.875,3677400,32.005001068115234,31.329999923706055,17.676332473754883
15-05-2006,31.0,31.329999923706055,6514400,31.690000534057617,31.375,17.701725006103516
16-05-2006,31.049999237060547,31.360000610351562,2102400,31.549999237060547,31.260000228881836,17.636838912963867
17-05-2006,30.21500015258789,31.0,3129800,31.225000381469727,30.325000762939453,17.10931396484375
18-05-2006,29.934999465942383,29.934999465942383,6482400,30.915000915527344,30.725000381469727,17.334991455078125
19-05-2006,29.5,30.850000381469727,5945000,31.104999542236328,30.75,17.34910011291504
22-05-2006,30.4950008392334,30.524999618530273,2522200,31.0049991607666,30.75,17.34910011291504
23-05-2006,30.725000381469727,30.7549991607666,3888800,31.475000381469727,30.78499984741211,17.36884880065918
24-05-2006,30.059999465942383,30.700000762939453,5105600,31.030000686645508,30.905000686645508,17.436546325683594
25-05-2006,30.760000228881836,31.024999618530273,2539800,31.2450008392334,31.239999771118164,17.62555694580078
26-05-2006,31.100000381469727,31.424999237060547,1876600,31.8700008392334,31.864999771118164,17.978181838989258
30-05-2006,31.25,31.850000381469727,1879000,31.850000381469727,31.34000015258789,17.681970596313477
31-05-2006,31.415000915527344,31.424999237060547,4944400,32.040000915527344,31.864999771118164,17.978181838989258
01-06-2006,31.825000762939453,31.8700008392334,9591800,32.98500061035156,32.95500183105469,18.59315299987793
02-06-2006,32.7599983215332,32.95500183105469,6141000,33.52000045776367,33.51499938964844,18.909101486206055
05-06-2006,33.17499923706055,33.400001525878906,3575200,33.814998626708984,33.314998626708984,18.796262741088867
06-06-2006,32.20500183105469,33.029998779296875,3271400,33.029998779296875,32.69499969482422,18.605627059936523
07-06-2006,32.599998474121094,32.75,3985400,33.14500045776367,32.6349983215332,18.57148551940918
08-06-2006,32.34000015258789,32.45000076293945,4242200,33.06999969482422,32.654998779296875,18.582870483398438
09-06-2006,32.52000045776367,32.57500076293945,4001200,33.17499923706055,33.05500030517578,18.81049346923828
12-06-2006,32.69499969482422,32.724998474121094,3468000,33.404998779296875,33.404998779296875,19.009668350219727
13-06-2006,32.974998474121094,33.349998474121094,3587800,33.66999816894531,33.220001220703125,18.904396057128906
14-06-2006,32.099998474121094,33.32500076293945,4368800,33.32500076293945,32.63999938964844,18.574323654174805
15-06-2006,32.439998626708984,32.625,2070200,33.095001220703125,32.849998474121094,18.693838119506836
16-06-2006,32.52000045776367,32.900001525878906,2744400,33.189998626708984,32.66999816894531,18.591405868530273
19-06-2006,31.860000610351562,32.79999923706055,1874200,32.79999923706055,31.889999389648438,18.147533416748047
20-06-2006,32.165000915527344,32.29999923706055,7221600,32.96500015258789,32.95500183105469,18.753591537475586
21-06-2006,32.650001525878906,32.95500183105469,3131000,33.06999969482422,32.875,18.708059310913086
22-06-2006,32.459999084472656,32.86000061035156,6041000,33.45000076293945,33.29999923706055,18.94991111755371
23-06-2006,33.095001220703125,33.15999984741211,2519800,33.665000915527344,33.310001373291016,18.955604553222656
26-06-2006,33.185001373291016,33.349998474121094,1833800,33.4900016784668,33.334999084472656,18.96982765197754
27-06-2006,32.790000915527344,33.349998474121094,3532400,33.59000015258789,32.80500030517578,18.668228149414062
28-06-2006,32.64500045776367,33.099998474121094,3488000,33.15999984741211,32.744998931884766,18.634096145629883
29-06-2006,32.3650016784668,32.790000915527344,3250800,32.875,32.75,18.636930465698242
30-06-2006,32.56999969482422,32.75,3372000,33.08000183105469,33.060001373291016,18.81334114074707
03-07-2006,32.849998474121094,33.165000915527344,758400,33.59000015258789,33.560001373291016,19.09787368774414
05-07-2006,33.185001373291016,33.45000076293945,2172400,33.75,33.30500030517578,18.9527587890625
06-07-2006,32.95000076293945,33.30500030517578,2026000,33.334999084472656,33.18000030517578,18.881628036499023
07-07-2006,33.099998474121094,33.165000915527344,1844200,33.53499984741211,33.31999969482422,18.96129608154297
10-07-2006,33.150001525878906,33.369998931884766,3303400,33.6349983215332,33.31999969482422,18.96129608154297
11-07-2006,33.25,33.29999923706055,3521800,33.83000183105469,33.81999969482422,19.24582862854004
12-07-2006,33.45000076293945,33.724998474121094,1956400,33.92499923706055,33.4900016784668,19.05803871154785
13-07-2006,33.380001068115234,33.46500015258789,3787400,33.90999984741211,33.55500030517578,19.095029830932617
14-07-2006,33.400001525878906,33.45000076293945,2405000,33.82500076293945,33.654998779296875,19.15192985534668
17-07-2006,33.654998779296875,33.69499969482422,3416800,34.18000030517578,33.94499969482422,19.316965103149414
18-07-2006,33.68000030517578,33.904998779296875,2444800,34.025001525878906,33.8849983215332,19.282814025878906
19-07-2006,33.82500076293945,33.8650016784668,2267000,34.33000183105469,34.095001220703125,19.402324676513672
20-07-2006,34.095001220703125,34.14500045776367,2486000,34.45500183105469,34.16999816894531,19.44499969482422
21-07-2006,34.17499923706055,34.560001373291016,6323000,34.71500015258789,34.435001373291016,19.595815658569336
24-07-2006,34.32500076293945,34.5,2559400,34.79999923706055,34.60499954223633,19.69255256652832
25-07-2006,34.59000015258789,34.6349983215332,5382600,34.875,34.70000076293945,19.746604919433594
26-07-2006,34.54999923706055,34.75,4793000,34.94499969482422,34.779998779296875,19.792133331298828
27-07-2006,34.130001068115234,34.900001525878906,4514600,34.94499969482422,34.189998626708984,19.456388473510742
28-07-2006,34.125,34.125,5380800,34.755001068115234,34.525001525878906,19.647022247314453
31-07-2006,33.66999816894531,34.45000076293945,8625600,34.93000030517578,33.71500015258789,19.186071395874023
01-08-2006,33.505001068115234,33.7400016784668,7113600,34.810001373291016,34.70500183105469,19.749454498291016
02-08-2006,34.650001525878906,34.775001525878906,3747000,35.0,34.76499938964844,19.78359603881836
03-08-2006,33.810001373291016,34.70000076293945,12754600,34.72999954223633,33.915000915527344,19.299890518188477
04-08-2006,31.950000762939453,34.099998474121094,30810200,34.2599983215332,32.5,18.494657516479492
07-08-2006,33.25,33.400001525878906,33113000,34.220001220703125,33.505001068115234,19.06656837463379
08-08-2006,33.529998779296875,33.689998626708984,3871600,33.90999984741211,33.625,19.13486099243164
09-08-2006,33.599998474121094,33.70000076293945,3468800,33.974998474121094,33.625,19.13486099243164
10-08-2006,33.59000015258789,33.75,5065200,33.92499923706055,33.86000061035156,19.26859474182129
11-08-2006,33.744998931884766,33.810001373291016,3760000,34.1150016784668,33.994998931884766,19.345413208007812
14-08-2006,34.03499984741211,34.099998474121094,3251000,34.619998931884766,34.529998779296875,19.649866104125977
15-08-2006,34.60499954223633,34.75,3547400,35.125,35.01499938964844,19.925859451293945
16-08-2006,34.54999923706055,35.040000915527344,2373600,35.125,34.63999938964844,19.712467193603516
17-08-2006,34.07500076293945,34.51499938964844,8911200,34.900001525878906,34.88999938964844,19.854734420776367
18-08-2006,34.8849983215332,34.92499923706055,14586800,35.904998779296875,35.654998779296875,20.290069580078125
21-08-2006,35.38999938964844,35.525001525878906,3582200,36.084999084472656,35.75,20.3441219329834
22-08-2006,35.79999923706055,35.849998474121094,5563000,36.30500030517578,36.09000015258789,20.53760528564453
23-08-2006,35.5,35.75,2469600,36.0,35.79999923706055,20.37257957458496
24-08-2006,35.755001068115234,35.79999923706055,1797800,36.0099983215332,36.0,20.486398696899414
25-08-2006,35.400001525878906,35.974998474121094,4953600,36.05500030517578,35.72999954223633,20.332746505737305
28-08-2006,35.2400016784668,35.48500061035156,9889600,35.83000183105469,35.584999084472656,20.250221252441406
29-08-2006,34.53499984741211,35.5,9709000,35.540000915527344,35.45000076293945,20.173402786254883
30-08-2006,33.665000915527344,33.92499923706055,11899600,34.5,34.290000915527344,19.51329803466797
31-08-2006,34.084999084472656,34.099998474121094,3577200,35.095001220703125,35.0099983215332,19.923019409179688
01-09-2006,34.31999969482422,34.95500183105469,8937200,35.060001373291016,34.32500076293945,19.533212661743164
05-09-2006,34.130001068115234,34.275001525878906,3221200,34.60499954223633,34.57500076293945,19.675466537475586
06-09-2006,33.915000915527344,34.20000076293945,2655200,34.244998931884766,34.01499938964844,19.517683029174805
07-09-2006,33.82500076293945,33.82500076293945,3624800,34.25,34.064998626708984,19.546371459960938
08-09-2006,33.625,34.09000015258789,2079200,34.28499984741211,33.72999954223633,19.35414695739746
11-09-2006,33.349998474121094,33.70000076293945,2353000,33.98500061035156,33.529998779296875,19.239389419555664
12-09-2006,32.994998931884766,33.625,2678400,33.70000076293945,33.07500076293945,18.978315353393555
13-09-2006,32.599998474121094,32.92499923706055,2851800,33.20500183105469,33.06999969482422,18.97544288635254
14-09-2006,32.869998931884766,33.26499938964844,3437400,33.400001525878906,33.07500076293945,18.978315353393555
15-09-2006,30.790000915527344,30.8799991607666,26254000,31.3799991607666,31.0,17.78768539428711
18-09-2006,30.6200008392334,30.829999923706055,7160400,31.155000686645508,30.709999084472656,17.621280670166016
19-09-2006,30.6200008392334,30.674999237060547,8366400,30.94499969482422,30.75,17.644235610961914
20-09-2006,30.594999313354492,30.799999237060547,5843000,30.90999984741211,30.700000762939453,17.61555290222168
21-09-2006,30.235000610351562,30.674999237060547,5404400,30.729999542236328,30.385000228881836,17.43480110168457
22-09-2006,30.25,30.325000762939453,4446000,30.75,30.475000381469727,17.486446380615234
25-09-2006,30.485000610351562,30.690000534057617,3178600,30.850000381469727,30.684999465942383,17.60694122314453
26-09-2006,30.665000915527344,30.899999618530273,2525800,31.079999923706055,30.864999771118164,17.710224151611328
27-09-2006,30.760000228881836,30.764999389648438,3017600,31.21500015258789,31.059999465942383,17.822111129760742
28-09-2006,30.584999084472656,31.094999313354492,3452800,31.19499969482422,30.815000534057617,17.68153190612793
29-09-2006,30.434999465942383,30.815000534057617,4582000,30.815000534057617,30.594999313354492,17.5552978515625
02-10-2006,30.309999465942383,30.575000762939453,2992600,30.645000457763672,30.344999313354492,17.41185188293457
03-10-2006,30.100000381469727,30.34000015258789,4867400,30.415000915527344,30.2450008392334,17.354459762573242
04-10-2006,29.94499969482422,30.15999984741211,5292400,30.299999237060547,30.200000762939453,17.328643798828125
05-10-2006,30.0,30.139999389648438,2019800,30.299999237060547,30.15999984741211,17.305692672729492
06-10-2006,29.760000228881836,30.03499984741211,1915600,30.079999923706055,29.84000015258789,17.1220760345459
09-10-2006,29.735000610351562,29.844999313354492,1273600,29.895000457763672,29.774999618530273,17.08478546142578
10-10-2006,29.559999465942383,29.674999237060547,2014800,29.854999542236328,29.809999465942383,17.104867935180664
11-10-2006,29.735000610351562,29.75,2509400,29.959999084472656,29.864999771118164,17.13642692565918
12-10-2006,29.809999465942383,29.899999618530273,2212200,30.09000015258789,30.03499984741211,17.233972549438477
13-10-2006,29.864999771118164,30.0,5363600,30.375,30.350000381469727,17.414724349975586
16-10-2006,30.239999771118164,30.44499969482422,1980400,30.524999618530273,30.405000686645508,17.446273803710938
17-10-2006,30.299999237060547,30.299999237060547,2840800,30.46500015258789,30.389999389648438,17.43766975402832
18-10-2006,30.440000534057617,30.475000381469727,4832800,30.635000228881836,30.5,17.50078582763672
19-10-2006,30.350000381469727,30.375,3738000,30.56999969482422,30.399999618530273,17.44340705871582
20-10-2006,30.43000030517578,30.579999923706055,2225000,30.65999984741211,30.545000076293945,17.526615142822266
23-10-2006,30.28499984741211,30.5,3302400,30.84000015258789,30.649999618530273,17.58685874938965
24-10-2006,30.344999313354492,30.635000228881836,2019200,30.65999984741211,30.559999465942383,17.535215377807617
25-10-2006,30.6299991607666,30.649999618530273,3293000,31.075000762939453,30.895000457763672,17.727436065673828
26-10-2006,30.520000457763672,30.854999542236328,2200000,30.875,30.684999465942383,17.60694122314453
27-10-2006,30.329999923706055,30.649999618530273,1974800,30.709999084472656,30.424999237060547,17.457746505737305
30-10-2006,30.34000015258789,30.604999542236328,2782400,30.604999542236328,30.450000762939453,17.47209930419922
31-10-2006,30.364999771118164,30.524999618530273,3932600,30.604999542236328,30.524999618530273,17.51512908935547
01-11-2006,30.625,30.799999237060547,3021400,31.290000915527344,30.690000534057617,17.60980987548828
02-11-2006,30.524999618530273,30.645000457763672,1867800,30.854999542236328,30.684999465942383,17.60694122314453
03-11-2006,30.295000076293945,30.684999465942383,2404600,30.795000076293945,30.649999618530273,17.58685874938965
06-11-2006,30.549999237060547,30.774999618530273,3599000,30.985000610351562,30.875,17.715959548950195
07-11-2006,30.885000228881836,30.899999618530273,4757600,31.375,31.219999313354492,17.913915634155273
08-11-2006,31.19499969482422,31.235000610351562,2526800,31.729999542236328,31.604999542236328,18.13482666015625
09-11-2006,31.405000686645508,31.700000762939453,2358800,31.704999923706055,31.46500015258789,18.054502487182617
10-11-2006,31.46500015258789,31.59000015258789,3926800,31.790000915527344,31.719999313354492,18.200820922851562
13-11-2006,31.649999618530273,31.649999618530273,3972000,32.290000915527344,32.244998931884766,18.50206184387207
14-11-2006,32.21500015258789,32.35499954223633,5505000,32.665000915527344,32.599998474121094,18.705760955810547
15-11-2006,32.654998779296875,32.75,6661400,32.83000183105469,32.75,18.791831970214844
16-11-2006,32.7599983215332,32.845001220703125,2322800,33.119998931884766,32.77000045776367,18.803302764892578
17-11-2006,32.5099983215332,32.744998931884766,2052400,32.814998626708984,32.625,18.720102310180664
20-11-2006,32.48500061035156,32.67499923706055,1256600,32.79499816894531,32.55500030517578,18.6799373626709
21-11-2006,32.26499938964844,32.5,2427000,32.625,32.35499954223633,18.565181732177734
22-11-2006,32.369998931884766,32.45500183105469,2793400,32.685001373291016,32.630001068115234,18.72297477722168
24-11-2006,32.494998931884766,32.54999923706055,589800,32.810001373291016,32.69499969482422,18.760265350341797
27-11-2006,32.48500061035156,32.73500061035156,2208800,32.77000045776367,32.58000183105469,18.69428253173828
28-11-2006,32.505001068115234,32.58000183105469,2474600,33.02000045776367,32.66999816894531,18.745925903320312
29-11-2006,32.7599983215332,32.79999923706055,2900200,33.619998931884766,33.560001373291016,19.25660514831543
30-11-2006,33.43000030517578,33.560001373291016,2453600,33.72999954223633,33.61000061035156,19.28529167175293
01-12-2006,33.334999084472656,33.724998474121094,1924400,33.790000915527344,33.599998474121094,19.279544830322266
04-12-2006,33.63999938964844,33.65999984741211,2394200,33.97999954223633,33.86000061035156,19.428743362426758
05-12-2006,33.70500183105469,33.90999984741211,2405000,34.04999923706055,33.82500076293945,19.408653259277344
06-12-2006,33.125,33.54999923706055,1896800,33.619998931884766,33.130001068115234,19.171405792236328
07-12-2006,32.900001525878906,33.20000076293945,2237000,33.244998931884766,33.125,19.168508529663086
08-12-2006,32.849998474121094,33.17499923706055,1450400,33.21500015258789,33.060001373291016,19.130901336669922
11-12-2006,33.04999923706055,33.125,1467200,33.275001525878906,33.185001373291016,19.203231811523438
12-12-2006,32.90999984741211,33.28499984741211,2329600,33.36000061035156,33.025001525878906,19.110639572143555
13-12-2006,33.06999969482422,33.119998931884766,1228400,33.255001068115234,33.13999938964844,19.177183151245117
14-12-2006,33.17499923706055,33.209999084472656,1242400,33.54499816894531,33.439998626708984,19.35079574584961
15-12-2006,33.349998474121094,33.779998779296875,3935000,33.779998779296875,33.650001525878906,19.47231101989746
18-12-2006,33.334999084472656,33.67499923706055,1554600,33.775001525878906,33.3849983215332,19.318965911865234
19-12-2006,33.25,33.35499954223633,1405600,33.79999923706055,33.709999084472656,19.50704002380371
20-12-2006,33.48500061035156,33.71500015258789,1483400,33.79499816894531,33.525001525878906,19.399978637695312
21-12-2006,33.150001525878906,33.474998474121094,1419600,33.5,33.32500076293945,19.28424644470215
22-12-2006,33.084999084472656,33.375,600000,33.44499969482422,33.209999084472656,19.217693328857422
26-12-2006,33.17499923706055,33.30500030517578,927800,33.51499938964844,33.43000030517578,19.345014572143555
27-12-2006,33.33000183105469,33.55500030517578,1123200,33.68000030517578,33.439998626708984,19.35079574584961
28-12-2006,33.189998626708984,33.474998474121094,742000,33.619998931884766,33.314998626708984,19.278461456298828
29-12-2006,33.029998779296875,33.26499938964844,1205200,33.33000183105469,33.189998626708984,19.20612335205078
03-01-2007,33.20000076293945,33.224998474121094,1448400,33.775001525878906,33.334999084472656,19.290029525756836
04-01-2007,33.040000915527344,33.279998779296875,1581200,33.400001525878906,33.22999954223633,19.229272842407227
05-01-2007,32.415000915527344,33.06999969482422,1694000,33.15999984741211,32.47999954223633,18.79526710510254
08-01-2007,32.15999984741211,32.564998626708984,1450800,32.6349983215332,32.494998931884766,18.803951263427734
09-01-2007,32.435001373291016,32.52000045776367,4517000,33.349998474121094,33.185001373291016,19.203231811523438
10-01-2007,32.915000915527344,33.060001373291016,1834000,33.244998931884766,33.0,19.096174240112305
11-01-2007,32.73500061035156,33.07500076293945,1335200,33.21500015258789,32.83000183105469,18.997804641723633
12-01-2007,32.540000915527344,32.834999084472656,2301800,32.915000915527344,32.72999954223633,18.939931869506836
16-01-2007,32.630001068115234,32.65999984741211,1349400,33.099998474121094,32.92499923706055,19.052772521972656
17-01-2007,32.689998626708984,32.79999923706055,1271400,33.04999923706055,32.85499954223633,19.012266159057617
18-01-2007,32.86000061035156,32.97999954223633,1294400,33.08000183105469,32.95500183105469,19.070138931274414
19-01-2007,32.849998474121094,33.064998626708984,1576000,33.064998626708984,33.0,19.096174240112305
22-01-2007,32.869998931884766,32.93000030517578,1555600,33.154998779296875,33.0099983215332,19.101957321166992
23-01-2007,32.900001525878906,33.0099983215332,1516800,33.3650016784668,33.224998474121094,19.22637939453125
24-01-2007,33.119998931884766,33.17499923706055,1244000,33.6150016784668,33.61000061035156,19.449161529541016
25-01-2007,33.46500015258789,33.61000061035156,2379600,33.875,33.654998779296875,19.47519874572754
26-01-2007,33.59000015258789,33.79499816894531,3228000,33.849998474121094,33.70000076293945,19.501243591308594
29-01-2007,33.43000030517578,33.630001068115234,1531200,33.685001373291016,33.564998626708984,19.423126220703125
30-01-2007,33.505001068115234,33.564998626708984,2580000,33.8650016784668,33.834999084472656,19.579362869262695
31-01-2007,33.45500183105469,33.73500061035156,1646200,33.82500076293945,33.51499938964844,19.394187927246094
01-02-2007,33.2400016784668,33.5,1683000,33.654998779296875,33.60499954223633,19.446269989013672
02-02-2007,33.65999984741211,33.67499923706055,2364000,34.150001525878906,34.064998626708984,19.71245765686035
05-02-2007,33.95000076293945,34.09000015258789,2166400,34.55500030517578,34.45500183105469,19.938138961791992
06-02-2007,34.349998474121094,34.5,2425400,34.790000915527344,34.779998779296875,20.126211166381836
07-02-2007,34.650001525878906,34.775001525878906,1727800,34.95500183105469,34.845001220703125,20.163820266723633
08-02-2007,34.755001068115234,34.875,2389200,35.21500015258789,35.21500015258789,20.377939224243164
09-02-2007,35.189998626708984,35.275001525878906,4286800,35.709999084472656,35.54499816894531,20.56890106201172
12-02-2007,35.47999954223633,35.4900016784668,3062800,35.849998474121094,35.75,20.687522888183594
13-02-2007,35.689998626708984,35.79999923706055,2666000,36.03499984741211,36.0099983215332,20.837980270385742
14-02-2007,36.09000015258789,36.095001220703125,5581200,36.98500061035156,36.77000045776367,21.277772903442383
15-02-2007,36.47999954223633,36.7400016784668,1451200,36.810001373291016,36.54999923706055,21.150463104248047
16-02-2007,36.345001220703125,36.40999984741211,2170200,36.8849983215332,36.845001220703125,21.321176528930664
20-02-2007,36.80500030517578,36.88999938964844,4357600,37.35499954223633,37.22999954223633,21.543960571289062
21-02-2007,36.970001220703125,37.17499923706055,1804200,37.375,37.30500030517578,21.587352752685547
22-02-2007,37.1150016784668,37.290000915527344,1659600,37.60499954223633,37.470001220703125,21.682842254638672
23-02-2007,37.25,37.42499923706055,1919200,37.654998779296875,37.57500076293945,21.743595123291016
26-02-2007,37.959999084472656,38.07500076293945,3189800,39.01499938964844,38.349998474121094,22.19207000732422
27-02-2007,36.814998626708984,38.209999084472656,3002800,38.540000915527344,37.04499816894531,21.436904907226562
28-02-2007,36.70000076293945,37.0,4229600,37.63999938964844,37.45000076293945,21.6712703704834
01-03-2007,36.4900016784668,37.025001525878906,3538200,37.724998474121094,37.470001220703125,21.682842254638672
02-03-2007,36.93000030517578,37.314998626708984,2068000,37.52000045776367,36.935001373291016,21.373252868652344
05-03-2007,36.560001373291016,36.79999923706055,2195800,37.04999923706055,36.599998474121094,21.179393768310547
06-03-2007,36.435001373291016,37.400001525878906,2726200,37.400001525878906,36.970001220703125,21.393505096435547
07-03-2007,36.55500030517578,36.65999984741211,1336200,37.0,36.66999816894531,21.389122009277344
08-03-2007,36.709999084472656,36.970001220703125,2257200,37.28499984741211,36.810001373291016,21.470788955688477
09-03-2007,36.77000045776367,36.935001373291016,2939000,37.57500076293945,37.5,21.873254776000977
12-03-2007,37.334999084472656,37.404998779296875,2299600,38.32500076293945,38.224998474121094,22.296138763427734
13-03-2007,37.790000915527344,38.525001525878906,4896200,39.26499938964844,38.02000045776367,22.176563262939453
14-03-2007,38.0099983215332,38.150001525878906,3364000,38.7400016784668,38.505001068115234,22.459455490112305
15-03-2007,38.29999923706055,38.53499984741211,2560000,39.27000045776367,39.125,22.82109832763672
16-03-2007,38.625,39.130001068115234,2899400,39.244998931884766,38.779998779296875,22.61985969543457
19-03-2007,38.65999984741211,38.904998779296875,1635200,39.125,38.959999084472656,22.724853515625
20-03-2007,38.75,39.0,2210600,39.189998626708984,39.150001525878906,22.83568000793457
21-03-2007,38.810001373291016,39.1349983215332,4340400,39.880001068115234,39.8650016784668,23.252731323242188
22-03-2007,39.630001068115234,39.8650016784668,3294600,40.04999923706055,40.02000045776367,23.343143463134766
23-03-2007,40.029998779296875,40.48500061035156,5094600,40.82500076293945,40.66999816894531,23.722274780273438
26-03-2007,40.67499923706055,40.77000045776367,4515200,41.415000915527344,41.279998779296875,24.078079223632812
27-03-2007,41.09000015258789,41.279998779296875,3105000,41.584999084472656,41.400001525878906,24.148082733154297
28-03-2007,41.23500061035156,41.275001525878906,2245400,41.775001525878906,41.41999816894531,24.159738540649414
29-03-2007,40.994998931884766,40.994998931884766,2028000,41.915000915527344,41.685001373291016,24.314315795898438
30-03-2007,40.98500061035156,41.869998931884766,3522600,42.119998931884766,41.52000045776367,24.218067169189453
02-04-2007,41.4900016784668,41.665000915527344,3435800,42.8849983215332,42.8650016784668,25.00259780883789
03-04-2007,42.52000045776367,42.8849983215332,2630400,43.064998626708984,42.875,25.008424758911133
04-04-2007,42.52000045776367,42.81999969482422,2405600,43.10499954223633,42.599998474121094,24.8480167388916
05-04-2007,42.41999816894531,42.46500015258789,2140800,42.77000045776367,42.57500076293945,24.83344268798828
09-04-2007,42.665000915527344,42.775001525878906,3722200,43.494998931884766,43.400001525878906,25.314645767211914
10-04-2007,43.349998474121094,43.56999969482422,3116000,43.93000030517578,43.67499923706055,25.475061416625977
11-04-2007,43.470001220703125,43.60499954223633,3642600,43.8849983215332,43.60499954223633,25.43423080444336
12-04-2007,43.14500045776367,43.70000076293945,3600000,43.845001220703125,43.595001220703125,25.42839241027832
13-04-2007,43.150001525878906,43.505001068115234,3349400,43.70000076293945,43.380001068115234,25.30297088623047
16-04-2007,43.13999938964844,43.525001525878906,3002400,43.60499954223633,43.31999969482422,25.267986297607422
17-04-2007,43.38999938964844,43.540000915527344,3551600,44.40999984741211,44.40999984741211,25.903770446777344
18-04-2007,43.935001373291016,43.994998931884766,2292200,44.404998779296875,44.23500061035156,25.80169677734375
19-04-2007,43.970001220703125,44.599998474121094,1597000,44.599998474121094,44.20000076293945,25.781280517578125
20-04-2007,43.915000915527344,44.494998931884766,2863200,44.875,44.4900016784668,25.950435638427734
23-04-2007,44.22999954223633,44.470001220703125,2798800,45.26499938964844,44.8849983215332,26.180831909179688
24-04-2007,44.91999816894531,45.04999923706055,1775200,45.349998474121094,45.2400016784668,26.387893676757812
25-04-2007,45.084999084472656,45.439998626708984,2001600,45.57500076293945,45.255001068115234,26.396656036376953
26-04-2007,44.16999816894531,44.880001068115234,6154000,46.654998779296875,44.279998779296875,25.827943801879883
27-04-2007,43.529998779296875,44.224998474121094,4373800,44.494998931884766,43.71500015258789,25.498384475708008
30-04-2007,43.224998474121094,43.814998626708984,2733000,43.970001220703125,43.224998474121094,25.21257209777832
01-05-2007,42.88999938964844,42.974998474121094,3554200,43.48500061035156,43.375,25.30006980895996
02-05-2007,43.380001068115234,43.595001220703125,4806200,44.025001525878906,43.875,25.591716766357422
03-05-2007,43.619998931884766,44.125,2926400,44.470001220703125,43.875,25.591716766357422
04-05-2007,44.025001525878906,44.165000915527344,4773000,45.125,44.875,26.17499351501465
07-05-2007,44.95000076293945,44.95000076293945,3451600,45.904998779296875,45.6150016784668,26.60663604736328
08-05-2007,45.03499984741211,45.494998931884766,2636800,45.70000076293945,45.08000183105469,26.29456901550293
09-05-2007,45.029998779296875,45.099998474121094,2265000,45.529998779296875,45.35499954223633,26.454967498779297
10-05-2007,44.68000030517578,45.255001068115234,2107400,45.51499938964844,44.70500183105469,26.075841903686523
11-05-2007,44.58000183105469,44.85499954223633,1528600,44.98500061035156,44.98500061035156,26.239158630371094
14-05-2007,44.814998626708984,44.994998931884766,3825600,45.29499816894531,45.154998779296875,26.33832359313965
15-05-2007,45.404998779296875,45.40999984741211,5255400,46.48500061035156,45.900001525878906,26.772859573364258
16-05-2007,45.900001525878906,46.08000183105469,2039200,46.900001525878906,46.439998626708984,27.08783531188965
17-05-2007,45.525001525878906,46.189998626708984,2200200,46.26499938964844,45.564998626708984,26.57745933532715
18-05-2007,45.685001373291016,45.689998626708984,2173800,46.185001373291016,46.084999084472656,26.880769729614258
21-05-2007,45.439998626708984,46.04999923706055,1434600,46.165000915527344,45.91999816894531,26.784528732299805
22-05-2007,45.31999969482422,45.939998626708984,1567000,45.95000076293945,45.595001220703125,26.594966888427734
23-05-2007,44.14500045776367,45.564998626708984,5067200,45.685001373291016,44.20500183105469,25.78420066833496
24-05-2007,42.52000045776367,44.474998474121094,5578200,44.86000061035156,42.849998474121094,24.993837356567383
25-05-2007,42.084999084472656,42.849998474121094,3255600,43.334999084472656,43.19499969482422,25.195070266723633
29-05-2007,43.23500061035156,43.244998931884766,2683000,43.880001068115234,43.46500015258789,25.352558135986328
30-05-2007,42.935001373291016,43.33000183105469,2602400,44.13999938964844,44.1349983215332,25.74336051940918
31-05-2007,44.10499954223633,44.474998474121094,3331400,44.720001220703125,44.470001220703125,25.938772201538086
01-06-2007,43.79999923706055,44.79999923706055,3227000,44.79999923706055,44.404998779296875,25.900848388671875
04-06-2007,43.814998626708984,44.42499923706055,2130200,44.724998474121094,44.244998931884766,25.80752182006836
05-06-2007,43.279998779296875,44.0,3686800,44.20500183105469,43.54499816894531,25.399219512939453
06-06-2007,42.529998779296875,43.224998474121094,5078400,43.31999969482422,43.150001525878906,25.339033126831055
07-06-2007,41.1150016784668,42.779998779296875,4945000,42.95000076293945,41.21500015258789,24.202743530273438
08-06-2007,41.02000045776367,41.26499938964844,3146800,42.02000045776367,41.64500045776367,24.45525360107422
11-06-2007,41.599998474121094,41.79999923706055,2485400,42.66999816894531,42.4900016784668,24.951457977294922
12-06-2007,41.630001068115234,42.1349983215332,4127600,42.845001220703125,42.15999984741211,24.757675170898438
13-06-2007,42.375,42.58000183105469,3969400,43.494998931884766,43.470001220703125,25.526954650878906
14-06-2007,43.470001220703125,43.470001220703125,3980600,44.13999938964844,43.869998931884766,25.761838912963867
15-06-2007,43.53499984741211,43.53499984741211,3290200,44.595001220703125,44.415000915527344,26.081880569458008
18-06-2007,43.65999984741211,44.45000076293945,2601800,44.630001068115234,44.165000915527344,25.935073852539062
19-06-2007,44.060001373291016,44.3650016784668,2056800,44.60499954223633,44.435001373291016,26.093629837036133
20-06-2007,43.17499923706055,44.5,2342000,44.76499938964844,43.17499923706055,25.353713989257812
21-06-2007,42.93000030517578,43.0,4279000,44.099998474121094,43.68000030517578,25.650266647338867
22-06-2007,42.2400016784668,43.439998626708984,3295800,43.68000030517578,42.29499816894531,24.83694839477539
25-06-2007,42.244998931884766,42.45000076293945,2816000,43.459999084472656,42.625,25.030744552612305
26-06-2007,42.755001068115234,43.04999923706055,4232600,43.59000015258789,42.79499816894531,25.13056755065918
27-06-2007,42.56999969482422,42.790000915527344,4678200,44.189998626708984,44.05500030517578,25.8704776763916
28-06-2007,43.8650016784668,44.2599983215332,2994400,44.564998626708984,44.0,25.83818817138672
29-06-2007,43.34000015258789,44.040000915527344,4639200,44.29999923706055,43.88999938964844,25.773590087890625
02-07-2007,44.255001068115234,44.45000076293945,4212200,45.630001068115234,45.630001068115234,26.79537010192871
03-07-2007,45.125,45.64500045776367,2469600,45.779998779296875,45.599998474121094,26.777748107910156
05-07-2007,44.834999084472656,45.5,2545800,45.9900016784668,45.2400016784668,26.566349029541016
06-07-2007,44.584999084472656,45.345001220703125,2035000,45.375,45.189998626708984,26.536977767944336
09-07-2007,45.23500061035156,45.459999084472656,3600600,46.2599983215332,45.97999954223633,27.000905990600586
10-07-2007,44.845001220703125,45.560001373291016,2744000,45.994998931884766,44.845001220703125,26.33438491821289
11-07-2007,44.75,44.75,1493200,45.375,44.97999954223633,26.41366958618164
12-07-2007,44.97999954223633,45.099998474121094,2230400,46.04999923706055,46.04999923706055,27.042003631591797
13-07-2007,45.630001068115234,46.07500076293945,2551800,46.654998779296875,46.25,27.159454345703125
16-07-2007,44.599998474121094,45.599998474121094,4588000,45.93000030517578,44.599998474121094,26.190515518188477
17-07-2007,44.435001373291016,44.57500076293945,3514000,44.89500045776367,44.46500015258789,26.111244201660156
18-07-2007,44.185001373291016,44.349998474121094,3772000,45.44499969482422,45.400001525878906,26.66030502319336
19-07-2007,45.53499984741211,45.78499984741211,2670000,46.279998779296875,46.279998779296875,27.17706298828125
20-07-2007,45.189998626708984,46.2599983215332,2670200,46.32500076293945,45.20500183105469,26.545799255371094
23-07-2007,45.42499923706055,45.64500045776367,2620000,46.310001373291016,45.59000015258789,26.771886825561523
24-07-2007,43.52000045776367,45.20500183105469,3056000,45.630001068115234,43.599998474121094,25.603290557861328
25-07-2007,42.8650016784668,43.88999938964844,5103200,44.17499923706055,43.46500015258789,25.524011611938477
26-07-2007,41.0099983215332,42.52000045776367,6145600,42.849998474121094,41.2599983215332,24.229167938232422
27-07-2007,40.70500183105469,41.29999923706055,4872800,41.834999084472656,40.709999084472656,23.906198501586914
30-07-2007,40.119998931884766,40.54999923706055,3708400,41.83000183105469,41.665000915527344,24.466997146606445
31-07-2007,41.470001220703125,42.130001068115234,4855000,43.07500076293945,43.07500076293945,25.295001983642578
01-08-2007,41.005001068115234,41.54499816894531,7333600,42.994998931884766,41.25,24.223297119140625
02-08-2007,42.005001068115234,42.25,6726600,44.08000183105469,43.29999923706055,25.427127838134766
03-08-2007,41.19499969482422,43.400001525878906,5467800,43.71500015258789,41.19499969482422,24.190994262695312
06-08-2007,40.349998474121094,41.599998474121094,4784800,43.42499923706055,43.2400016784668,25.391887664794922
07-08-2007,42.525001525878906,42.869998931884766,4172200,44.994998931884766,44.6349983215332,26.211078643798828
08-08-2007,43.14500045776367,43.92499923706055,4493600,45.494998931884766,44.400001525878906,26.073074340820312
09-08-2007,42.38999938964844,44.1150016784668,4509800,44.83000183105469,42.55500030517578,24.98963737487793
10-08-2007,40.880001068115234,42.404998779296875,4929000,43.05500030517578,41.29499816894531,24.249725341796875
13-08-2007,41.0,41.47999954223633,4402400,43.15999984741211,42.95000076293945,25.22157859802246
14-08-2007,41.25,43.32500076293945,2886800,43.369998931884766,41.26499938964844,24.232105255126953
15-08-2007,40.529998779296875,41.275001525878906,3585800,42.52000045776367,40.53499984741211,23.803421020507812
16-08-2007,38.65999984741211,39.73500061035156,4256600,40.7400016784668,40.25,23.636072158813477
17-08-2007,40.25,41.165000915527344,3461800,42.650001525878906,42.0,24.663719177246094
20-08-2007,41.400001525878906,42.275001525878906,2937600,42.875,42.665000915527344,25.05422592163086
21-08-2007,42.30500030517578,42.334999084472656,3243600,43.89500045776367,43.48500061035156,25.535749435424805
22-08-2007,42.560001373291016,43.97999954223633,2778400,44.130001068115234,43.209999084472656,25.374269485473633
23-08-2007,42.86000061035156,43.52000045776367,1740800,43.68000030517578,43.54999923706055,25.573923110961914
24-08-2007,42.85499954223633,43.54499816894531,1534400,44.04499816894531,43.82500076293945,25.735429763793945
27-08-2007,41.65999984741211,43.525001525878906,3041000,43.689998626708984,41.7599983215332,24.522789001464844
28-08-2007,40.80500030517578,41.34000015258789,2745200,42.07500076293945,40.875,24.00309181213379
29-08-2007,41.18000030517578,41.244998931884766,2396200,42.935001373291016,42.935001373291016,25.212770462036133
30-08-2007,41.92499923706055,42.45000076293945,1699800,43.0099983215332,42.32500076293945,24.854568481445312
31-08-2007,41.880001068115234,42.8849983215332,2399000,42.994998931884766,42.494998931884766,24.954397201538086
04-09-2007,42.65999984741211,42.82500076293945,2105600,43.75,43.54999923706055,25.573923110961914
05-09-2007,42.13999938964844,43.15999984741211,2401200,43.220001220703125,42.564998626708984,24.995506286621094
06-09-2007,42.130001068115234,42.290000915527344,2154400,43.39500045776367,43.244998931884766,25.570537567138672
07-09-2007,41.334999084472656,42.72999954223633,3923200,42.779998779296875,41.654998779296875,24.630386352539062
10-09-2007,41.45500183105469,41.6150016784668,2395200,42.34000015258789,41.935001373291016,24.795948028564453
11-09-2007,41.810001373291016,42.275001525878906,2130600,42.84000015258789,42.81999969482422,25.31923484802246
12-09-2007,42.23500061035156,42.619998931884766,1650000,42.95000076293945,42.54999923706055,25.159595489501953
13-09-2007,42.55500030517578,42.915000915527344,1660600,43.165000915527344,42.89500045776367,25.363582611083984
14-09-2007,42.47999954223633,42.525001525878906,1779600,43.220001220703125,42.96500015258789,25.404977798461914
17-09-2007,42.52000045776367,42.70000076293945,1823600,43.32500076293945,43.22999954223633,25.56166648864746
18-09-2007,43.29999923706055,43.36000061035156,3156000,44.84000015258789,44.76499938964844,26.46930503845215
19-09-2007,44.5,44.994998931884766,3659400,45.45500183105469,44.880001068115234,26.53730010986328
20-09-2007,43.935001373291016,44.55500030517578,1967800,44.84000015258789,43.98500061035156,26.008100509643555
21-09-2007,43.98500061035156,44.51499938964844,2893000,44.89500045776367,44.51499938964844,26.321487426757812
24-09-2007,44.35499954223633,44.35499954223633,1968800,45.5,44.97999954223633,26.596439361572266
25-09-2007,44.275001525878906,44.58000183105469,1842200,45.189998626708984,44.415000915527344,26.262348175048828
26-09-2007,44.51499938964844,44.79999923706055,2377600,45.0,44.775001525878906,26.4752197265625
27-09-2007,44.29999923706055,44.86000061035156,1797400,44.970001220703125,44.380001068115234,26.24165916442871
28-09-2007,43.75,44.625,2457800,44.73500061035156,43.994998931884766,26.014005661010742
01-10-2007,44.16999816894531,44.23500061035156,2020400,44.86000061035156,44.790000915527344,26.48407745361328
02-10-2007,44.35499954223633,44.525001525878906,1650400,44.939998626708984,44.5,26.31261444091797
03-10-2007,43.935001373291016,44.279998779296875,1611400,44.5,44.13999938964844,26.099746704101562
04-10-2007,43.974998474121094,44.33000183105469,1021200,44.6349983215332,44.625,26.38652801513672
05-10-2007,44.45500183105469,44.869998931884766,1369600,45.05500030517578,44.845001220703125,26.51661491394043
08-10-2007,44.3650016784668,44.845001220703125,841800,45.23500061035156,44.744998931884766,26.45747184753418
09-10-2007,44.814998626708984,44.875,1972600,45.755001068115234,45.630001068115234,26.980772018432617
10-10-2007,44.939998626708984,45.44499969482422,2324400,45.61000061035156,45.35499954223633,26.818159103393555
11-10-2007,45.15999984741211,45.48500061035156,1543800,46.025001525878906,45.345001220703125,26.8122615814209
12-10-2007,45.40999984741211,45.650001525878906,2533800,46.23500061035156,45.51499938964844,26.912782669067383
15-10-2007,44.73500061035156,45.56999969482422,1450800,45.720001220703125,45.08000183105469,26.65556526184082
16-10-2007,44.5099983215332,45.02000045776367,1378800,45.125,44.75,26.46043586730957
17-10-2007,44.57500076293945,45.154998779296875,2612600,45.380001068115234,45.084999084472656,26.658525466918945
18-10-2007,44.939998626708984,45.02000045776367,1972200,45.3650016784668,45.04499816894531,26.634862899780273
19-10-2007,44.189998626708984,44.810001373291016,2729400,45.16999816894531,44.189998626708984,26.129304885864258
22-10-2007,43.47999954223633,43.79999923706055,1690200,44.51499938964844,44.185001373291016,26.126359939575195
23-10-2007,43.73500061035156,44.2599983215332,1306400,44.54499816894531,44.17499923706055,26.120441436767578
24-10-2007,43.80500030517578,43.915000915527344,2391800,44.76499938964844,44.650001525878906,26.401304244995117
25-10-2007,44.494998931884766,44.82500076293945,2068200,45.34000015258789,45.34000015258789,26.809295654296875
26-10-2007,45.349998474121094,45.584999084472656,2403800,46.400001525878906,46.400001525878906,27.436063766479492
29-10-2007,46.290000915527344,46.474998474121094,1741200,46.810001373291016,46.709999084472656,27.619373321533203
30-10-2007,46.220001220703125,46.42499923706055,1887600,46.88999938964844,46.63999938964844,27.577970504760742
31-10-2007,46.415000915527344,46.974998474121094,2620200,47.89500045776367,47.79999923706055,28.26388931274414
01-11-2007,46.595001220703125,48.494998931884766,3679200,49.30500030517578,47.03499984741211,27.81155776977539
02-11-2007,46.5,47.095001220703125,2868200,47.53499984741211,47.20000076293945,27.909107208251953
05-11-2007,46.17499923706055,46.17499923706055,6954400,47.529998779296875,47.060001373291016,27.82633399963379
06-11-2007,46.27000045776367,47.099998474121094,3398600,47.21500015258789,46.67499923706055,27.598670959472656
07-11-2007,45.060001373291016,46.63999938964844,3091800,46.63999938964844,45.060001373291016,26.643739700317383
08-11-2007,45.10499954223633,45.279998779296875,4573600,46.189998626708984,46.06999969482422,27.24094581604004
09-11-2007,45.369998931884766,45.369998931884766,3906800,46.849998474121094,46.36000061035156,27.412424087524414
12-11-2007,45.36000061035156,46.369998931884766,4363400,46.625,45.36000061035156,26.821136474609375
13-11-2007,44.79999923706055,45.650001525878906,3905600,45.71500015258789,45.560001373291016,26.939393997192383
14-11-2007,45.0099983215332,45.810001373291016,4061000,46.540000915527344,45.935001373291016,27.16111183166504
15-11-2007,45.709999084472656,45.95500183105469,4165800,46.650001525878906,46.03499984741211,27.220251083374023
16-11-2007,45.51499938964844,46.255001068115234,2378800,46.5,46.18000030517578,27.305978775024414
19-11-2007,45.71500015258789,45.97999954223633,4044600,46.82500076293945,46.375,27.421293258666992
20-11-2007,46.095001220703125,46.35499954223633,3737600,47.20000076293945,46.86000061035156,27.708072662353516
21-11-2007,45.72999954223633,46.564998626708984,3425600,46.845001220703125,45.72999954223633,27.039899826049805
23-11-2007,45.3849983215332,45.8650016784668,1168200,46.19499969482422,46.099998474121094,27.258686065673828
26-11-2007,45.59000015258789,46.19499969482422,4693800,46.60499954223633,45.59000015258789,26.957130432128906
27-11-2007,45.39500045776367,45.59000015258789,6383600,46.41999816894531,46.31999969482422,27.388776779174805
28-11-2007,45.94499969482422,46.57500076293945,6963200,47.290000915527344,47.290000915527344,27.962322235107422
29-11-2007,46.8849983215332,47.04499816894531,4320600,48.0,47.25,27.938682556152344
30-11-2007,47.125,47.720001220703125,4389400,48.0,47.869998931884766,28.305282592773438
03-12-2007,47.20500183105469,47.20500183105469,4651800,48.974998474121094,48.775001525878906,28.840391159057617
04-12-2007,48.06999969482422,48.3849983215332,3678200,49.28499984741211,49.119998931884766,29.044391632080078
05-12-2007,48.75,49.67499923706055,3904800,49.67499923706055,49.44499969482422,29.411712646484375
06-12-2007,48.98500061035156,49.42499923706055,2843800,49.720001220703125,49.61000061035156,29.509851455688477
07-12-2007,49.07500076293945,49.60499954223633,2087000,49.880001068115234,49.54499816894531,29.47119140625
10-12-2007,48.994998931884766,48.994998931884766,1600000,49.68000030517578,49.46500015258789,29.423603057861328
11-12-2007,48.09000015258789,49.505001068115234,2160400,49.650001525878906,48.189998626708984,28.665191650390625
12-12-2007,48.0,49.17499923706055,3983200,49.42499923706055,48.46500015258789,28.828765869140625
13-12-2007,48.130001068115234,48.130001068115234,2712000,48.939998626708984,48.875,29.07264518737793
14-12-2007,47.775001525878906,47.775001525878906,3223200,48.814998626708984,48.20500183105469,28.67410659790039
17-12-2007,47.54499816894531,47.900001525878906,2543600,48.290000915527344,47.775001525878906,28.418325424194336
18-12-2007,47.709999084472656,48.025001525878906,2777200,48.415000915527344,48.20500183105469,28.67410659790039
19-12-2007,47.79999923706055,48.54999923706055,2196800,48.69499969482422,47.849998474121094,28.46294593811035
20-12-2007,47.54999923706055,48.10499954223633,2265000,48.5,47.9900016784668,28.546222686767578
21-12-2007,48.21500015258789,48.459999084472656,3067200,48.7599983215332,48.63999938964844,28.932861328125
24-12-2007,48.5,48.60499954223633,620600,49.03499984741211,48.95500183105469,29.1202335357666
26-12-2007,48.70000076293945,48.724998474121094,1375600,49.25,48.98500061035156,29.13808822631836
27-12-2007,48.54499816894531,48.8849983215332,1320600,49.27000045776367,48.65999984741211,28.944761276245117
28-12-2007,48.72999954223633,49.10499954223633,1282800,49.32500076293945,49.064998626708984,29.185667037963867
31-12-2007,48.66999816894531,48.7599983215332,2221200,49.59000015258789,49.119998931884766,29.2183780670166
02-01-2008,47.869998931884766,48.28499984741211,3115000,49.10499954223633,48.04999923706055,28.581911087036133
03-01-2008,48.099998474121094,48.1150016784668,2374600,48.790000915527344,48.275001525878906,28.715747833251953
04-01-2008,48.10499954223633,48.10499954223633,3056000,49.46500015258789,48.95500183105469,29.1202335357666
07-01-2008,49.15999984741211,49.15999984741211,4263600,51.0,51.0,30.336685180664062
08-01-2008,50.435001373291016,50.845001220703125,5142000,52.29999923706055,50.435001373291016,30.00059700012207
09-01-2008,50.14500045776367,50.42499923706055,3801600,51.619998931884766,51.619998931884766,30.705474853515625
10-01-2008,49.959999084472656,51.14500045776367,3594200,51.880001068115234,50.459999084472656,30.015466690063477
11-01-2008,49.744998931884766,49.900001525878906,3231800,50.599998474121094,49.92499923706055,29.697235107421875
14-01-2008,49.77000045776367,50.224998474121094,1636600,50.66999816894531,50.34000015258789,29.944087982177734
15-01-2008,49.654998779296875,49.814998626708984,3490400,50.95000076293945,49.654998779296875,29.536619186401367
16-01-2008,49.040000915527344,49.529998779296875,4248400,50.51499938964844,49.20000076293945,29.26597023010254
17-01-2008,47.435001373291016,49.439998626708984,4791000,49.505001068115234,47.53499984741211,28.27556800842285
18-01-2008,46.255001068115234,47.95500183105469,5852800,47.95500183105469,47.220001220703125,28.088199615478516
22-01-2008,42.83000183105469,44.849998474121094,5684600,46.875,45.599998474121094,27.12455940246582
23-01-2008,44.51499938964844,45.275001525878906,4356400,47.6150016784668,47.505001068115234,28.257720947265625
24-01-2008,45.63999938964844,47.51499938964844,3540400,47.51499938964844,46.31999969482422,27.55284309387207
25-01-2008,45.290000915527344,46.66999816894531,3608400,46.95000076293945,45.435001373291016,27.026412963867188
28-01-2008,45.189998626708984,45.61000061035156,2448800,46.29999923706055,46.099998474121094,27.42197608947754
29-01-2008,45.720001220703125,46.345001220703125,2401800,46.67499923706055,46.084999084472656,27.413049697875977
30-01-2008,45.470001220703125,45.974998474121094,4267600,46.75,46.14500045776367,27.448747634887695
31-01-2008,45.459999084472656,45.814998626708984,4203200,48.05500030517578,48.0,28.552169799804688
01-02-2008,47.375,48.209999084472656,3464000,48.54499816894531,47.92499923706055,28.50754737854004
04-02-2008,47.42499923706055,47.92499923706055,5482400,48.685001373291016,48.0,28.552169799804688
05-02-2008,45.4900016784668,47.34000015258789,3081200,47.900001525878906,45.709999084472656,27.18998908996582
06-02-2008,45.5099983215332,46.11000061035156,1923300,46.77000045776367,45.790000915527344,27.237581253051758
07-02-2008,45.22999954223633,45.45000076293945,2278400,46.22999954223633,45.83000183105469,27.26136589050293
08-02-2008,44.9900016784668,45.66999816894531,2756400,45.880001068115234,45.650001525878906,27.15431022644043
11-02-2008,45.040000915527344,45.72999954223633,2669400,45.75,45.47999954223633,27.05318260192871
12-02-2008,45.5,45.849998474121094,2402600,46.5,46.400001525878906,27.600427627563477
13-02-2008,46.5099983215332,46.68000030517578,3057200,47.209999084472656,47.02000045776367,27.9692325592041
14-02-2008,46.29999923706055,47.130001068115234,3085900,47.720001220703125,46.63999938964844,27.743183135986328
15-02-2008,46.099998474121094,46.63999938964844,2299100,46.95000076293945,46.84000015258789,27.862144470214844
19-02-2008,46.0099983215332,47.439998626708984,2173100,47.459999084472656,46.20000076293945,27.481470108032227
20-02-2008,45.41999816894531,46.0099983215332,2480200,46.56999969482422,46.470001220703125,27.642072677612305
21-02-2008,45.5,46.54999923706055,2215000,46.869998931884766,45.619998931884766,27.136457443237305
22-02-2008,45.2599983215332,46.11000061035156,2515600,46.29999923706055,45.970001220703125,27.344648361206055
25-02-2008,45.7400016784668,46.08000183105469,2662900,46.47999954223633,46.189998626708984,27.47551155090332
26-02-2008,45.88999938964844,46.060001373291016,2611200,47.0,47.0,27.957326889038086
27-02-2008,45.81999969482422,46.810001373291016,3602000,46.9900016784668,45.880001068115234,27.291105270385742
28-02-2008,45.279998779296875,45.470001220703125,2111100,45.900001525878906,45.720001220703125,27.195941925048828
29-02-2008,43.849998474121094,45.290000915527344,2711200,45.439998626708984,44.099998474121094,26.232297897338867
03-03-2008,43.68000030517578,44.0,3219200,44.720001220703125,44.369998931884766,26.392908096313477
04-03-2008,44.0,44.04999923706055,4038900,46.0,45.869998931884766,27.285173416137695
05-03-2008,45.25,45.869998931884766,2559700,46.09000015258789,45.95000076293945,27.33275604248047
06-03-2008,44.869998931884766,45.779998779296875,2984000,45.779998779296875,45.02000045776367,26.969127655029297
07-03-2008,44.04999923706055,44.689998626708984,3456100,45.209999084472656,44.939998626708984,26.921205520629883
10-03-2008,44.11000061035156,45.06999969482422,3113600,45.20000076293945,44.2400016784668,26.50187110900879
11-03-2008,44.630001068115234,45.150001525878906,2697100,45.90999984741211,45.619998931884766,27.32855987548828
12-03-2008,45.130001068115234,45.63999938964844,2704100,46.63999938964844,45.15999984741211,27.052993774414062
13-03-2008,43.84000015258789,44.630001068115234,3390200,45.20000076293945,44.88999938964844,26.891244888305664
14-03-2008,43.65999984741211,45.13999938964844,3398700,45.45000076293945,44.150001525878906,26.44795799255371
17-03-2008,43.029998779296875,43.029998779296875,2982500,44.77000045776367,44.470001220703125,26.639659881591797
18-03-2008,44.900001525878906,45.150001525878906,2896400,45.970001220703125,45.91999816894531,27.508270263671875
19-03-2008,44.56999969482422,45.86000061035156,2751800,47.5,44.56999969482422,26.699554443359375
20-03-2008,39.220001220703125,41.79999923706055,10354600,42.0,41.16999816894531,24.662792205810547
24-03-2008,40.11000061035156,41.41999816894531,5287800,41.5,40.470001220703125,24.243457794189453
25-03-2008,40.150001525878906,40.56999969482422,4500900,40.869998931884766,40.2599983215332,24.117666244506836
26-03-2008,39.08000183105469,40.130001068115234,5064600,40.130001068115234,39.310001373291016,23.54856300354004
27-03-2008,39.33000183105469,39.33000183105469,4109600,40.22999954223633,39.70000076293945,23.782190322875977
28-03-2008,39.560001373291016,39.90999984741211,3269100,40.400001525878906,39.61000061035156,23.728281021118164
31-03-2008,39.369998931884766,39.66999816894531,4201000,40.41999816894531,40.189998626708984,24.075727462768555
01-04-2008,40.18000030517578,40.650001525878906,3951400,41.560001373291016,41.43000030517578,24.818538665771484
02-04-2008,40.91999816894531,41.5,3072400,41.7599983215332,41.43000030517578,24.818538665771484
03-04-2008,41.060001373291016,41.5,2673200,41.650001525878906,41.52000045776367,24.87246322631836
04-04-2008,41.310001373291016,41.66999816894531,2902300,42.52000045776367,42.0,25.159997940063477
07-04-2008,41.5,42.380001068115234,1742500,42.41999816894531,42.02000045776367,25.171987533569336
08-04-2008,41.560001373291016,41.709999084472656,1820400,42.2400016784668,42.060001373291016,25.195953369140625
09-04-2008,41.84000015258789,42.16999816894531,2306700,42.2400016784668,42.13999938964844,25.243865966796875
10-04-2008,41.13999938964844,42.060001373291016,2763000,42.189998626708984,41.41999816894531,24.812551498413086
11-04-2008,41.20000076293945,41.20000076293945,2447700,42.5099983215332,42.150001525878906,25.249866485595703
14-04-2008,42.0099983215332,42.0099983215332,3209800,42.849998474121094,42.66999816894531,25.561370849609375
15-04-2008,42.59000015258789,42.86000061035156,2602900,43.5099983215332,43.33000183105469,25.956741333007812
16-04-2008,43.02000045776367,43.45000076293945,2304300,44.2599983215332,44.189998626708984,26.471912384033203
17-04-2008,43.849998474121094,44.18000030517578,2219000,44.400001525878906,43.97999954223633,26.34610939025879
18-04-2008,43.88999938964844,44.63999938964844,1914300,44.84000015258789,44.18000030517578,26.46592140197754
21-04-2008,43.349998474121094,44.029998779296875,2147000,44.290000915527344,43.869998931884766,26.280216217041016
22-04-2008,43.290000915527344,43.75,2007000,43.79999923706055,43.400001525878906,25.998672485351562
23-04-2008,43.20000076293945,43.650001525878906,2008000,44.130001068115234,44.02000045776367,26.370075225830078
24-04-2008,43.56999969482422,44.29999923706055,1469800,44.29999923706055,43.68000030517578,26.16640853881836
25-04-2008,43.66999816894531,43.79999923706055,1341600,44.20000076293945,43.75,26.208335876464844
28-04-2008,43.63999938964844,43.7400016784668,1364600,44.25,43.88999938964844,26.29220962524414
29-04-2008,43.459999084472656,43.91999816894531,2255600,43.970001220703125,43.81999969482422,26.250267028808594
30-04-2008,43.54999923706055,43.81999969482422,2364700,44.45000076293945,43.90999984741211,26.3041934967041
01-05-2008,43.5099983215332,43.880001068115234,1786800,44.5,44.09000015258789,26.412015914916992
02-05-2008,44.150001525878906,44.41999816894531,1529900,45.18000030517578,44.84000015258789,26.861303329467773
05-05-2008,43.86000061035156,44.900001525878906,2003400,44.900001525878906,44.150001525878906,26.44795799255371
06-05-2008,42.40999984741211,44.0,3776300,44.0,42.68000030517578,25.56736183166504
07-05-2008,41.7599983215332,42.54999923706055,3485800,42.619998931884766,41.97999954223633,25.14802360534668
08-05-2008,41.790000915527344,42.220001220703125,2227300,42.630001068115234,42.290000915527344,25.333724975585938
09-05-2008,41.77000045776367,42.11000061035156,2198600,42.38999938964844,42.22999954223633,25.29778480529785
12-05-2008,41.900001525878906,42.25,1622300,42.470001220703125,42.2400016784668,25.303781509399414
13-05-2008,41.58000183105469,42.25,1773200,42.75,41.84000015258789,25.064151763916016
14-05-2008,41.47999954223633,41.95000076293945,1770500,42.220001220703125,42.040000915527344,25.18396759033203
15-05-2008,41.4900016784668,42.150001525878906,2053400,42.33000183105469,42.16999816894531,25.2618408203125
16-05-2008,41.9900016784668,42.060001373291016,1707800,42.68000030517578,42.5,25.459524154663086
19-05-2008,42.4900016784668,42.4900016784668,1684900,43.54999923706055,43.349998474121094,25.968721389770508
20-05-2008,43.72999954223633,44.209999084472656,2805900,44.70000076293945,43.90999984741211,26.3041934967041
21-05-2008,43.459999084472656,44.029998779296875,2815400,44.22999954223633,43.65999984741211,26.154422760009766
22-05-2008,43.5,43.56999969482422,1504000,44.41999816894531,44.25,26.50787353515625
23-05-2008,43.08000183105469,44.130001068115234,1418800,44.27000045776367,43.13999938964844,25.842918395996094
27-05-2008,42.77000045776367,43.16999816894531,1835400,43.45000076293945,43.130001068115234,25.836938858032227
28-05-2008,42.880001068115234,43.06999969482422,1476600,43.470001220703125,43.2599983215332,25.9148006439209
29-05-2008,43.06999969482422,43.2599983215332,1877500,44.119998931884766,43.93000030517578,26.316171646118164
30-05-2008,43.7400016784668,43.970001220703125,1704600,44.40999984741211,44.2599983215332,26.513845443725586
02-06-2008,43.22999954223633,43.91999816894531,2378400,44.11000061035156,43.88999938964844,26.29220962524414
03-06-2008,42.880001068115234,43.790000915527344,1944500,44.20000076293945,43.04999923706055,25.78900718688965
04-06-2008,42.849998474121094,42.849998474121094,2931800,44.779998779296875,44.310001373291016,26.543804168701172
05-06-2008,43.91999816894531,44.369998931884766,2091200,45.150001525878906,45.06999969482422,27.19733428955078
06-06-2008,44.0099983215332,44.61000061035156,2942800,45.130001068115234,44.400001525878906,26.793031692504883
09-06-2008,44.2599983215332,44.7400016784668,2564500,46.04999923706055,45.540000915527344,27.480966567993164
10-06-2008,44.720001220703125,45.25,2782000,46.16999816894531,46.0,27.75853729248047
11-06-2008,45.310001373291016,45.83000183105469,3977700,46.68000030517578,46.2599983215332,27.915435791015625
12-06-2008,45.90999984741211,46.529998779296875,2328300,46.54999923706055,46.13999938964844,27.8430233001709
13-06-2008,45.939998626708984,46.349998474121094,2162900,46.75,46.61000061035156,28.126649856567383
16-06-2008,45.66999816894531,46.220001220703125,1395800,46.529998779296875,46.45000076293945,28.030101776123047
17-06-2008,46.20000076293945,46.5,2289700,47.279998779296875,46.86000061035156,28.277511596679688
18-06-2008,45.849998474121094,46.470001220703125,2678800,46.810001373291016,45.900001525878906,27.69819450378418
19-06-2008,45.77000045776367,45.880001068115234,2122200,46.86000061035156,46.790000915527344,28.235273361206055
20-06-2008,45.459999084472656,45.470001220703125,2678100,46.790000915527344,45.779998779296875,27.625783920288086
23-06-2008,45.7599983215332,45.959999084472656,1806100,46.2599983215332,45.83000183105469,27.655948638916016
24-06-2008,45.77000045776367,45.95000076293945,1729200,46.15999984741211,45.79999923706055,27.637853622436523
25-06-2008,45.290000915527344,46.029998779296875,1852800,46.220001220703125,45.93000030517578,27.716304779052734
26-06-2008,44.439998626708984,45.220001220703125,2029700,45.7400016784668,44.439998626708984,26.817163467407227
27-06-2008,43.790000915527344,44.459999084472656,6532100,44.9900016784668,44.58000183105469,26.90165138244629
30-06-2008,44.47999954223633,44.720001220703125,4794200,46.40999984741211,45.93000030517578,27.716304779052734
01-07-2008,44.66999816894531,45.45000076293945,2815700,46.720001220703125,46.66999816894531,28.162851333618164
02-07-2008,46.290000915527344,46.75,2391800,47.33000183105469,46.470001220703125,28.042160034179688
03-07-2008,45.79999923706055,46.599998474121094,1267500,46.95000076293945,46.18000030517578,27.867168426513672
07-07-2008,44.33000183105469,46.130001068115234,2864700,46.630001068115234,45.09000015258789,27.20940589904785
08-07-2008,43.880001068115234,44.90999984741211,5117600,45.209999084472656,44.459999084472656,26.82923126220703
09-07-2008,44.11000061035156,44.599998474121094,2944700,45.20000076293945,44.560001373291016,26.889583587646484
10-07-2008,44.27000045776367,44.34000015258789,2412400,45.119998931884766,44.900001525878906,27.094741821289062
11-07-2008,44.08000183105469,44.47999954223633,1994000,45.34000015258789,44.709999084472656,26.980106353759766
14-07-2008,43.970001220703125,45.290000915527344,1766700,45.4900016784668,44.09000015258789,26.605968475341797
15-07-2008,43.52000045776367,43.83000183105469,2394600,44.5099983215332,43.93000030517578,26.509410858154297
16-07-2008,42.7400016784668,43.7599983215332,2297700,44.310001373291016,42.970001220703125,25.930103302001953
17-07-2008,41.959999084472656,42.849998474121094,2096500,42.90999984741211,42.45000076293945,25.61631202697754
18-07-2008,41.9900016784668,42.56999969482422,2520100,43.5,42.45000076293945,25.61631202697754
21-07-2008,42.25,42.31999969482422,1701200,43.689998626708984,43.400001525878906,26.189586639404297
22-07-2008,43.31999969482422,43.41999816894531,1825400,43.9900016784668,43.529998779296875,26.268028259277344
23-07-2008,41.93000030517578,43.31999969482422,2576700,43.40999984741211,42.099998474121094,25.40509605407715
24-07-2008,40.90999984741211,42.20000076293945,3267700,42.22999954223633,41.5,25.043027877807617
25-07-2008,41.16999816894531,41.7400016784668,1592600,42.040000915527344,41.31999969482422,24.934417724609375
28-07-2008,40.619998931884766,41.04999923706055,2334500,41.4900016784668,40.630001068115234,24.518033981323242
29-07-2008,40.52000045776367,40.68000030517578,1678300,41.16999816894531,41.0,24.741315841674805
30-07-2008,40.849998474121094,41.16999816894531,2125100,41.720001220703125,41.529998779296875,25.061138153076172
31-07-2008,41.33000183105469,41.45000076293945,4086800,42.0,41.79999923706055,25.224069595336914
01-08-2008,40.279998779296875,41.25,3121300,42.599998474121094,40.279998779296875,24.306825637817383
04-08-2008,39.459999084472656,40.20000076293945,3211800,40.970001220703125,39.619998931884766,23.908557891845703
05-08-2008,38.29999923706055,39.709999084472656,4084800,40.65999984741211,40.119998931884766,24.210277557373047
06-08-2008,39.77000045776367,39.91999816894531,2463000,40.619998931884766,40.22999954223633,24.276655197143555
07-08-2008,39.65999984741211,39.970001220703125,3551800,40.83000183105469,39.790000915527344,24.011133193969727
08-08-2008,39.599998474121094,39.93000030517578,2052000,40.5,40.439998626708984,24.403379440307617
11-08-2008,40.22999954223633,40.630001068115234,3657500,41.31999969482422,41.15999984741211,24.837860107421875
12-08-2008,40.150001525878906,41.029998779296875,2133400,41.27000045776367,40.25,24.28872299194336
13-08-2008,40.06999969482422,40.2400016784668,1914600,40.880001068115234,40.689998626708984,24.554237365722656
14-08-2008,39.779998779296875,40.27000045776367,1631100,40.56999969482422,40.06999969482422,24.180095672607422
15-08-2008,39.08000183105469,40.099998474121094,3912100,40.099998474121094,39.150001525878906,23.624937057495117
18-08-2008,38.72999954223633,39.20000076293945,2310100,39.529998779296875,38.970001220703125,23.516315460205078
19-08-2008,38.779998779296875,38.869998931884766,3206600,39.4900016784668,39.38999938964844,23.769763946533203
20-08-2008,38.970001220703125,39.349998474121094,2142700,39.83000183105469,39.65999984741211,23.932693481445312
21-08-2008,39.2599983215332,39.380001068115234,1909400,40.5,40.5,24.439586639404297
22-08-2008,40.33000183105469,40.650001525878906,1771700,40.77000045776367,40.5,24.439586639404297
25-08-2008,39.68000030517578,40.41999816894531,1742800,40.459999084472656,39.970001220703125,24.11976432800293
26-08-2008,39.369998931884766,39.880001068115234,1882100,40.81999969482422,40.77000045776367,24.60251235961914
27-08-2008,40.54999923706055,40.709999084472656,1690500,41.31999969482422,41.27000045776367,24.90423583984375
28-08-2008,41.15999984741211,41.369998931884766,1622600,41.689998626708984,41.689998626708984,25.157682418823242
29-08-2008,40.77000045776367,41.41999816894531,1580200,41.65999984741211,40.77000045776367,24.60251235961914
02-09-2008,40.0,41.2599983215332,2477100,41.2599983215332,40.290000915527344,24.3128604888916
03-09-2008,39.25,40.29999923706055,3756200,40.56999969482422,39.25,23.685279846191406
04-09-2008,38.099998474121094,39.2400016784668,3632500,39.2400016784668,38.11000061035156,23.188173294067383
05-09-2008,37.0099983215332,38.0099983215332,3940000,38.25,37.33000183105469,22.713579177856445
08-09-2008,37.400001525878906,37.77000045776367,3213600,38.66999816894531,38.43000030517578,23.38287353515625
09-09-2008,36.15999984741211,38.650001525878906,4523600,38.83000183105469,36.2400016784668,22.050365447998047
10-09-2008,36.15999984741211,36.560001373291016,3067800,37.63999938964844,36.599998474121094,22.26940155029297
11-09-2008,35.689998626708984,36.459999084472656,2735900,37.04999923706055,36.959999084472656,22.48845672607422
12-09-2008,36.61000061035156,36.61000061035156,2371300,37.72999954223633,37.52000045776367,22.829185485839844
15-09-2008,36.119998931884766,36.560001373291016,3140400,37.45000076293945,36.22999954223633,22.044282913208008
16-09-2008,33.70000076293945,35.959999084472656,5006700,36.40999984741211,36.119998931884766,21.977354049682617
17-09-2008,34.06999969482422,35.529998779296875,4969100,35.68000030517578,34.09000015258789,20.74219512939453
18-09-2008,33.47999954223633,34.4900016784668,4097000,35.0,34.41999816894531,20.942974090576172
19-09-2008,34.470001220703125,36.83000183105469,4188200,39.0,35.63999938964844,21.68528938293457
22-09-2008,34.70000076293945,35.36000061035156,1566500,35.86000061035156,34.79999923706055,21.174196243286133
23-09-2008,34.16999816894531,34.810001373291016,1806600,35.290000915527344,34.22999954223633,20.827367782592773
24-09-2008,33.02000045776367,33.189998626708984,2119100,33.939998626708984,33.880001068115234,20.61440658569336
25-09-2008,33.95000076293945,34.040000915527344,1920700,35.5,35.11000061035156,21.362815856933594
26-09-2008,34.209999084472656,34.79999923706055,1531900,35.15999984741211,34.7599983215332,21.149845123291016
29-09-2008,31.549999237060547,34.43000030517578,5141200,34.43000030517578,32.20000076293945,19.592212677001953
30-09-2008,31.829999923706055,32.900001525878906,4455900,33.9900016784668,32.790000915527344,19.951202392578125
01-10-2008,32.0099983215332,32.619998931884766,2213300,33.5,33.209999084472656,20.20674705505371
02-10-2008,32.290000915527344,33.040000915527344,2580600,33.34000015258789,32.720001220703125,19.90860366821289
03-10-2008,32.400001525878906,33.18000030517578,3063200,33.720001220703125,32.56999969482422,19.817338943481445
06-10-2008,28.43000030517578,32.02000045776367,5166200,32.90999984741211,29.729999542236328,18.089330673217773
07-10-2008,27.989999771118164,29.93000030517578,5011600,30.1200008392334,28.260000228881836,17.194908142089844
08-10-2008,26.969999313354492,27.860000610351562,5206700,29.06999969482422,27.760000228881836,16.890676498413086
09-10-2008,26.280000686645508,27.520000457763672,6106100,28.020000457763672,26.5,16.124027252197266
10-10-2008,22.09000015258789,25.209999084472656,9929000,26.510000228881836,24.989999771118164,15.205259323120117
13-10-2008,25.010000228881836,25.5,4107700,29.43000030517578,29.270000457763672,17.809438705444336
14-10-2008,28.0,30.209999084472656,5159200,31.440000534057617,29.309999465942383,17.83378028869629
15-10-2008,26.200000762939453,28.780000686645508,3788000,28.780000686645508,26.260000228881836,15.977994918823242
16-10-2008,25.149999618530273,26.34000015258789,6443100,26.860000610351562,26.309999465942383,16.008419036865234
17-10-2008,25.260000228881836,25.829999923706055,5335000,28.100000381469727,27.059999465942383,16.46475601196289
20-10-2008,26.780000686645508,27.610000610351562,3707000,31.100000381469727,30.850000381469727,18.77079963684082
21-10-2008,28.8700008392334,29.940000534057617,3973200,31.170000076293945,29.329999923706055,17.845947265625
22-10-2008,25.860000610351562,28.450000762939453,3037200,28.850000381469727,26.739999771118164,16.27005386352539
23-10-2008,26.190000534057617,26.75,5137100,29.18000030517578,28.8799991607666,17.572147369384766
24-10-2008,26.0,26.940000534057617,3971000,28.5,27.639999389648438,16.81766128540039
27-10-2008,26.110000610351562,27.260000228881836,3451500,28.5,26.889999389648438,16.361318588256836
28-10-2008,26.270000457763672,27.6299991607666,4100600,30.1200008392334,30.010000228881836,18.259695053100586
29-10-2008,28.299999237060547,30.0,4005500,30.399999618530273,28.389999389648438,17.273998260498047
30-10-2008,28.43000030517578,29.809999465942383,3151300,30.100000381469727,29.829999923706055,18.15018081665039
31-10-2008,27.56999969482422,30.049999237060547,4210900,30.049999237060547,28.149999618530273,17.127965927124023
03-11-2008,27.84000015258789,28.0,3886100,29.780000686645508,29.389999389648438,17.8824520111084
04-11-2008,28.950000762939453,29.5,4415100,31.0,29.510000228881836,17.955474853515625
05-11-2008,27.420000076293945,29.149999618530273,3275500,29.780000686645508,27.6299991607666,16.81157684326172
06-11-2008,26.0,27.649999618530273,3521100,27.709999084472656,26.360000610351562,16.03883934020996
07-11-2008,26.5,26.600000381469727,3709100,27.56999969482422,27.520000457763672,16.744644165039062
10-11-2008,26.34000015258789,28.100000381469727,3068200,28.6299991607666,26.920000076293945,16.37957763671875
11-11-2008,26.06999969482422,26.59000015258789,2748700,28.489999771118164,27.790000915527344,16.908926010131836
12-11-2008,26.860000610351562,27.200000762939453,4219300,28.190000534057617,27.68000030517578,16.84200096130371
13-11-2008,26.709999084472656,27.90999984741211,6169700,29.709999084472656,29.59000015258789,18.004148483276367
14-11-2008,27.530000686645508,28.989999771118164,4122600,30.149999618530273,28.600000381469727,17.401779174804688
17-11-2008,27.709999084472656,28.270000457763672,3470000,29.940000534057617,29.139999389648438,17.73033905029297
18-11-2008,28.040000915527344,29.139999389648438,3463700,29.93000030517578,29.110000610351562,17.71208953857422
19-11-2008,27.790000915527344,28.600000381469727,3917200,30.40999984741211,27.84000015258789,16.939353942871094
20-11-2008,25.59000015258789,27.459999084472656,6243400,28.229999542236328,26.100000381469727,15.880644798278809
21-11-2008,26.209999084472656,26.780000686645508,7949200,29.850000381469727,29.639999389648438,18.03456687927246
24-11-2008,28.719999313354492,29.75,6052900,30.0,29.15999984741211,17.742507934570312
25-11-2008,28.860000610351562,29.5,4669300,30.690000534057617,29.65999984741211,18.046737670898438
26-11-2008,28.170000076293945,28.940000534057617,3332700,30.299999237060547,30.139999389648438,18.33879280090332
28-11-2008,29.940000534057617,30.030000686645508,1171100,30.989999771118164,30.899999618530273,18.80121421813965
01-12-2008,28.110000610351562,30.010000228881836,3484800,30.200000762939453,28.209999084472656,17.164485931396484
02-12-2008,28.270000457763672,28.600000381469727,3928000,29.549999237060547,29.5,17.949384689331055
03-12-2008,28.84000015258789,28.850000381469727,4946100,31.040000915527344,30.889999389648438,18.795135498046875
04-12-2008,27.959999084472656,30.639999389648438,3326600,30.700000762939453,28.56999969482422,17.567211151123047
05-12-2008,26.8700008392334,28.079999923706055,3927000,28.729999542236328,28.540000915527344,17.548765182495117
08-12-2008,28.049999237060547,29.350000381469727,3460000,29.489999771118164,28.8799991607666,17.757827758789062
09-12-2008,28.1299991607666,28.81999969482422,1996400,29.1200008392334,28.309999465942383,17.40734100341797
10-12-2008,28.010000228881836,28.56999969482422,2675600,29.139999389648438,29.059999465942383,17.86850929260254
11-12-2008,28.639999389648438,28.709999084472656,3007300,29.950000762939453,29.010000228881836,17.837764739990234
12-12-2008,27.950000762939453,27.989999771118164,2547300,29.6200008392334,29.420000076293945,18.089866638183594
15-12-2008,28.969999313354492,29.610000610351562,2590700,29.829999923706055,29.229999542236328,17.973031997680664
16-12-2008,29.020000457763672,29.020000457763672,3353600,30.239999771118164,30.030000686645508,18.464941024780273
17-12-2008,28.030000686645508,29.579999923706055,4325300,29.579999923706055,28.09000015258789,17.272069931030273
18-12-2008,28.09000015258789,28.15999984741211,4608900,28.940000534057617,28.280000686645508,17.388900756835938
19-12-2008,28.389999389648438,28.43000030517578,4360300,29.450000762939453,28.709999084472656,17.65329360961914
22-12-2008,27.6299991607666,28.709999084472656,2967800,29.1299991607666,28.1200008392334,17.29051399230957
23-12-2008,27.600000381469727,28.31999969482422,1969700,28.389999389648438,27.770000457763672,17.075305938720703
24-12-2008,27.649999618530273,27.770000457763672,400900,28.049999237060547,27.93000030517578,17.173688888549805
26-12-2008,27.969999313354492,28.059999465942383,734300,28.489999771118164,28.360000610351562,17.438095092773438
29-12-2008,27.780000686645508,28.329999923706055,1324400,28.43000030517578,28.25,17.37044906616211
30-12-2008,27.399999618530273,28.420000076293945,3242000,28.520000457763672,28.18000030517578,17.327407836914062
31-12-2008,27.739999771118164,27.739999771118164,4340200,29.229999542236328,29.170000076293945,17.936140060424805
02-01-2009,28.8700008392334,29.0,3234900,30.209999084472656,30.049999237060547,18.47723960876465
05-01-2009,30.100000381469727,30.100000381469727,3682500,30.989999771118164,30.6299991607666,18.833871841430664
06-01-2009,30.389999389648438,30.809999465942383,2765800,31.3700008392334,31.049999237060547,19.09212303161621
07-01-2009,30.6200008392334,30.770000457763672,3509300,31.760000228881836,30.920000076293945,19.012189865112305
08-01-2009,30.469999313354492,30.90999984741211,1936300,30.989999771118164,30.989999771118164,19.055234909057617
09-01-2009,30.479999542236328,30.729999542236328,2480900,31.170000076293945,30.559999465942383,18.790830612182617
12-01-2009,30.190000534057617,30.639999389648438,2435100,30.829999923706055,30.3700008392334,18.67400550842285
13-01-2009,29.489999771118164,30.399999618530273,2490600,30.479999542236328,29.760000228881836,18.298931121826172
14-01-2009,28.549999237060547,29.299999237060547,3576900,29.989999771118164,29.8700008392334,18.366559982299805
15-01-2009,29.639999389648438,29.770000457763672,3279400,30.260000228881836,30.25,18.6002254486084
16-01-2009,30.440000534057617,30.65999984741211,3013400,31.149999618530273,30.969999313354492,19.042930603027344
20-01-2009,30.280000686645508,30.860000610351562,3210500,31.350000381469727,30.3799991607666,18.680158615112305
21-01-2009,30.190000534057617,30.90999984741211,5687300,31.049999237060547,30.739999771118164,18.901508331298828
22-01-2009,30.110000610351562,30.149999618530273,3426900,30.719999313354492,30.479999542236328,18.741640090942383
23-01-2009,29.719999313354492,30.239999771118164,3409700,31.139999389648438,31.010000228881836,19.067527770996094
26-01-2009,31.020000457763672,31.020000457763672,4329100,32.380001068115234,32.0,19.6762638092041
27-01-2009,31.809999465942383,32.22999954223633,4585300,32.79999923706055,32.47999954223633,19.971406936645508
28-01-2009,32.61000061035156,32.939998626708984,3597400,33.529998779296875,33.2400016784668,20.438720703125
29-01-2009,32.4900016784668,32.90999984741211,2272200,33.65999984741211,32.84000015258789,20.192766189575195
30-01-2009,31.350000381469727,32.77000045776367,3565200,33.099998474121094,31.56999969482422,19.411863327026367
02-02-2009,31.059999465942383,31.459999084472656,3889100,31.959999084472656,31.440000534057617,19.331926345825195
03-02-2009,30.84000015258789,31.65999984741211,4678000,31.690000534057617,31.280000686645508,19.233545303344727
04-02-2009,30.280000686645508,30.290000915527344,3204800,31.709999084472656,31.149999618530273,19.153608322143555
05-02-2009,30.850000381469727,31.100000381469727,3412600,31.93000030517578,31.75,19.522541046142578
06-02-2009,31.329999923706055,31.989999771118164,5226900,33.02000045776367,32.68000030517578,20.094377517700195
09-02-2009,31.920000076293945,32.540000915527344,2242500,32.880001068115234,32.2599983215332,19.836135864257812
10-02-2009,30.829999923706055,32.04999923706055,4217200,32.400001525878906,30.979999542236328,19.04907989501953
11-02-2009,30.989999771118164,31.09000015258789,2684500,31.540000915527344,31.40999984741211,19.3134765625
12-02-2009,30.209999084472656,30.809999465942383,3946100,31.1200008392334,31.09000015258789,19.116716384887695
13-02-2009,30.760000228881836,30.93000030517578,1910700,31.40999984741211,30.969999313354492,19.042930603027344
17-02-2009,29.280000686645508,30.100000381469727,3111000,30.229999542236328,29.309999465942383,18.022228240966797
18-02-2009,28.979999542236328,29.559999465942383,3055000,29.600000381469727,29.18000030517578,17.94229507446289
19-02-2009,28.34000015258789,28.34000015258789,2294800,29.950000762939453,29.280000686645508,18.003780364990234
20-02-2009,27.959999084472656,28.770000457763672,3458600,29.049999237060547,28.520000457763672,17.536470413208008
23-02-2009,27.809999465942383,28.760000228881836,3542400,29.049999237060547,27.940000534057617,17.179834365844727
24-02-2009,28.010000228881836,28.1299991607666,3733400,28.690000534057617,28.540000915527344,17.548765182495117
25-02-2009,27.709999084472656,28.450000762939453,3971000,28.450000762939453,27.90999984741211,17.16139030456543
26-02-2009,27.389999389648438,28.260000228881836,2222000,28.389999389648438,27.469999313354492,16.89084243774414
27-02-2009,26.6299991607666,27.010000228881836,4040600,27.81999969482422,27.290000915527344,16.78015899658203
02-03-2009,26.360000610351562,26.959999084472656,3451400,27.739999771118164,26.479999542236328,16.282106399536133
03-03-2009,25.350000381469727,26.780000686645508,4912800,27.100000381469727,25.489999771118164,15.673372268676758
04-03-2009,25.440000534057617,25.790000915527344,4790400,26.309999465942383,25.959999084472656,15.96236515045166
05-03-2009,24.469999313354492,25.479999542236328,4536900,25.5,24.969999313354492,15.353632926940918
06-03-2009,23.899999618530273,25.15999984741211,5621400,25.530000686645508,24.56999969482422,15.311881065368652
09-03-2009,23.860000610351562,24.280000686645508,3130500,24.760000228881836,24.1299991607666,15.037674903869629
10-03-2009,24.3799991607666,24.600000381469727,5422500,25.350000381469727,25.06999969482422,15.623477935791016
11-03-2009,24.459999084472656,25.290000915527344,4353200,25.75,24.510000228881836,15.274491310119629
12-03-2009,23.649999618530273,24.440000534057617,6548400,24.600000381469727,24.020000457763672,14.969127655029297
13-03-2009,24.0,24.15999984741211,5312800,24.969999313354492,24.850000381469727,15.486371994018555
16-03-2009,24.860000610351562,24.8799991607666,4532100,25.969999313354492,25.34000015258789,15.791739463806152
17-03-2009,24.549999237060547,25.420000076293945,7389000,26.3799991607666,26.329999923706055,16.408700942993164
18-03-2009,25.799999237060547,26.219999313354492,6383200,27.75,27.639999389648438,17.225093841552734
19-03-2009,27.360000610351562,27.969999313354492,4496600,28.209999084472656,28.079999923706055,17.499292373657227
20-03-2009,27.56999969482422,28.209999084472656,5046000,28.489999771118164,27.6200008392334,17.212623596191406
23-03-2009,27.850000381469727,28.270000457763672,3562500,29.290000915527344,29.239999771118164,18.222192764282227
24-03-2009,28.5,28.860000610351562,2831300,29.280000686645508,28.989999771118164,18.066396713256836
25-03-2009,28.520000457763672,29.139999389648438,2461000,29.68000030517578,28.93000030517578,18.02900505065918
26-03-2009,28.56999969482422,28.920000076293945,2583200,29.420000076293945,29.399999618530273,18.321908950805664
27-03-2009,28.860000610351562,29.100000381469727,2409000,29.399999618530273,29.0,18.0726318359375
30-03-2009,27.979999542236328,28.510000228881836,2523100,28.780000686645508,28.389999389648438,17.692481994628906
31-03-2009,28.459999084472656,28.670000076293945,4549100,29.989999771118164,29.469999313354492,18.365528106689453
01-04-2009,29.06999969482422,29.15999984741211,2724200,29.81999969482422,29.649999618530273,18.477705001831055
02-04-2009,29.329999923706055,30.170000076293945,2850700,30.440000534057617,30.100000381469727,18.758142471313477
03-04-2009,30.06999969482422,30.06999969482422,4066200,31.110000610351562,31.020000457763672,19.331483840942383
06-04-2009,30.219999313354492,30.690000534057617,2294400,31.15999984741211,30.40999984741211,18.951335906982422
07-04-2009,29.559999465942383,30.260000228881836,2012500,30.31999969482422,30.010000228881836,18.70206069946289
08-04-2009,29.760000228881836,30.18000030517578,1778200,30.489999771118164,30.389999389648438,18.938871383666992
09-04-2009,29.84000015258789,31.110000610351562,2496100,31.209999084472656,30.18000030517578,18.808000564575195
13-04-2009,29.209999084472656,30.1299991607666,2153400,30.280000686645508,29.399999618530273,18.321908950805664
14-04-2009,28.719999313354492,29.18000030517578,2175700,29.229999542236328,28.850000381469727,17.979150772094727
15-04-2009,28.440000534057617,28.829999923706055,2630800,29.239999771118164,29.15999984741211,18.17233657836914
16-04-2009,28.899999618530273,29.3799991607666,2954700,29.649999618530273,29.100000381469727,18.134952545166016
17-04-2009,29.020000457763672,29.209999084472656,2687900,29.700000762939453,29.540000915527344,18.409154891967773
20-04-2009,28.959999084472656,29.149999618530273,1879100,29.729999542236328,29.079999923706055,18.12248992919922
21-04-2009,28.469999313354492,28.8799991607666,2451800,29.260000228881836,28.770000457763672,17.92929458618164
22-04-2009,28.299999237060547,28.59000015258789,2089100,28.860000610351562,28.40999984741211,17.70494270324707
23-04-2009,27.850000381469727,28.299999237060547,2681100,28.440000534057617,28.329999923706055,17.655088424682617
24-04-2009,27.850000381469727,28.540000915527344,2005900,28.639999389648438,28.09000015258789,17.505521774291992
27-04-2009,27.920000076293945,28.079999923706055,1877700,28.690000534057617,28.34000015258789,17.661319732666016
28-04-2009,27.860000610351562,28.139999389648438,2092500,28.68000030517578,28.290000915527344,17.630163192749023
29-04-2009,28.440000534057617,28.670000076293945,5573900,29.649999618530273,29.579999923706055,18.43408203125
30-04-2009,29.329999923706055,29.8700008392334,3221300,30.1200008392334,29.84000015258789,18.596113204956055
01-05-2009,29.84000015258789,29.989999771118164,3303100,31.200000762939453,31.149999618530273,19.412492752075195
04-05-2009,30.770000457763672,31.770000457763672,3599100,31.770000457763672,31.399999618530273,19.56829261779785
05-05-2009,30.579999923706055,31.34000015258789,2554700,31.440000534057617,31.209999084472656,19.44989013671875
06-05-2009,30.770000457763672,31.510000228881836,2343700,31.6299991607666,31.510000228881836,19.6368465423584
07-05-2009,31.110000610351562,31.780000686645508,2670100,32.02000045776367,31.68000030517578,19.74279022216797
08-05-2009,31.770000457763672,31.770000457763672,2653400,32.90999984741211,31.989999771118164,19.93598175048828
11-05-2009,31.520000457763672,31.68000030517578,2480600,32.36000061035156,31.989999771118164,19.93598175048828
12-05-2009,31.950000762939453,32.08000183105469,2380400,32.65999984741211,32.529998779296875,20.27250862121582
13-05-2009,31.5,32.130001068115234,2858100,32.439998626708984,31.780000686645508,19.805110931396484
14-05-2009,31.1299991607666,31.8799991607666,2836400,32.04999923706055,31.690000534057617,19.7490291595459
15-05-2009,30.790000915527344,31.440000534057617,4833000,31.81999969482422,31.690000534057617,19.7490291595459
18-05-2009,30.760000228881836,32.0099983215332,4829000,32.0099983215332,31.239999771118164,19.468585968017578
19-05-2009,31.280000686645508,31.280000686645508,3064100,32.43000030517578,32.2599983215332,20.104246139526367
20-05-2009,31.780000686645508,32.54999923706055,3330400,32.54999923706055,31.8700008392334,19.8612003326416
21-05-2009,31.18000030517578,31.459999084472656,2605100,31.709999084472656,31.3799991607666,19.55583381652832
22-05-2009,31.329999923706055,31.5,1751000,32.189998626708984,31.6200008392334,19.705394744873047
26-05-2009,31.25,31.65999984741211,3621100,32.310001373291016,32.29999923706055,20.12917137145996
27-05-2009,31.6200008392334,32.31999969482422,3261000,32.47999954223633,31.6200008392334,19.705394744873047
28-05-2009,31.010000228881836,31.010000228881836,4027600,32.15999984741211,31.920000076293945,19.892353057861328
29-05-2009,31.31999969482422,32.029998779296875,4319600,32.11000061035156,31.8700008392334,19.8612003326416
01-06-2009,31.969999313354492,32.16999816894531,3399400,33.7400016784668,33.630001068115234,20.958023071289062
02-06-2009,33.220001220703125,33.630001068115234,4897300,33.939998626708984,33.27000045776367,20.733667373657227
03-06-2009,31.829999923706055,33.220001220703125,3594800,33.2599983215332,32.220001220703125,20.079307556152344
04-06-2009,32.29999923706055,32.43000030517578,2846500,32.939998626708984,32.81999969482422,20.453235626220703
05-06-2009,32.22999954223633,32.77000045776367,3602700,33.290000915527344,32.38999938964844,20.392162322998047
08-06-2009,31.559999465942383,32.43000030517578,3048600,32.459999084472656,31.920000076293945,20.096256256103516
09-06-2009,31.780000686645508,32.09000015258789,2583900,32.310001373291016,31.989999771118164,20.140329360961914
10-06-2009,31.920000076293945,32.25,3392000,32.56999969482422,32.34000015258789,20.360681533813477
11-06-2009,32.43000030517578,32.459999084472656,3538000,33.540000915527344,32.77000045776367,20.63140296936035
12-06-2009,31.969999313354492,32.650001525878906,3378200,32.959999084472656,32.540000915527344,20.486597061157227
15-06-2009,31.399999618530273,32.130001068115234,2616500,32.369998931884766,31.739999771118164,19.982933044433594
16-06-2009,31.280000686645508,32.0,3364600,32.119998931884766,31.510000228881836,19.838130950927734
17-06-2009,31.299999237060547,31.520000457763672,2943000,31.899999618530273,31.610000610351562,19.901086807250977
18-06-2009,31.579999923706055,31.700000762939453,3372400,32.2599983215332,32.13999938964844,20.23476219177246
19-06-2009,31.75,32.11000061035156,3764500,32.2599983215332,31.940000534057617,20.10885238647461
22-06-2009,31.469999313354492,31.610000610351562,3328700,32.349998474121094,31.920000076293945,20.096256256103516
23-06-2009,31.43000030517578,32.0099983215332,3020500,32.0099983215332,31.729999542236328,19.976642608642578
24-06-2009,31.510000228881836,31.8700008392334,2622800,32.029998779296875,31.700000762939453,19.957752227783203
25-06-2009,31.389999389648438,31.639999389648438,2909100,32.27000045776367,32.029998779296875,20.165515899658203
26-06-2009,31.68000030517578,32.0099983215332,8836600,32.38999938964844,32.22999954223633,20.291433334350586
29-06-2009,32.18000030517578,32.41999816894531,2632200,32.849998474121094,32.7599983215332,20.625106811523438
30-06-2009,32.189998626708984,33.27000045776367,4207500,33.27000045776367,32.630001068115234,20.543264389038086
01-07-2009,32.56999969482422,32.849998474121094,2911300,33.150001525878906,33.08000183105469,20.826574325561523
02-07-2009,32.099998474121094,32.790000915527344,3624600,32.790000915527344,32.099998474121094,20.2095890045166
06-07-2009,31.739999771118164,31.969999313354492,2432500,32.40999984741211,32.20000076293945,20.272541046142578
07-07-2009,31.200000762939453,32.209999084472656,2713000,32.369998931884766,31.25,19.674442291259766
08-07-2009,30.93000030517578,31.25,3258700,31.610000610351562,31.25,19.674442291259766
09-07-2009,30.90999984741211,31.450000762939453,3249300,31.579999923706055,31.229999542236328,19.661842346191406
10-07-2009,30.690000534057617,31.0,3645700,31.290000915527344,30.989999771118164,19.51074981689453
13-07-2009,30.690000534057617,31.010000228881836,3774800,31.549999237060547,31.420000076293945,19.781469345092773
14-07-2009,30.950000762939453,31.389999389648438,4579600,31.5,31.5,19.831836700439453
15-07-2009,31.559999465942383,31.56999969482422,2957600,32.45000076293945,32.439998626708984,20.42363929748535
16-07-2009,32.029998779296875,32.31999969482422,2215900,32.630001068115234,32.470001220703125,20.442527770996094
17-07-2009,31.8700008392334,32.38999938964844,1891200,32.61000061035156,32.11000061035156,20.21587562561035
20-07-2009,31.959999084472656,32.290000915527344,2005400,32.36000061035156,32.29999923706055,20.335500717163086
21-07-2009,32.04999923706055,32.400001525878906,3282400,32.70000076293945,32.400001525878906,20.398456573486328
22-07-2009,32.060001373291016,32.189998626708984,1908900,32.68000030517578,32.43000030517578,20.417348861694336
23-07-2009,32.2599983215332,32.38999938964844,2417300,33.439998626708984,33.349998474121094,20.99656105041504
24-07-2009,33.119998931884766,33.119998931884766,2087100,33.93000030517578,33.86000061035156,21.317642211914062
27-07-2009,33.529998779296875,33.7599983215332,1840500,34.02000045776367,33.720001220703125,21.22950553894043
28-07-2009,32.63999938964844,33.459999084472656,2227500,33.720001220703125,32.90999984741211,20.719545364379883
29-07-2009,32.13999938964844,32.779998779296875,2253300,33.150001525878906,32.849998474121094,20.681760787963867
30-07-2009,33.029998779296875,33.15999984741211,2076200,33.7400016784668,33.43000030517578,21.046932220458984
31-07-2009,32.189998626708984,32.189998626708984,3960200,33.29999923706055,32.45000076293945,20.429931640625
03-08-2009,32.59000015258789,33.720001220703125,3654200,33.720001220703125,33.040000915527344,20.8013916015625
04-08-2009,32.209999084472656,32.90999984741211,2950400,33.0,32.45000076293945,20.429931640625
05-08-2009,31.489999771118164,32.400001525878906,2960100,32.66999816894531,31.799999237060547,20.02071189880371
06-08-2009,30.940000534057617,31.8799991607666,3397500,32.04999923706055,31.40999984741211,19.775169372558594
07-08-2009,31.329999923706055,31.700000762939453,2032700,31.829999923706055,31.670000076293945,19.938861846923828
10-08-2009,31.290000915527344,31.649999618530273,2051300,31.84000015258789,31.84000015258789,20.045888900756836
11-08-2009,31.31999969482422,31.770000457763672,2195900,31.790000915527344,31.399999618530273,19.76887321472168
12-08-2009,31.170000076293945,31.290000915527344,1931600,31.920000076293945,31.65999984741211,19.93256378173828
13-08-2009,31.299999237060547,31.530000686645508,2614900,31.989999771118164,31.940000534057617,20.10885238647461
14-08-2009,31.610000610351562,31.940000534057617,3559400,32.13999938964844,32.119998931884766,20.22217559814453
17-08-2009,31.260000228881836,31.850000381469727,2942000,32.060001373291016,31.299999237060547,19.705921173095703
18-08-2009,31.049999237060547,31.360000610351562,2547500,31.549999237060547,31.260000228881836,19.680736541748047
19-08-2009,31.030000686645508,31.139999389648438,3090500,31.90999984741211,31.8700008392334,20.06477928161621
20-08-2009,31.700000762939453,31.719999313354492,3246700,32.15999984741211,32.099998474121094,20.2095890045166
21-08-2009,32.15999984741211,32.349998474121094,3238000,32.93000030517578,32.869998931884766,20.69435691833496
24-08-2009,32.41999816894531,32.900001525878906,2496500,33.029998779296875,32.72999954223633,20.606218338012695
25-08-2009,32.25,32.90999984741211,2069800,33.27000045776367,32.290000915527344,20.329208374023438
26-08-2009,31.989999771118164,32.25,1575700,32.38999938964844,32.20000076293945,20.272541046142578
27-08-2009,31.760000228881836,32.290000915527344,2670400,32.36000061035156,32.2599983215332,20.310319900512695
28-08-2009,31.829999923706055,32.400001525878906,2344500,32.41999816894531,32.119998931884766,20.22217559814453
31-08-2009,31.459999084472656,31.950000762939453,2675000,32.0099983215332,31.670000076293945,19.938861846923828
01-09-2009,31.440000534057617,31.56999969482422,3710200,31.989999771118164,31.520000457763672,19.84442901611328
02-09-2009,31.010000228881836,31.43000030517578,4465900,31.579999923706055,31.040000915527344,19.54222297668457
03-09-2009,30.579999923706055,31.219999313354492,4117000,31.360000610351562,31.100000381469727,19.58000373840332
04-09-2009,30.3799991607666,30.969999313354492,2452500,31.059999465942383,30.540000915527344,19.435543060302734
08-09-2009,30.530000686645508,30.799999237060547,3473800,31.030000686645508,30.8799991607666,19.651912689208984
09-09-2009,30.6200008392334,30.889999389648438,3822900,31.209999084472656,31.110000610351562,19.798288345336914
10-09-2009,30.93000030517578,31.040000915527344,2263600,31.260000228881836,31.1299991607666,19.811010360717773
11-09-2009,30.799999237060547,31.1200008392334,2962800,31.239999771118164,30.8799991607666,19.651912689208984
14-09-2009,30.709999084472656,30.809999465942383,2604400,31.530000686645508,31.520000457763672,20.0592098236084
15-09-2009,31.18000030517578,31.459999084472656,2491800,31.690000534057617,31.56999969482422,20.09102439880371
16-09-2009,31.389999389648438,31.530000686645508,2657000,32.11000061035156,31.93000030517578,20.320125579833984
17-09-2009,31.520000457763672,31.809999465942383,2728600,31.989999771118164,31.739999771118164,20.199216842651367
18-09-2009,31.639999389648438,31.860000610351562,4737400,32.099998474121094,31.989999771118164,20.35831069946289
21-09-2009,31.25,31.90999984741211,2716000,31.979999542236328,31.350000381469727,19.951019287109375
22-09-2009,30.959999084472656,31.5,3352200,31.549999237060547,31.059999465942383,19.766468048095703
23-09-2009,30.969999313354492,31.139999389648438,3033700,31.75,31.15999984741211,19.83010482788086
24-09-2009,31.079999923706055,31.25,2447900,31.510000228881836,31.200000762939453,19.855560302734375
25-09-2009,31.079999923706055,31.110000610351562,2811000,31.549999237060547,31.290000915527344,19.912837982177734
28-09-2009,31.190000534057617,31.309999465942383,1393500,31.799999237060547,31.559999465942383,20.08466339111328
29-09-2009,31.3799991607666,31.670000076293945,1992200,31.700000762939453,31.6200008392334,20.122840881347656
30-09-2009,31.239999771118164,31.600000381469727,4573200,31.75,31.440000534057617,20.00829315185547
01-10-2009,30.690000534057617,31.399999618530273,2698400,31.5,30.729999542236328,19.55644989013672
02-10-2009,30.229999542236328,30.5,2110600,30.559999465942383,30.350000381469727,19.314624786376953
05-10-2009,30.030000686645508,30.5,1946900,30.700000762939453,30.6200008392334,19.486454010009766
06-10-2009,30.479999542236328,30.639999389648438,2349400,31.100000381469727,31.09000015258789,19.785552978515625
07-10-2009,30.790000915527344,31.079999923706055,2085900,31.170000076293945,31.1299991607666,19.811010360717773
08-10-2009,30.860000610351562,31.3799991607666,2698200,31.43000030517578,31.020000457763672,19.74101448059082
09-10-2009,31.049999237060547,31.059999465942383,2026200,31.549999237060547,31.350000381469727,19.951019287109375
12-10-2009,31.1299991607666,31.350000381469727,1295500,31.510000228881836,31.25,19.88738441467285
13-10-2009,30.8700008392334,31.219999313354492,1802200,31.219999313354492,30.899999618530273,19.664636611938477
14-10-2009,30.5,31.450000762939453,3909800,31.450000762939453,30.670000076293945,19.51827049255371
15-10-2009,30.510000228881836,30.729999542236328,5214000,30.8799991607666,30.739999771118164,19.562816619873047
16-10-2009,30.34000015258789,30.649999618530273,5552800,31.350000381469727,31.139999389648438,19.81737518310547
19-10-2009,30.979999542236328,31.260000228881836,4613000,31.790000915527344,31.65999984741211,20.148300170898438
20-10-2009,30.739999771118164,31.639999389648438,4125600,31.639999389648438,30.899999618530273,19.664636611938477
21-10-2009,30.68000030517578,30.8700008392334,5539200,31.200000762939453,30.739999771118164,19.562816619873047
22-10-2009,30.479999542236328,30.770000457763672,3839100,31.020000457763672,30.899999618530273,19.664636611938477
23-10-2009,30.170000076293945,30.93000030517578,3178500,31.059999465942383,30.309999465942383,19.28917121887207
26-10-2009,29.68000030517578,30.420000076293945,4026600,30.81999969482422,29.68000030517578,18.88824462890625
27-10-2009,29.389999389648438,29.739999771118164,4190900,29.959999084472656,29.760000228881836,18.93915367126465
28-10-2009,29.290000915527344,30.209999084472656,4102400,30.209999084472656,29.389999389648438,18.703683853149414
29-10-2009,29.540000915527344,29.579999923706055,4594000,30.559999465942383,30.459999084472656,19.384632110595703
30-10-2009,29.59000015258789,30.420000076293945,5253600,30.610000610351562,29.799999237060547,18.964603424072266
02-11-2009,29.360000610351562,29.93000030517578,3035700,30.389999389648438,29.579999923706055,18.824600219726562
03-11-2009,29.200000762939453,29.540000915527344,2196200,29.639999389648438,29.329999923706055,18.66550064086914
04-11-2009,29.299999237060547,29.440000534057617,4152800,30.3799991607666,29.899999618530273,19.02825164794922
05-11-2009,29.959999084472656,30.1200008392334,3046000,30.729999542236328,30.639999389648438,19.499181747436523
06-11-2009,30.299999237060547,30.549999237060547,2675600,30.760000228881836,30.579999923706055,19.460988998413086
09-11-2009,30.6200008392334,30.719999313354492,3154300,31.1299991607666,31.1200008392334,19.804649353027344
10-11-2009,30.979999542236328,31.030000686645508,2915800,31.540000915527344,31.43000030517578,20.00193214416504
11-11-2009,31.06999969482422,31.59000015258789,2741300,31.59000015258789,31.309999465942383,19.925561904907227
12-11-2009,30.979999542236328,31.280000686645508,4497300,31.600000381469727,31.110000610351562,19.798288345336914
13-11-2009,31.110000610351562,31.1200008392334,3506000,31.600000381469727,31.3700008392334,19.963748931884766
16-11-2009,31.43000030517578,31.600000381469727,2649400,31.75,31.719999313354492,20.18648338317871
17-11-2009,31.43000030517578,31.670000076293945,2049400,31.75,31.6200008392334,20.122840881347656
18-11-2009,31.239999771118164,31.56999969482422,2157600,31.6299991607666,31.350000381469727,19.951019287109375
19-11-2009,30.540000915527344,31.209999084472656,2378700,31.350000381469727,30.690000534057617,19.530996322631836
20-11-2009,30.6200008392334,30.770000457763672,2759500,31.190000534057617,31.049999237060547,19.760101318359375
23-11-2009,31.209999084472656,31.309999465942383,2437000,31.709999084472656,31.31999969482422,19.93192481994629
24-11-2009,30.950000762939453,31.350000381469727,3090200,31.420000076293945,31.25,19.88738441467285
25-11-2009,31.200000762939453,31.229999542236328,1715300,31.639999389648438,31.600000381469727,20.110118865966797
27-11-2009,30.770000457763672,30.8799991607666,1104600,31.299999237060547,30.899999618530273,19.664636611938477
30-11-2009,30.729999542236328,30.899999618530273,3132600,31.40999984741211,31.360000610351562,19.957382202148438
01-12-2009,31.610000610351562,31.6200008392334,3693700,31.940000534057617,31.68000030517578,20.161029815673828
02-12-2009,31.719999313354492,31.760000228881836,4074000,32.400001525878906,32.29999923706055,20.555599212646484
03-12-2009,32.06999969482422,32.2599983215332,2958900,32.630001068115234,32.33000183105469,20.57469367980957
04-12-2009,31.739999771118164,32.66999816894531,3787800,32.880001068115234,32.189998626708984,20.485593795776367
07-12-2009,31.770000457763672,31.8799991607666,2842000,32.13999938964844,32.0099983215332,20.58397674560547
08-12-2009,31.56999969482422,31.920000076293945,3196300,32.040000915527344,31.93000030517578,20.532535552978516
09-12-2009,31.780000686645508,31.90999984741211,2410300,32.22999954223633,32.22999954223633,20.72545051574707
10-12-2009,32.279998779296875,32.369998931884766,2825900,32.810001373291016,32.790000915527344,21.08556365966797
11-12-2009,32.70000076293945,33.0,3066300,33.470001220703125,33.43000030517578,21.49711036682129
14-12-2009,33.16999816894531,33.68000030517578,2848900,33.7400016784668,33.4900016784668,21.53569221496582
15-12-2009,33.11000061035156,33.439998626708984,4112500,33.880001068115234,33.72999954223633,21.690025329589844
16-12-2009,33.61000061035156,33.79999923706055,3307300,34.13999938964844,33.689998626708984,21.664297103881836
17-12-2009,33.2599983215332,33.63999938964844,2397200,33.720001220703125,33.400001525878906,21.477815628051758
18-12-2009,33.22999954223633,33.56999969482422,5329500,33.7400016784668,33.40999984741211,21.4842472076416
21-12-2009,33.40999984741211,33.5,2504800,33.959999084472656,33.650001525878906,21.638580322265625
22-12-2009,33.220001220703125,33.779998779296875,2049500,33.86000061035156,33.310001373291016,21.419944763183594
23-12-2009,33.060001373291016,33.38999938964844,2100700,33.630001068115234,33.20000076293945,21.34920883178711
24-12-2009,33.29999923706055,33.310001373291016,814700,33.689998626708984,33.619998931884766,21.619285583496094
28-12-2009,33.40999984741211,33.779998779296875,1425400,33.869998931884766,33.779998779296875,21.7221736907959
29-12-2009,33.560001373291016,33.88999938964844,1182600,33.97999954223633,33.560001373291016,21.580705642700195
30-12-2009,33.47999954223633,33.540000915527344,1387500,33.86000061035156,33.75,21.702878952026367
31-12-2009,33.22999954223633,33.90999984741211,2120900,34.0,33.25,21.381359100341797
04-01-2010,32.88999938964844,33.13999938964844,5130400,33.63999938964844,33.630001068115234,21.62571907043457
05-01-2010,33.43000030517578,33.650001525878906,6568700,33.75,33.599998474121094,21.606428146362305
06-01-2010,33.16999816894531,33.630001068115234,2972700,33.7400016784668,33.41999816894531,21.490676879882812
07-01-2010,32.880001068115234,33.290000915527344,1923800,33.38999938964844,32.970001220703125,21.201305389404297
08-01-2010,32.619998931884766,32.790000915527344,1764000,33.0099983215332,32.880001068115234,21.143428802490234
11-01-2010,32.61000061035156,32.849998474121094,3397600,33.04999923706055,33.040000915527344,21.246320724487305
12-01-2010,32.349998474121094,32.47999954223633,4012200,33.150001525878906,32.83000183105469,21.111282348632812
13-01-2010,32.599998474121094,32.880001068115234,2749100,33.2599983215332,33.04999923706055,21.252744674682617
14-01-2010,32.650001525878906,32.900001525878906,2590000,32.97999954223633,32.81999969482422,21.10485076904297
15-01-2010,32.16999816894531,32.66999816894531,3169700,32.88999938964844,32.619998931884766,20.97623634338379
19-01-2010,32.41999816894531,32.560001373291016,2185300,32.939998626708984,32.91999816894531,21.169151306152344
20-01-2010,31.850000381469727,32.709999084472656,3719400,32.709999084472656,32.22999954223633,20.72545051574707
21-01-2010,31.520000457763672,32.25,3204500,32.599998474121094,31.75,20.416786193847656
22-01-2010,31.18000030517578,31.68000030517578,3298800,31.809999465942383,31.239999771118164,20.088829040527344
25-01-2010,31.1299991607666,31.280000686645508,2074900,31.6200008392334,31.440000534057617,20.217439651489258
26-01-2010,31.020000457763672,31.40999984741211,2382500,31.510000228881836,31.290000915527344,20.120986938476562
27-01-2010,30.389999389648438,31.209999084472656,2649300,31.209999084472656,30.860000610351562,19.844480514526367
28-01-2010,30.31999969482422,30.90999984741211,2994500,30.93000030517578,30.56999969482422,19.65798568725586
29-01-2010,30.510000228881836,30.829999923706055,3138100,30.979999542236328,30.59000015258789,19.670848846435547
01-02-2010,30.459999084472656,30.729999542236328,2192100,30.81999969482422,30.6299991607666,19.696578979492188
02-02-2010,30.399999618530273,30.649999618530273,2553900,30.950000762939453,30.889999389648438,19.8637638092041
03-02-2010,30.440000534057617,30.700000762939453,1914100,30.8700008392334,30.549999237060547,19.64512825012207
04-02-2010,29.600000381469727,30.31999969482422,2337500,30.399999618530273,29.639999389648438,19.059953689575195
05-02-2010,29.010000228881836,29.610000610351562,3041800,29.739999771118164,29.520000457763672,18.982784271240234
08-02-2010,29.3700008392334,29.489999771118164,2157200,30.030000686645508,29.479999542236328,18.95706558227539
09-02-2010,29.600000381469727,29.739999771118164,3132400,30.229999542236328,29.889999389648438,19.22071075439453
10-02-2010,29.389999389648438,29.850000381469727,3503200,30.049999237060547,29.93000030517578,19.24643325805664
11-02-2010,29.579999923706055,29.899999618530273,5261500,30.610000610351562,30.530000686645508,19.632266998291016
12-02-2010,29.899999618530273,30.280000686645508,4165100,30.350000381469727,30.170000076293945,19.400774002075195
16-02-2010,30.40999984741211,30.420000076293945,3017500,30.84000015258789,30.760000228881836,19.78017234802246
17-02-2010,30.549999237060547,30.920000076293945,2219700,31.1200008392334,30.739999771118164,19.767309188842773
18-02-2010,30.530000686645508,30.65999984741211,3440400,31.06999969482422,30.850000381469727,19.838045120239258
19-02-2010,30.479999542236328,30.700000762939453,2822900,31.200000762939453,31.18000030517578,20.050249099731445
22-02-2010,30.5,31.3700008392334,2305800,31.3700008392334,30.56999969482422,19.65798568725586
23-02-2010,29.959999084472656,30.459999084472656,3321100,30.56999969482422,30.15999984741211,19.394336700439453
24-02-2010,29.760000228881836,30.270000457763672,3771400,30.309999465942383,30.170000076293945,19.400774002075195
25-02-2010,29.3700008392334,29.799999237060547,4217700,29.979999542236328,29.920000076293945,19.24001121520996
26-02-2010,29.549999237060547,29.8700008392334,2599600,30.010000228881836,29.719999313354492,19.111392974853516
01-03-2010,29.829999923706055,29.829999923706055,2944500,30.610000610351562,30.440000534057617,19.57439422607422
02-03-2010,30.420000076293945,30.59000015258789,2401400,30.739999771118164,30.6299991607666,19.696578979492188
03-03-2010,30.5,30.65999984741211,2356400,30.739999771118164,30.56999969482422,19.65798568725586
04-03-2010,30.3799991607666,30.690000534057617,7348300,30.93000030517578,30.899999618530273,19.870193481445312
05-03-2010,30.959999084472656,31.489999771118164,5039300,31.489999771118164,31.200000762939453,20.0631103515625
08-03-2010,30.329999923706055,30.719999313354492,2415200,30.889999389648438,30.709999084472656,19.967533111572266
09-03-2010,30.5,30.690000534057617,2987200,30.75,30.549999237060547,19.863500595092773
10-03-2010,30.290000915527344,30.600000381469727,3263100,30.700000762939453,30.549999237060547,19.863500595092773
11-03-2010,30.40999984741211,30.43000030517578,2532000,30.709999084472656,30.670000076293945,19.941524505615234
12-03-2010,30.520000457763672,30.780000686645508,1916400,30.90999984741211,30.56999969482422,19.876508712768555
15-03-2010,30.520000457763672,30.520000457763672,2157400,30.850000381469727,30.850000381469727,20.058555603027344
16-03-2010,30.739999771118164,30.920000076293945,2360100,31.18000030517578,31.1299991607666,20.240610122680664
17-03-2010,30.780000686645508,31.18000030517578,3551500,31.31999969482422,30.959999084472656,20.13007926940918
18-03-2010,30.709999084472656,30.940000534057617,2269400,31.200000762939453,30.989999771118164,20.149585723876953
19-03-2010,30.649999618530273,30.920000076293945,3569000,31.34000015258789,30.920000076293945,20.10407257080078
22-03-2010,30.5,30.799999237060547,2010200,30.920000076293945,30.59000015258789,19.889501571655273
23-03-2010,30.360000610351562,30.59000015258789,2770200,30.950000762939453,30.530000686645508,19.850496292114258
24-03-2010,30.06999969482422,30.450000762939453,3384400,30.6299991607666,30.09000015258789,19.564411163330078
25-03-2010,29.18000030517578,30.09000015258789,5960600,30.209999084472656,29.350000381469727,19.08326530456543
26-03-2010,29.040000915527344,29.440000534057617,3177700,29.450000762939453,29.110000610351562,18.927217483520508
29-03-2010,29.149999618530273,29.309999465942383,2689700,29.510000228881836,29.489999771118164,19.174287796020508
30-03-2010,29.360000610351562,29.600000381469727,2444400,29.6299991607666,29.450000762939453,19.148286819458008
31-03-2010,29.110000610351562,29.579999923706055,3954100,29.639999389648438,29.520000457763672,19.19379425048828
01-04-2010,29.65999984741211,29.65999984741211,3110800,30.149999618530273,30.1200008392334,19.58391571044922
05-04-2010,30.229999542236328,30.25,3317600,30.8700008392334,30.81999969482422,20.039051055908203
06-04-2010,30.559999465942383,30.690000534057617,3975800,31.149999618530273,31.100000381469727,20.22110939025879
07-04-2010,30.399999618530273,30.969999313354492,5440700,30.969999313354492,30.68000030517578,19.948026657104492
08-04-2010,30.229999542236328,30.6200008392334,2602200,30.6200008392334,30.479999542236328,19.817981719970703
09-04-2010,30.219999313354492,30.520000457763672,2686600,30.709999084472656,30.690000534057617,19.954526901245117
12-04-2010,30.809999465942383,30.989999771118164,2048000,31.059999465942383,31.030000686645508,20.17559814453125
13-04-2010,30.65999984741211,31.059999465942383,2521900,31.1299991607666,30.850000381469727,20.058555603027344
14-04-2010,30.610000610351562,30.829999923706055,3131700,31.229999542236328,31.219999313354492,20.299129486083984
15-04-2010,30.700000762939453,31.1200008392334,3118200,31.18000030517578,30.700000762939453,19.961030960083008
16-04-2010,30.15999984741211,30.649999618530273,2908600,30.799999237060547,30.25,19.668445587158203
19-04-2010,30.06999969482422,30.1200008392334,1610200,30.389999389648438,30.260000228881836,19.67494010925293
20-04-2010,30.3700008392334,30.459999084472656,2127000,30.809999465942383,30.790000915527344,20.01954460144043
21-04-2010,30.59000015258789,30.75,1747000,30.860000610351562,30.829999923706055,20.045549392700195
22-04-2010,30.6200008392334,30.84000015258789,2338700,31.1200008392334,31.06999969482422,20.20160675048828
23-04-2010,30.850000381469727,31.020000457763672,2064300,31.549999237060547,31.549999237060547,20.513690948486328
26-04-2010,31.329999923706055,31.469999313354492,2478900,31.639999389648438,31.389999389648438,20.409666061401367
27-04-2010,31.010000228881836,31.309999465942383,3475200,31.549999237060547,31.06999969482422,20.20160675048828
28-04-2010,30.770000457763672,31.290000915527344,3518700,31.530000686645508,31.459999084472656,20.45517921447754
29-04-2010,31.600000381469727,31.600000381469727,2678900,32.06999969482422,31.84000015258789,20.70224952697754
30-04-2010,31.889999389648438,31.940000534057617,4937400,32.650001525878906,32.130001068115234,20.890810012817383
03-05-2010,32.27000045776367,32.33000183105469,2559700,32.869998931884766,32.77000045776367,21.306934356689453
04-05-2010,31.950000762939453,32.5099983215332,2741900,32.58000183105469,32.150001525878906,20.903812408447266
05-05-2010,31.56999969482422,31.770000457763672,3174900,32.209999084472656,31.889999389648438,20.734758377075195
06-05-2010,29.610000610351562,31.84000015258789,3644400,31.969999313354492,31.0,20.156091690063477
07-05-2010,30.260000228881836,31.010000228881836,4797900,31.3799991607666,30.700000762939453,19.961030960083008
10-05-2010,31.170000076293945,31.709999084472656,6063500,32.08000183105469,31.420000076293945,20.429174423217773
11-05-2010,31.1299991607666,31.1299991607666,4001900,31.780000686645508,31.479999542236328,20.468181610107422
12-05-2010,31.31999969482422,31.459999084472656,3551900,32.20000076293945,32.150001525878906,20.903812408447266
13-05-2010,32.0,32.40999984741211,3647400,32.720001220703125,32.099998474121094,20.87130355834961
14-05-2010,31.469999313354492,31.940000534057617,3619300,32.189998626708984,31.809999465942383,20.68274688720703
17-05-2010,31.329999923706055,32.08000183105469,5231000,32.2400016784668,31.8700008392334,20.721763610839844
18-05-2010,31.5,32.0099983215332,3671200,32.189998626708984,31.56999969482422,20.526704788208008
19-05-2010,31.049999237060547,31.489999771118164,3681400,31.6200008392334,31.43000030517578,20.435672760009766
20-05-2010,30.350000381469727,30.84000015258789,7311000,30.969999313354492,30.489999771118164,19.82448959350586
21-05-2010,29.760000228881836,30.06999969482422,4815300,30.3799991607666,30.260000228881836,19.67494010925293
24-05-2010,30.06999969482422,30.450000762939453,2486900,30.719999313354492,30.1299991607666,19.59041404724121
25-05-2010,29.020000457763672,29.530000686645508,4362600,30.049999237060547,30.049999237060547,19.53840446472168
26-05-2010,29.75,30.299999237060547,2880100,30.40999984741211,29.889999389648438,19.43436622619629
27-05-2010,30.079999923706055,30.270000457763672,2347000,30.6200008392334,30.600000381469727,19.896007537841797
28-05-2010,30.489999771118164,30.610000610351562,2633600,30.959999084472656,30.6299991607666,19.915515899658203
01-06-2010,30.1200008392334,30.440000534057617,3910900,30.84000015258789,30.280000686645508,19.68794822692871
02-06-2010,30.170000076293945,30.479999542236328,4898400,31.1299991607666,31.1200008392334,20.234111785888672
03-06-2010,31.110000610351562,31.149999618530273,2023500,31.510000228881836,31.489999771118164,20.474681854248047
04-06-2010,30.549999237060547,31.079999923706055,3386000,31.510000228881836,30.670000076293945,19.941524505615234
07-06-2010,30.209999084472656,30.459999084472656,4980500,31.1200008392334,30.809999465942383,20.259119033813477
08-06-2010,30.649999618530273,30.84000015258789,4824300,31.610000610351562,31.579999923706055,20.76543426513672
09-06-2010,31.459999084472656,31.799999237060547,6026100,32.400001525878906,31.860000610351562,20.949548721313477
10-06-2010,32.04999923706055,32.220001220703125,3392400,32.45000076293945,32.2400016784668,21.19942283630371
11-06-2010,31.56999969482422,31.920000076293945,2917200,32.150001525878906,32.11000061035156,21.113933563232422
14-06-2010,32.2599983215332,32.369998931884766,2706800,32.75,32.31999969482422,21.25201988220215
15-06-2010,32.33000183105469,32.59000015258789,2682300,33.119998931884766,33.119998931884766,21.77806282043457
16-06-2010,32.540000915527344,32.880001068115234,2628500,33.33000183105469,33.20000076293945,21.83066749572754
17-06-2010,32.970001220703125,33.220001220703125,3113300,33.72999954223633,33.63999938964844,22.119983673095703
18-06-2010,33.36000061035156,33.61000061035156,3351300,33.79999923706055,33.619998931884766,22.10683250427246
21-06-2010,32.95000076293945,34.099998474121094,4271100,34.209999084472656,33.08000183105469,21.751752853393555
22-06-2010,32.08000183105469,33.04999923706055,5555200,33.36000061035156,32.189998626708984,21.166540145874023
23-06-2010,31.68000030517578,32.099998474121094,4480800,32.18000030517578,31.709999084472656,20.850914001464844
24-06-2010,31.6299991607666,31.670000076293945,3122700,32.34000015258789,31.81999969482422,20.923248291015625
25-06-2010,31.360000610351562,31.90999984741211,6229800,32.43000030517578,32.400001525878906,21.304622650146484
28-06-2010,32.040000915527344,32.470001220703125,2779500,32.630001068115234,32.43000030517578,21.32435417175293
29-06-2010,31.479999542236328,32.09000015258789,4139500,32.11000061035156,31.610000610351562,20.785160064697266
30-06-2010,31.299999237060547,31.760000228881836,4804100,32.060001373291016,31.329999923706055,20.601045608520508
01-07-2010,30.920000076293945,31.43000030517578,3695100,31.469999313354492,31.149999618530273,20.482683181762695
02-07-2010,31.1299991607666,31.149999618530273,2860400,31.6299991607666,31.3799991607666,20.633926391601562
06-07-2010,31.360000610351562,31.540000915527344,4111400,31.850000381469727,31.709999084472656,20.850914001464844
07-07-2010,31.639999389648438,31.719999313354492,6629900,32.849998474121094,32.720001220703125,21.515039443969727
08-07-2010,32.84000015258789,32.84000015258789,3598200,33.189998626708984,33.15999984741211,21.80436134338379
09-07-2010,32.91999816894531,33.040000915527344,2794700,33.43000030517578,33.34000015258789,21.922725677490234
12-07-2010,33.130001068115234,33.310001373291016,2576600,33.58000183105469,33.45000076293945,21.995054244995117
13-07-2010,33.31999969482422,33.709999084472656,3269600,33.83000183105469,33.470001220703125,22.008203506469727
14-07-2010,33.119998931884766,33.310001373291016,2047800,33.630001068115234,33.52000045776367,22.041078567504883
15-07-2010,33.2400016784668,33.27000045776367,2137800,33.86000061035156,33.7400016784668,22.185745239257812
16-07-2010,32.959999084472656,33.61000061035156,3187400,33.709999084472656,32.970001220703125,21.679428100585938
19-07-2010,32.97999954223633,33.15999984741211,2418900,33.540000915527344,33.29999923706055,21.896419525146484
20-07-2010,32.68000030517578,33.099998474121094,3059400,33.529998779296875,33.47999954223633,22.014780044555664
21-07-2010,32.79999923706055,33.58000183105469,2205400,33.58000183105469,33.0,21.69915008544922
22-07-2010,33.18000030517578,33.310001373291016,3581300,33.90999984741211,33.689998626708984,22.152862548828125
23-07-2010,33.36000061035156,33.619998931884766,2144500,33.84000015258789,33.77000045776367,22.20547103881836
26-07-2010,33.689998626708984,33.79999923706055,2072100,34.08000183105469,34.04999923706055,22.389585494995117
27-07-2010,34.119998931884766,34.16999816894531,2720300,34.83000183105469,34.779998779296875,22.869590759277344
28-07-2010,34.29999923706055,34.70000076293945,3851800,34.93000030517578,34.38999938964844,22.613147735595703
29-07-2010,33.4900016784668,34.63999938964844,4388400,34.75,33.81999969482422,22.238346099853516
30-07-2010,32.20000076293945,33.310001373291016,5140700,33.75,32.900001525878906,21.633399963378906
02-08-2010,32.72999954223633,33.150001525878906,5799500,33.34000015258789,33.310001373291016,21.902997970581055
03-08-2010,33.029998779296875,33.290000915527344,2353900,33.540000915527344,33.06999969482422,21.745189666748047
04-08-2010,32.29999923706055,33.09000015258789,3977500,33.119998931884766,32.900001525878906,21.633399963378906
05-08-2010,32.150001525878906,32.68000030517578,3294400,32.75,32.400001525878906,21.304622650146484
06-08-2010,32.20000076293945,32.279998779296875,3779800,32.84000015258789,32.7400016784668,21.5281925201416
09-08-2010,32.599998474121094,32.75,2599600,32.970001220703125,32.66999816894531,21.48216438293457
10-08-2010,32.209999084472656,32.470001220703125,2870400,32.779998779296875,32.52000045776367,21.383533477783203
11-08-2010,31.719999313354492,32.13999938964844,2726900,32.20000076293945,31.739999771118164,20.870635986328125
12-08-2010,31.18000030517578,31.479999542236328,4236300,32.060001373291016,31.559999465942383,20.75228500366211
13-08-2010,31.3799991607666,31.5,2645600,32.06999969482422,31.709999084472656,20.850914001464844
16-08-2010,31.299999237060547,31.56999969482422,2201700,31.81999969482422,31.540000915527344,20.739137649536133
17-08-2010,31.639999389648438,31.780000686645508,2635000,32.38999938964844,32.09000015258789,21.100784301757812
18-08-2010,31.81999969482422,32.0099983215332,2833100,32.31999969482422,32.18000030517578,21.159963607788086
19-08-2010,31.5,31.799999237060547,2281500,32.2400016784668,31.65999984741211,20.818038940429688
20-08-2010,31.3799991607666,31.43000030517578,2326600,31.809999465942383,31.729999542236328,20.864065170288086
23-08-2010,31.799999237060547,31.799999237060547,3047700,32.36000061035156,32.20000076293945,21.173110961914062
24-08-2010,31.90999984741211,31.90999984741211,3381100,32.459999084472656,32.130001068115234,21.127084732055664
25-08-2010,31.280000686645508,31.690000534057617,8832900,31.920000076293945,31.75,20.87721824645996
26-08-2010,31.280000686645508,31.90999984741211,3413900,32.0,31.389999389648438,20.640499114990234
27-08-2010,31.260000228881836,31.540000915527344,2723000,32.150001525878906,32.06999969482422,21.087635040283203
30-08-2010,31.65999984741211,32.029998779296875,2079400,32.15999984741211,31.65999984741211,20.818038940429688
31-08-2010,31.360000610351562,31.6299991607666,3960300,32.029998779296875,31.959999084472656,21.01530647277832
01-09-2010,32.130001068115234,32.25,2665800,32.84000015258789,32.83000183105469,21.587373733520508
02-09-2010,32.459999084472656,32.84000015258789,2465600,32.95000076293945,32.619998931884766,21.449281692504883
03-09-2010,32.560001373291016,32.70000076293945,2371800,32.959999084472656,32.93000030517578,21.653127670288086
07-09-2010,32.369998931884766,32.38999938964844,2628700,32.7400016784668,32.47999954223633,21.582027435302734
08-09-2010,32.029998779296875,32.56999969482422,1916500,32.689998626708984,32.119998931884766,21.342815399169922
09-09-2010,32.36000061035156,32.4900016784668,1821900,32.59000015258789,32.36000061035156,21.502294540405273
10-09-2010,31.790000915527344,32.29999923706055,3606600,32.36000061035156,31.920000076293945,21.20992660522461
13-09-2010,31.81999969482422,32.06999969482422,2997700,32.16999816894531,32.0,21.263084411621094
14-09-2010,31.760000228881836,32.040000915527344,3248700,32.20000076293945,31.93000030517578,21.216567993164062
15-09-2010,31.260000228881836,31.899999618530273,3627100,31.899999618530273,31.450000762939453,20.897621154785156
16-09-2010,31.270000457763672,31.43000030517578,2698700,31.639999389648438,31.59000015258789,20.990650177001953
17-09-2010,31.610000610351562,31.770000457763672,3856900,31.8700008392334,31.860000610351562,21.17005157470703
20-09-2010,31.780000686645508,31.950000762939453,2804100,32.279998779296875,32.2599983215332,21.435848236083984
21-09-2010,32.040000915527344,32.36000061035156,4052200,32.70000076293945,32.439998626708984,21.555450439453125
22-09-2010,32.369998931884766,32.459999084472656,2650700,32.90999984741211,32.400001525878906,21.528871536254883
23-09-2010,32.02000045776367,32.15999984741211,2426400,32.59000015258789,32.060001373291016,21.302949905395508
24-09-2010,32.27000045776367,32.40999984741211,2745900,32.869998931884766,32.869998931884766,21.841171264648438
27-09-2010,32.81999969482422,32.959999084472656,2883700,33.22999954223633,33.060001373291016,21.967422485351562
28-09-2010,32.83000183105469,33.13999938964844,2292800,33.27000045776367,33.13999938964844,22.020578384399414
29-09-2010,32.650001525878906,32.959999084472656,1784800,33.06999969482422,32.959999084472656,21.900972366333008
30-09-2010,33.029998779296875,33.279998779296875,3332600,33.279998779296875,33.08000183105469,21.980716705322266
01-10-2010,32.939998626708984,33.369998931884766,2032100,33.380001068115234,33.08000183105469,21.980716705322266
04-10-2010,32.91999816894531,33.029998779296875,1935600,33.43000030517578,33.08000183105469,21.980716705322266
05-10-2010,33.25,33.40999984741211,1777900,33.650001525878906,33.56999969482422,22.30629539489746
06-10-2010,32.97999954223633,33.5099983215332,2152300,33.59000015258789,33.029998779296875,21.947486877441406
07-10-2010,33.13999938964844,33.189998626708984,1799900,33.41999816894531,33.400001525878906,22.193344116210938
08-10-2010,33.310001373291016,33.52000045776367,1777700,33.650001525878906,33.5099983215332,22.26643180847168
11-10-2010,33.27000045776367,33.58000183105469,1816000,33.720001220703125,33.41999816894531,22.206634521484375
12-10-2010,32.900001525878906,33.43000030517578,2025900,33.5,33.16999816894531,22.040512084960938
13-10-2010,33.099998474121094,33.27000045776367,2115200,33.5,33.38999938964844,22.18669319152832
14-10-2010,33.0,33.349998474121094,1818300,33.529998779296875,33.11000061035156,22.000642776489258
15-10-2010,32.970001220703125,33.290000915527344,6137600,33.400001525878906,33.25,22.09367561340332
18-10-2010,33.209999084472656,33.310001373291016,1606600,33.79999923706055,33.72999954223633,22.412616729736328
19-10-2010,33.18000030517578,33.349998474121094,2108200,33.720001220703125,33.31999969482422,22.140182495117188
20-10-2010,33.400001525878906,33.43000030517578,1518500,33.81999969482422,33.560001373291016,22.29965591430664
21-10-2010,33.529998779296875,33.70000076293945,3533400,33.970001220703125,33.79999923706055,22.459129333496094
22-10-2010,33.119998931884766,33.79999923706055,3579300,33.810001373291016,33.25,22.09367561340332
25-10-2010,33.20000076293945,33.4900016784668,2618000,33.63999938964844,33.33000183105469,22.146831512451172
26-10-2010,33.060001373291016,33.2400016784668,2958200,33.400001525878906,33.38999938964844,22.18669319152832
27-10-2010,32.20000076293945,33.119998931884766,5428800,33.119998931884766,32.630001068115234,21.681699752807617
28-10-2010,32.2400016784668,32.77000045776367,4623100,32.939998626708984,32.45000076293945,21.562095642089844
29-10-2010,32.279998779296875,32.45000076293945,2755600,32.599998474121094,32.34000015258789,21.489004135131836
01-11-2010,31.950000762939453,32.470001220703125,3089400,32.68000030517578,32.18000030517578,21.3826904296875
02-11-2010,32.33000183105469,32.38999938964844,2164600,32.900001525878906,32.869998931884766,21.841171264648438
03-11-2010,32.650001525878906,32.970001220703125,2808200,33.119998931884766,32.93000030517578,21.88104248046875
04-11-2010,33.13999938964844,33.209999084472656,2359800,33.439998626708984,33.2599983215332,22.10031509399414
05-11-2010,32.790000915527344,33.36000061035156,2333100,33.43000030517578,33.02000045776367,21.940839767456055
08-11-2010,32.279998779296875,32.7400016784668,2325600,32.93000030517578,32.5099983215332,21.60195541381836
09-11-2010,32.349998474121094,32.56999969482422,2616500,32.779998779296875,32.459999084472656,21.56873893737793
10-11-2010,32.04999923706055,32.31999969482422,2594500,32.540000915527344,32.25,21.429195404052734
11-11-2010,31.93000030517578,32.150001525878906,3004100,32.36000061035156,32.060001373291016,21.302949905395508
12-11-2010,31.549999237060547,32.060001373291016,3302400,32.06999969482422,31.65999984741211,21.037160873413086
15-11-2010,31.829999923706055,31.829999923706055,1714600,32.29999923706055,31.959999084472656,21.23650550842285
16-11-2010,31.170000076293945,31.850000381469727,2299200,31.950000762939453,31.440000534057617,20.890979766845703
17-11-2010,31.15999984741211,31.479999542236328,3245900,31.579999923706055,31.239999771118164,20.758085250854492
18-11-2010,31.06999969482422,31.469999313354492,4471100,31.579999923706055,31.15999984741211,20.70492935180664
19-11-2010,30.350000381469727,30.940000534057617,5191200,30.979999542236328,30.760000228881836,20.439136505126953
22-11-2010,30.510000228881836,30.780000686645508,2388600,30.899999618530273,30.81999969482422,20.479007720947266
23-11-2010,30.450000762939453,30.610000610351562,3195300,30.799999237060547,30.639999389648438,20.359403610229492
24-11-2010,30.739999771118164,30.81999969482422,2348400,30.979999542236328,30.93000030517578,20.552091598510742
26-11-2010,30.56999969482422,30.610000610351562,1196100,30.8700008392334,30.6299991607666,20.352754592895508
29-11-2010,30.440000534057617,30.5,3189400,30.93000030517578,30.84000015258789,20.49229621887207
30-11-2010,30.6299991607666,30.799999237060547,9312200,31.06999969482422,30.829999923706055,20.485645294189453
01-12-2010,30.850000381469727,31.25,8987000,31.510000228881836,31.459999084472656,20.904268264770508
02-12-2010,31.09000015258789,31.450000762939453,8879800,31.59000015258789,31.489999771118164,20.924196243286133
03-12-2010,31.31999969482422,31.440000534057617,2670100,31.790000915527344,31.739999771118164,21.090314865112305
06-12-2010,31.200000762939453,31.5,3062000,31.56999969482422,31.440000534057617,21.119205474853516
07-12-2010,31.170000076293945,31.65999984741211,3108500,31.68000030517578,31.270000457763672,21.0050106048584
08-12-2010,30.989999771118164,31.329999923706055,3905200,31.399999618530273,31.1299991607666,20.910964965820312
09-12-2010,30.84000015258789,31.200000762939453,5234700,31.520000457763672,31.290000915527344,21.018442153930664
10-12-2010,30.90999984741211,31.360000610351562,2529600,31.3700008392334,31.1200008392334,20.904245376586914
13-12-2010,30.959999084472656,31.3700008392334,1938100,31.3700008392334,31.18000030517578,20.944549560546875
14-12-2010,31.040000915527344,31.18000030517578,3121100,31.59000015258789,31.459999084472656,21.132638931274414
15-12-2010,31.06999969482422,31.270000457763672,2408300,31.450000762939453,31.190000534057617,20.951271057128906
16-12-2010,31.06999969482422,31.190000534057617,5069100,31.93000030517578,31.8700008392334,21.408048629760742
17-12-2010,31.56999969482422,31.809999465942383,4916700,31.920000076293945,31.639999389648438,21.25354766845703
20-12-2010,31.450000762939453,31.84000015258789,2543700,31.889999389648438,31.479999542236328,21.14607048034668
21-12-2010,31.06999969482422,31.639999389648438,2662400,31.690000534057617,31.239999771118164,20.984861373901367
22-12-2010,31.209999084472656,31.329999923706055,1516600,31.610000610351562,31.600000381469727,21.226680755615234
23-12-2010,31.239999771118164,31.489999771118164,1738900,31.540000915527344,31.43000030517578,21.11248207092285
27-12-2010,31.25,31.31999969482422,1089200,31.479999542236328,31.43000030517578,21.11248207092285
28-12-2010,31.260000228881836,31.540000915527344,925000,31.579999923706055,31.540000915527344,21.186378479003906
29-12-2010,31.309999465942383,31.579999923706055,951100,31.6200008392334,31.360000610351562,21.065465927124023
30-12-2010,31.34000015258789,31.389999389648438,1117300,31.540000915527344,31.389999389648438,21.085622787475586
31-12-2010,31.3799991607666,31.420000076293945,2023100,31.90999984741211,31.809999465942383,21.36774253845215
03-01-2011,31.559999465942383,32.0099983215332,2671200,32.060001373291016,31.799999237060547,21.36102867126465
04-01-2011,31.290000915527344,31.799999237060547,3440500,31.8700008392334,31.579999923706055,21.213241577148438
05-01-2011,31.229999542236328,31.450000762939453,3161100,31.639999389648438,31.31999969482422,21.03859519958496
06-01-2011,31.09000015258789,31.3700008392334,3401600,31.420000076293945,31.25,20.9915771484375
07-01-2011,30.90999984741211,31.309999465942383,4845700,31.59000015258789,31.59000015258789,21.219966888427734
10-01-2011,31.110000610351562,31.5,3082000,31.649999618530273,31.600000381469727,21.226680755615234
11-01-2011,31.450000762939453,31.6299991607666,2630800,31.950000762939453,31.899999618530273,21.42820167541504
12-01-2011,31.93000030517578,31.93000030517578,2220400,32.43000030517578,32.15999984741211,21.60284996032715
13-01-2011,31.5,32.08000183105469,2870900,32.209999084472656,31.59000015258789,21.219966888427734
14-01-2011,31.40999984741211,31.489999771118164,1731000,31.65999984741211,31.6200008392334,21.2401123046875
18-01-2011,31.229999542236328,31.670000076293945,3337500,31.850000381469727,31.31999969482422,21.03859519958496
19-01-2011,31.309999465942383,31.309999465942383,2363700,31.799999237060547,31.770000457763672,21.34087562561035
20-01-2011,31.780000686645508,31.780000686645508,2067900,32.310001373291016,32.16999816894531,21.609561920166016
21-01-2011,32.209999084472656,32.4900016784668,3530500,32.4900016784668,32.459999084472656,21.80436897277832
24-01-2011,32.36000061035156,32.380001068115234,2246100,32.779998779296875,32.70000076293945,21.965578079223633
25-01-2011,32.459999084472656,32.66999816894531,2619000,32.849998474121094,32.5,21.831239700317383
26-01-2011,32.41999816894531,32.529998779296875,1968800,32.650001525878906,32.56999969482422,21.878259658813477
27-01-2011,32.4900016784668,32.599998474121094,1967400,32.779998779296875,32.630001068115234,21.918563842773438
28-01-2011,32.25,32.65999984741211,2277500,32.75,32.43000030517578,21.784223556518555
31-01-2011,32.290000915527344,32.459999084472656,2136000,32.599998474121094,32.43000030517578,21.784223556518555
01-02-2011,32.27000045776367,32.61000061035156,2877500,33.119998931884766,33.119998931884766,22.24770736694336
02-02-2011,32.27000045776367,32.939998626708984,3733800,32.939998626708984,32.59000015258789,21.891691207885742
03-02-2011,32.40999984741211,32.599998474121094,2384200,32.81999969482422,32.75,21.999168395996094
04-02-2011,32.209999084472656,32.66999816894531,3299300,32.66999816894531,32.220001220703125,21.64315414428711
07-02-2011,32.22999954223633,32.33000183105469,1554700,32.61000061035156,32.61000061035156,21.905128479003906
08-02-2011,32.380001068115234,32.59000015258789,1628200,32.75,32.7400016784668,21.99245262145996
09-02-2011,32.41999816894531,32.63999938964844,2549900,33.119998931884766,33.02000045776367,22.18053436279297
10-02-2011,32.7400016784668,33.0,1612800,33.060001373291016,32.88999938964844,22.09321403503418
11-02-2011,32.7400016784668,32.779998779296875,1130000,33.11000061035156,32.869998931884766,22.07978057861328
14-02-2011,32.40999984741211,32.83000183105469,1075100,32.91999816894531,32.58000183105469,21.884979248046875
15-02-2011,32.29999923706055,32.459999084472656,1709600,32.529998779296875,32.45000076293945,21.797653198242188
16-02-2011,31.8799991607666,32.41999816894531,2868300,32.61000061035156,32.119998931884766,21.57598114013672
17-02-2011,31.700000762939453,32.08000183105469,2275600,32.18000030517578,32.06999969482422,21.542394638061523
18-02-2011,31.709999084472656,32.119998931884766,3141000,32.119998931884766,31.739999771118164,21.32071876525879
22-02-2011,31.049999237060547,31.280000686645508,5709700,32.36000061035156,32.22999954223633,21.64986801147461
23-02-2011,31.920000076293945,32.279998779296875,4238600,32.459999084472656,32.29999923706055,21.696889877319336
24-02-2011,32.0099983215332,32.290000915527344,4264000,32.47999954223633,32.22999954223633,21.64986801147461
25-02-2011,32.04999923706055,32.27000045776367,2317800,32.439998626708984,32.41999816894531,21.77750015258789
28-02-2011,32.369998931884766,32.5099983215332,2862000,32.900001525878906,32.70000076293945,21.965578079223633
01-03-2011,31.889999389648438,32.59000015258789,4022800,32.72999954223633,31.90999984741211,21.43491554260254
02-03-2011,31.6299991607666,31.93000030517578,2324200,32.09000015258789,31.889999389648438,21.42148208618164
03-03-2011,31.950000762939453,32.150001525878906,2313700,32.29999923706055,31.950000762939453,21.4617862701416
04-03-2011,31.329999923706055,31.989999771118164,2506300,32.0,31.610000610351562,21.233394622802734
07-03-2011,31.450000762939453,31.649999618530273,2725800,32.06999969482422,31.469999313354492,21.139360427856445
08-03-2011,31.059999465942383,31.059999465942383,2024400,31.780000686645508,31.68000030517578,21.514911651611328
09-03-2011,31.68000030517578,31.68000030517578,3497700,32.540000915527344,32.5099983215332,22.078590393066406
10-03-2011,31.969999313354492,32.27000045776367,3110900,32.650001525878906,32.04999923706055,21.76619529724121
11-03-2011,31.8799991607666,32.099998474121094,2556200,32.459999084472656,32.380001068115234,21.990304946899414
14-03-2011,31.329999923706055,32.130001068115234,4001800,32.130001068115234,31.510000228881836,21.39946746826172
15-03-2011,30.610000610351562,30.899999618530273,4011300,31.18000030517578,31.100000381469727,21.121021270751953
16-03-2011,30.149999618530273,31.100000381469727,7318400,31.579999923706055,30.31999969482422,20.59130096435547
17-03-2011,30.15999984741211,30.700000762939453,3962000,30.75,30.469999313354492,20.693161010742188
18-03-2011,30.209999084472656,30.540000915527344,3378500,30.700000762939453,30.43000030517578,20.665998458862305
21-03-2011,30.540000915527344,30.6200008392334,2280300,30.989999771118164,30.760000228881836,20.890111923217773
22-03-2011,30.739999771118164,30.81999969482422,2085500,31.18000030517578,31.0,21.053102493286133
23-03-2011,30.770000457763672,30.920000076293945,1856200,31.229999542236328,31.149999618530273,21.15497589111328
24-03-2011,31.15999984741211,31.309999465942383,2497300,31.440000534057617,31.170000076293945,21.168560028076172
25-03-2011,31.059999465942383,31.25,2319100,31.489999771118164,31.09000015258789,21.114229202270508
28-03-2011,30.979999542236328,31.170000076293945,1376400,31.270000457763672,30.979999542236328,21.039527893066406
29-03-2011,30.760000228881836,30.959999084472656,1536500,31.3799991607666,31.309999465942383,21.263639450073242
30-03-2011,31.290000915527344,31.389999389648438,2004600,31.8700008392334,31.690000534057617,21.521705627441406
31-03-2011,31.489999771118164,31.739999771118164,2322100,31.8799991607666,31.510000228881836,21.39946746826172
01-04-2011,31.3700008392334,31.709999084472656,2431300,31.770000457763672,31.5,21.39267349243164
04-04-2011,30.729999542236328,31.450000762939453,5329700,31.5,30.889999389648438,20.97840118408203
05-04-2011,30.770000457763672,30.8700008392334,4063900,31.0,30.809999465942383,20.924070358276367
06-04-2011,30.850000381469727,30.90999984741211,4590200,31.559999465942383,31.559999465942383,21.43341827392578
07-04-2011,31.079999923706055,31.489999771118164,2359500,31.530000686645508,31.360000610351562,21.29759407043457
08-04-2011,31.0,31.530000686645508,1497200,31.549999237060547,31.219999313354492,21.202516555786133
11-04-2011,30.440000534057617,31.079999923706055,3957500,31.139999389648438,30.559999465942383,20.754291534423828
12-04-2011,30.299999237060547,30.479999542236328,3569100,30.700000762939453,30.579999923706055,20.767868041992188
13-04-2011,30.610000610351562,30.6299991607666,3624700,31.100000381469727,30.959999084472656,21.025941848754883
14-04-2011,30.65999984741211,30.790000915527344,2714200,31.049999237060547,30.8700008392334,20.96482276916504
15-04-2011,30.93000030517578,30.959999084472656,2880200,31.510000228881836,31.200000762939453,21.188928604125977
18-04-2011,30.719999313354492,31.020000457763672,2118300,31.06999969482422,30.899999618530273,20.98518943786621
19-04-2011,30.469999313354492,30.8799991607666,2867000,30.899999618530273,30.520000457763672,20.727123260498047
20-04-2011,30.6200008392334,30.770000457763672,3153900,30.950000762939453,30.760000228881836,20.890111923217773
21-04-2011,30.489999771118164,30.790000915527344,1680000,30.940000534057617,30.93000030517578,21.005558013916016
25-04-2011,30.75,30.8700008392334,1059100,31.0,30.809999465942383,20.924070358276367
26-04-2011,30.780000686645508,30.90999984741211,2395800,31.299999237060547,31.239999771118164,21.216096878051758
27-04-2011,31.219999313354492,31.299999237060547,3720000,31.8799991607666,31.799999237060547,21.596410751342773
28-04-2011,31.690000534057617,31.729999542236328,2797400,32.22999954223633,32.09000015258789,21.793357849121094
29-04-2011,31.809999465942383,32.119998931884766,2148500,32.20000076293945,32.16999816894531,21.84769058227539
02-05-2011,32.02000045776367,32.189998626708984,2526000,32.4900016784668,32.18000030517578,21.854480743408203
03-05-2011,31.940000534057617,32.189998626708984,4520500,32.79999923706055,32.220001220703125,21.881649017333984
04-05-2011,31.670000076293945,32.150001525878906,4362200,32.41999816894531,32.34000015258789,21.9631404876709
05-05-2011,31.729999542236328,32.27000045776367,3207500,32.459999084472656,32.04999923706055,21.76619529724121
06-05-2011,32.08000183105469,32.13999938964844,7308000,32.619998931884766,32.29999923706055,21.935977935791016
09-05-2011,32.13999938964844,32.380001068115234,2537500,32.54999923706055,32.34000015258789,21.9631404876709
10-05-2011,32.380001068115234,32.459999084472656,2724600,33.099998474121094,32.9900016784668,22.40457534790039
11-05-2011,32.7599983215332,32.939998626708984,3657900,33.290000915527344,33.25,22.58115005493164
12-05-2011,33.099998474121094,33.2599983215332,3700000,33.81999969482422,33.70000076293945,22.886762619018555
13-05-2011,33.279998779296875,33.810001373291016,3405700,33.939998626708984,33.45000076293945,22.71698760986328
16-05-2011,33.099998474121094,33.36000061035156,3536400,33.83000183105469,33.529998779296875,22.77130699157715
17-05-2011,33.43000030517578,33.4900016784668,2213600,33.90999984741211,33.81999969482422,22.968250274658203
18-05-2011,33.439998626708984,33.81999969482422,2389800,33.959999084472656,33.93000030517578,23.042964935302734
19-05-2011,33.900001525878906,33.959999084472656,2455300,34.20000076293945,34.18000030517578,23.21274757385254
20-05-2011,33.849998474121094,34.06999969482422,2359400,34.220001220703125,34.11000061035156,23.16520118713379
23-05-2011,33.7599983215332,33.9900016784668,2168500,34.119998931884766,33.810001373291016,22.96146583557129
24-05-2011,33.369998931884766,33.93000030517578,2652100,33.939998626708984,33.400001525878906,22.683021545410156
25-05-2011,33.060001373291016,33.2400016784668,2310100,33.650001525878906,33.439998626708984,22.71018409729004
26-05-2011,32.97999954223633,33.34000015258789,2403200,33.45000076293945,33.220001220703125,22.560781478881836
27-05-2011,33.15999984741211,33.40999984741211,1892700,33.5,33.34000015258789,22.642274856567383
31-05-2011,33.150001525878906,33.4900016784668,2072000,33.650001525878906,33.5,22.75094223022461
01-06-2011,32.900001525878906,33.34000015258789,2588200,33.52000045776367,32.900001525878906,22.343460083007812
02-06-2011,32.58000183105469,33.0,2542000,33.0,32.880001068115234,22.329877853393555
03-06-2011,32.31999969482422,32.529998779296875,1853500,32.72999954223633,32.47999954223633,22.058218002319336
06-06-2011,32.189998626708984,32.43000030517578,1755000,32.52000045776367,32.380001068115234,21.990304946899414
07-06-2011,31.950000762939453,32.27000045776367,2747800,32.4900016784668,31.989999771118164,21.958038330078125
08-06-2011,31.770000457763672,32.06999969482422,3201100,32.209999084472656,31.90999984741211,21.903135299682617
09-06-2011,31.739999771118164,31.959999084472656,2155400,32.189998626708984,32.040000915527344,21.99237060546875
10-06-2011,31.700000762939453,32.0,1807500,32.0099983215332,31.75,21.793310165405273
13-06-2011,31.59000015258789,32.29999923706055,3882700,32.400001525878906,31.600000381469727,21.69035530090332
14-06-2011,31.5,31.850000381469727,3288100,32.029998779296875,31.8799991607666,21.882539749145508
15-06-2011,31.06999969482422,31.639999389648438,3747600,31.8700008392334,31.139999389648438,21.374605178833008
16-06-2011,31.170000076293945,31.200000762939453,2496300,31.739999771118164,31.40999984741211,21.55992889404297
17-06-2011,31.459999084472656,31.56999969482422,2205500,31.799999237060547,31.559999465942383,21.66289520263672
20-06-2011,31.270000457763672,31.440000534057617,1599700,31.739999771118164,31.65999984741211,21.73153305053711
21-06-2011,31.600000381469727,31.829999923706055,2184200,32.060001373291016,31.760000228881836,21.8001766204834
22-06-2011,31.5,31.6200008392334,2629200,32.040000915527344,31.790000915527344,21.820764541625977
23-06-2011,31.1299991607666,31.420000076293945,2798300,31.610000610351562,31.579999923706055,21.676618576049805
24-06-2011,31.079999923706055,31.649999618530273,4761100,32.029998779296875,31.079999923706055,21.33341407775879
27-06-2011,31.260000228881836,31.280000686645508,3311100,32.02000045776367,31.90999984741211,21.903135299682617
28-06-2011,31.809999465942383,31.950000762939453,2110700,32.150001525878906,32.09000015258789,22.026687622070312
29-06-2011,31.969999313354492,32.15999984741211,1994900,32.369998931884766,32.2400016784668,22.129642486572266
30-06-2011,32.11000061035156,32.38999938964844,2496800,32.68000030517578,32.63999938964844,22.404211044311523
01-07-2011,32.529998779296875,32.68000030517578,1720100,32.959999084472656,32.93000030517578,22.60326385498047
05-07-2011,32.540000915527344,32.88999938964844,1996100,32.88999938964844,32.650001525878906,22.41106414794922
06-07-2011,32.380001068115234,32.63999938964844,1459400,32.810001373291016,32.599998474121094,22.376752853393555
07-07-2011,32.52000045776367,32.7599983215332,1989800,32.86000061035156,32.83000183105469,22.534637451171875
08-07-2011,32.34000015258789,32.61000061035156,1400300,32.65999984741211,32.540000915527344,22.3355655670166
11-07-2011,31.8799991607666,32.18000030517578,1523500,32.20000076293945,32.060001373291016,22.006093978881836
12-07-2011,31.8799991607666,31.959999084472656,2756800,32.369998931884766,32.130001068115234,22.05414390563965
13-07-2011,31.93000030517578,32.33000183105469,2107200,32.43000030517578,32.029998779296875,21.985504150390625
14-07-2011,31.799999237060547,32.08000183105469,2825500,32.11000061035156,32.0,21.964914321899414
15-07-2011,31.670000076293945,32.040000915527344,2658700,32.09000015258789,31.84000015258789,21.855083465576172
18-07-2011,31.459999084472656,31.729999542236328,1478200,31.809999465942383,31.579999923706055,21.676618576049805
19-07-2011,31.450000762939453,31.68000030517578,1466700,31.899999618530273,31.8799991607666,21.882539749145508
20-07-2011,31.780000686645508,31.920000076293945,943700,32.130001068115234,31.959999084472656,21.937454223632812
21-07-2011,32.13999938964844,32.18000030517578,2273300,32.75,32.619998931884766,22.39047622680664
22-07-2011,32.47999954223633,32.66999816894531,2079000,32.869998931884766,32.810001373291016,22.520893096923828
25-07-2011,32.63999938964844,32.63999938964844,3155400,33.310001373291016,33.20000076293945,22.788593292236328
26-07-2011,33.0,33.15999984741211,3964200,33.47999954223633,33.290000915527344,22.85036849975586
27-07-2011,33.029998779296875,33.20000076293945,3830200,33.33000183105469,33.2400016784668,22.81605339050293
28-07-2011,32.88999938964844,33.20000076293945,2074000,33.209999084472656,33.09000015258789,22.713090896606445
29-07-2011,32.61000061035156,32.86000061035156,3232700,33.060001373291016,32.75,22.479713439941406
01-08-2011,32.290000915527344,33.02000045776367,2397000,33.04999923706055,32.65999984741211,22.417938232421875
02-08-2011,32.189998626708984,32.459999084472656,3406500,32.599998474121094,32.25,22.136510848999023
03-08-2011,31.31999969482422,32.31999969482422,3799800,32.31999969482422,31.729999542236328,21.77958106994629
04-08-2011,30.200000762939453,31.469999313354492,4704200,31.530000686645508,30.270000457763672,20.777435302734375
05-08-2011,29.8700008392334,30.559999465942383,5603200,30.729999542236328,30.329999923706055,20.818613052368164
08-08-2011,28.690000534057617,29.829999923706055,6464400,30.25,28.84000015258789,19.79587745666504
09-08-2011,27.969999313354492,29.290000915527344,5722700,29.84000015258789,29.809999465942383,20.461688995361328
10-08-2011,28.889999389648438,29.329999923706055,5427600,29.959999084472656,28.969999313354492,19.885107040405273
11-08-2011,29.010000228881836,29.079999923706055,7297300,31.239999771118164,30.8700008392334,21.18927574157715
12-08-2011,30.75,31.010000228881836,6167900,31.479999542236328,31.06999969482422,21.32655143737793
15-08-2011,31.219999313354492,31.329999923706055,4854800,32.40999984741211,32.369998931884766,22.21887969970703
16-08-2011,31.889999389648438,32.09000015258789,3719600,32.470001220703125,32.369998931884766,22.21887969970703
17-08-2011,32.31999969482422,32.36000061035156,4113600,32.869998931884766,32.5,22.30811309814453
18-08-2011,31.450000762939453,31.75,5492400,32.16999816894531,32.029998779296875,21.985504150390625
19-08-2011,31.43000030517578,31.600000381469727,4068600,32.06999969482422,31.6200008392334,21.704076766967773
22-08-2011,31.510000228881836,32.40999984741211,4061700,32.40999984741211,31.889999389648438,21.889404296875
23-08-2011,31.440000534057617,31.610000610351562,3964100,32.310001373291016,32.29999923706055,22.170825958251953
24-08-2011,32.060001373291016,32.220001220703125,4454700,33.459999084472656,33.439998626708984,22.953332901000977
25-08-2011,32.95000076293945,33.5099983215332,11385100,33.5099983215332,33.15999984741211,22.761144638061523
26-08-2011,32.150001525878906,32.95000076293945,3022700,33.25,33.0,22.651317596435547
29-08-2011,33.25,33.36000061035156,5126500,33.77000045776367,33.7400016784668,23.159252166748047
30-08-2011,33.4900016784668,33.63999938964844,2689100,33.869998931884766,33.689998626708984,23.12493133544922
31-08-2011,33.650001525878906,33.779998779296875,4599100,34.189998626708984,34.130001068115234,23.42694854736328
01-09-2011,33.40999984741211,34.119998931884766,4061400,34.220001220703125,33.5,22.994522094726562
02-09-2011,32.880001068115234,32.939998626708984,2354600,33.34000015258789,33.08000183105469,22.706228256225586
06-09-2011,31.899999618530273,32.13999938964844,3783400,32.939998626708984,32.88999938964844,22.575807571411133
07-09-2011,32.58000183105469,32.65999984741211,3471200,33.310001373291016,33.22999954223633,23.0495662689209
08-09-2011,33.0,33.0,2329800,33.560001373291016,33.2599983215332,23.070375442504883
09-09-2011,32.130001068115234,32.88999938964844,3790800,32.90999984741211,32.279998779296875,22.39061164855957
12-09-2011,31.8700008392334,32.04999923706055,4448700,32.66999816894531,32.65999984741211,22.654191970825195
13-09-2011,32.47999954223633,32.7400016784668,3437600,33.2400016784668,33.189998626708984,23.02181053161621
14-09-2011,32.880001068115234,33.2400016784668,3273600,33.959999084472656,33.599998474121094,23.30620574951172
15-09-2011,33.63999938964844,33.93000030517578,2493400,34.099998474121094,34.04999923706055,23.618349075317383
16-09-2011,34.130001068115234,34.22999954223633,3556700,34.58000183105469,34.470001220703125,23.909677505493164
19-09-2011,33.900001525878906,33.91999816894531,2133900,34.439998626708984,34.34000015258789,23.819501876831055
20-09-2011,34.400001525878906,34.52000045776367,3576800,35.47999954223633,34.810001373291016,24.145511627197266
21-09-2011,33.79999923706055,34.709999084472656,3636400,35.029998779296875,33.81999969482422,23.458810806274414
22-09-2011,32.650001525878906,33.04999923706055,4908700,33.36000061035156,33.040000915527344,22.917776107788086
23-09-2011,32.91999816894531,32.97999954223633,3042800,33.68000030517578,33.61000061035156,23.313148498535156
26-09-2011,33.470001220703125,33.86000061035156,2555500,34.02000045776367,34.0,23.583660125732422
27-09-2011,33.93000030517578,34.52000045776367,2699300,34.59000015258789,34.09000015258789,23.64609146118164
28-09-2011,33.470001220703125,34.13999938964844,3187900,34.33000183105469,33.529998779296875,23.257654190063477
29-09-2011,33.52000045776367,34.150001525878906,2878300,34.20000076293945,33.959999084472656,23.555917739868164
30-09-2011,33.369998931884766,33.66999816894531,4447200,34.060001373291016,33.369998931884766,23.14667320251465
03-10-2011,32.310001373291016,33.349998474121094,4214900,33.54999923706055,32.33000183105469,22.425294876098633
04-10-2011,31.239999771118164,31.969999313354492,6600000,32.310001373291016,31.889999389648438,22.120088577270508
05-10-2011,31.3700008392334,31.969999313354492,3834000,32.02000045776367,31.969999313354492,22.175580978393555
06-10-2011,31.799999237060547,31.920000076293945,2621700,32.56999969482422,32.560001373291016,22.58483123779297
07-10-2011,32.119998931884766,32.72999954223633,4706100,32.83000183105469,32.31999969482422,22.418354034423828
10-10-2011,32.599998474121094,32.720001220703125,3134800,32.880001068115234,32.81999969482422,22.76517105102539
11-10-2011,32.33000183105469,32.77000045776367,2968800,32.84000015258789,32.790000915527344,22.744369506835938
12-10-2011,32.439998626708984,32.939998626708984,3742100,32.9900016784668,32.630001068115234,22.633384704589844
13-10-2011,32.22999954223633,32.459999084472656,3457400,32.7400016784668,32.63999938964844,22.64031982421875
14-10-2011,32.790000915527344,32.91999816894531,2178700,33.09000015258789,33.060001373291016,22.931644439697266
17-10-2011,32.959999084472656,32.9900016784668,2403800,33.36000061035156,33.20000076293945,23.028751373291016
18-10-2011,32.79999923706055,33.11000061035156,4042700,33.310001373291016,33.029998779296875,22.910837173461914
19-10-2011,32.93000030517578,33.06999969482422,1813700,33.61000061035156,33.040000915527344,22.917776107788086
20-10-2011,33.08000183105469,33.11000061035156,2935400,33.54999923706055,33.40999984741211,23.174427032470703
21-10-2011,33.65999984741211,33.68000030517578,2828100,34.16999816894531,34.16999816894531,23.701581954956055
24-10-2011,34.029998779296875,34.27000045776367,2797600,34.41999816894531,34.41999816894531,23.874988555908203
25-10-2011,33.93000030517578,34.16999816894531,3035700,34.38999938964844,33.95000076293945,23.548988342285156
26-10-2011,34.0,34.400001525878906,2328600,34.439998626708984,34.310001373291016,23.798690795898438
27-10-2011,34.290000915527344,34.869998931884766,4725600,34.959999084472656,34.43000030517578,23.881925582885742
28-10-2011,33.86000061035156,34.349998474121094,4434400,34.45000076293945,33.9900016784668,23.576732635498047
31-10-2011,33.70000076293945,33.75,2984000,34.20000076293945,33.70000076293945,23.375581741333008
01-11-2011,32.459999084472656,32.59000015258789,4458400,33.470001220703125,32.56999969482422,22.591764450073242
02-11-2011,33.0099983215332,33.0099983215332,3576800,33.83000183105469,33.59000015258789,23.299270629882812
03-11-2011,33.75,33.880001068115234,4392400,34.4900016784668,34.380001068115234,23.847253799438477
04-11-2011,33.5,34.119998931884766,2488200,34.119998931884766,33.880001068115234,23.500423431396484
07-11-2011,33.709999084472656,33.970001220703125,1991400,34.18000030517578,34.16999816894531,23.701581954956055
08-11-2011,33.75,34.150001525878906,2667100,34.220001220703125,34.18000030517578,23.70852279663086
09-11-2011,33.0,33.75,3457900,33.77000045776367,33.06999969482422,22.938583374023438
10-11-2011,33.380001068115234,33.52000045776367,3309900,34.0,33.619998931884766,23.320077896118164
11-11-2011,33.959999084472656,33.959999084472656,2546900,34.31999969482422,34.029998779296875,23.604480743408203
14-11-2011,33.400001525878906,33.88999938964844,1918400,34.04999923706055,33.599998474121094,23.30620574951172
15-11-2011,33.15999984741211,33.41999816894531,3526000,33.59000015258789,33.2599983215332,23.070375442504883
16-11-2011,32.709999084472656,33.029998779296875,3198900,33.220001220703125,32.77000045776367,22.730491638183594
17-11-2011,32.27000045776367,32.779998779296875,3942900,32.849998474121094,32.59000015258789,22.605640411376953
18-11-2011,32.5099983215332,32.81999969482422,6638500,32.81999969482422,32.689998626708984,22.675006866455078
21-11-2011,31.93000030517578,32.33000183105469,10806900,32.439998626708984,32.20000076293945,22.335115432739258
22-11-2011,31.700000762939453,32.25,3260700,32.290000915527344,31.719999313354492,22.002168655395508
23-11-2011,31.049999237060547,31.510000228881836,3071900,31.6200008392334,31.18000030517578,21.627609252929688
25-11-2011,31.18000030517578,31.299999237060547,972200,31.440000534057617,31.209999084472656,21.648412704467773
28-11-2011,31.3700008392334,31.850000381469727,2220200,31.950000762939453,31.59000015258789,21.912002563476562
29-11-2011,31.700000762939453,31.770000457763672,3611600,32.150001525878906,31.950000762939453,22.16170883178711
30-11-2011,32.630001068115234,32.70000076293945,3563700,33.0,32.939998626708984,22.848407745361328
01-12-2011,32.59000015258789,32.7599983215332,2366600,33.0,32.650001525878906,22.647247314453125
02-12-2011,32.220001220703125,32.880001068115234,2559100,32.880001068115234,32.310001373291016,22.411420822143555
05-12-2011,32.349998474121094,32.70000076293945,3429900,32.779998779296875,32.58000183105469,22.59870147705078
06-12-2011,32.47999954223633,32.689998626708984,3434900,32.849998474121094,32.650001525878906,22.647247314453125
07-12-2011,31.709999084472656,32.040000915527344,3936400,32.25,32.06999969482422,22.48111915588379
08-12-2011,31.469999313354492,31.989999771118164,2502700,32.06999969482422,31.530000686645508,22.10257339477539
09-12-2011,31.360000610351562,31.690000534057617,2218900,31.790000915527344,31.709999084472656,22.228757858276367
12-12-2011,31.200000762939453,31.5,2379100,31.700000762939453,31.420000076293945,22.025466918945312
13-12-2011,31.350000381469727,31.530000686645508,2769300,31.940000534057617,31.489999771118164,22.074535369873047
14-12-2011,31.049999237060547,31.489999771118164,3058300,31.68000030517578,31.049999237060547,21.766098022460938
15-12-2011,31.329999923706055,31.350000381469727,2625100,31.899999618530273,31.84000015258789,22.31988525390625
16-12-2011,31.219999313354492,31.950000762939453,4574600,32.0099983215332,31.290000915527344,21.934337615966797
19-12-2011,30.600000381469727,31.450000762939453,3300700,31.639999389648438,30.639999389648438,21.478687286376953
20-12-2011,30.790000915527344,31.059999465942383,3032500,31.299999237060547,31.280000686645508,21.927330017089844
21-12-2011,31.209999084472656,31.299999237060547,3293800,31.68000030517578,31.670000076293945,22.200721740722656
22-12-2011,31.670000076293945,31.770000457763672,2814700,32.25,32.150001525878906,22.537199020385742
23-12-2011,32.27000045776367,32.31999969482422,1950700,32.709999084472656,32.540000915527344,22.810585021972656
27-12-2011,32.470001220703125,32.54999923706055,1259500,32.84000015258789,32.81999969482422,23.00686264038086
28-12-2011,32.45000076293945,32.779998779296875,1199600,32.79999923706055,32.52000045776367,22.79656410217285
29-12-2011,32.599998474121094,32.63999938964844,1919700,32.959999084472656,32.939998626708984,23.090984344482422
30-12-2011,32.84000015258789,33.0099983215332,2667100,33.220001220703125,33.0099983215332,23.14005470275879
03-01-2012,31.770000457763672,33.189998626708984,5153300,33.25,31.809999465942383,22.298860549926758
04-01-2012,31.6200008392334,31.81999969482422,3422400,32.02000045776367,31.65999984741211,22.193708419799805
05-01-2012,31.440000534057617,31.510000228881836,2546800,32.04999923706055,32.0,22.432050704956055
06-01-2012,31.639999389648438,32.06999969482422,2367500,32.11000061035156,31.8700008392334,22.340917587280273
09-01-2012,31.530000686645508,31.8700008392334,1996400,31.940000534057617,31.639999389648438,22.1796875
10-01-2012,31.549999237060547,31.959999084472656,3327400,31.959999084472656,31.56999969482422,22.130615234375
11-01-2012,31.110000610351562,31.520000457763672,3621300,31.600000381469727,31.149999618530273,21.83619499206543
12-01-2012,31.030000686645508,31.260000228881836,1837100,31.3700008392334,31.170000076293945,21.8502140045166
13-01-2012,30.670000076293945,31.049999237060547,3328600,31.100000381469727,30.899999618530273,21.66094398498535
17-01-2012,30.59000015258789,31.170000076293945,3937600,31.299999237060547,30.690000534057617,21.51374053955078
18-01-2012,30.3799991607666,30.719999313354492,3246100,30.799999237060547,30.510000228881836,21.387556076049805
19-01-2012,30.18000030517578,30.510000228881836,3595200,30.59000015258789,30.25,21.205293655395508
20-01-2012,29.969999313354492,30.329999923706055,3844400,30.510000228881836,30.200000762939453,21.170242309570312
23-01-2012,30.299999237060547,30.43000030517578,3646200,30.920000076293945,30.809999465942383,21.597856521606445
24-01-2012,30.290000915527344,30.700000762939453,2576000,30.739999771118164,30.360000610351562,21.28240966796875
25-01-2012,30.0,30.219999313354492,4723100,30.989999771118164,30.93000030517578,21.681978225708008
26-01-2012,30.829999923706055,31.0,3005700,31.350000381469727,31.1299991607666,21.822179794311523
27-01-2012,30.280000686645508,31.09000015258789,3093500,31.1299991607666,30.329999923706055,21.261371612548828
30-01-2012,30.020000457763672,30.209999084472656,2715000,30.299999237060547,30.209999084472656,21.17725372314453
31-01-2012,30.1200008392334,30.31999969482422,3310700,30.450000762939453,30.34000015258789,21.268381118774414
01-02-2012,30.18000030517578,30.43000030517578,2744800,30.479999542236328,30.350000381469727,21.275394439697266
02-02-2012,29.81999969482422,30.389999389648438,4042500,30.40999984741211,30.0,21.030044555664062
03-02-2012,29.969999313354492,30.229999542236328,2368300,30.31999969482422,30.270000457763672,21.219316482543945
06-02-2012,30.09000015258789,30.15999984741211,1640000,30.260000228881836,30.229999542236328,21.191272735595703
07-02-2012,30.020000457763672,30.219999313354492,2212700,30.709999084472656,30.610000610351562,21.457658767700195
08-02-2012,30.520000457763672,30.6200008392334,2627400,30.920000076293945,30.8700008392334,21.639917373657227
09-02-2012,30.170000076293945,30.860000610351562,4415000,30.899999618530273,30.3799991607666,21.29642105102539
10-02-2012,30.15999984741211,30.25,3042300,30.510000228881836,30.510000228881836,21.387556076049805
13-02-2012,30.420000076293945,30.6200008392334,1960200,30.739999771118164,30.670000076293945,21.499719619750977
14-02-2012,30.3799991607666,30.649999618530273,2743500,30.780000686645508,30.780000686645508,21.576824188232422
15-02-2012,30.530000686645508,30.780000686645508,2187400,30.8799991607666,30.65999984741211,21.492706298828125
16-02-2012,30.700000762939453,30.700000762939453,2949700,31.40999984741211,31.350000381469727,21.97640037536621
17-02-2012,31.239999771118164,31.5,2744200,31.600000381469727,31.329999923706055,21.962373733520508
21-02-2012,30.709999084472656,31.3700008392334,3273000,31.389999389648438,30.920000076293945,21.67496681213379
22-02-2012,30.719999313354492,30.780000686645508,3054500,31.1200008392334,30.959999084472656,21.70301055908203
23-02-2012,30.450000762939453,30.8700008392334,11310600,30.940000534057617,30.5,21.38054656982422
24-02-2012,30.329999923706055,30.5,9490200,30.610000610351562,30.43000030517578,21.33147621154785
27-02-2012,30.25,30.43000030517578,13229100,30.719999313354492,30.68000030517578,21.506729125976562
28-02-2012,30.40999984741211,30.489999771118164,3337400,30.690000534057617,30.649999618530273,21.48569679260254
29-02-2012,30.459999084472656,30.649999618530273,3244800,30.979999542236328,30.780000686645508,21.576824188232422
01-03-2012,30.649999618530273,30.860000610351562,2579600,31.100000381469727,30.799999237060547,21.590843200683594
02-03-2012,30.81999969482422,30.81999969482422,2521700,31.15999984741211,31.030000686645508,21.752073287963867
05-03-2012,30.600000381469727,31.049999237060547,2976600,31.100000381469727,30.959999084472656,21.70301055908203
06-03-2012,30.3799991607666,30.84000015258789,3897900,30.899999618530273,30.6200008392334,21.464664459228516
07-03-2012,30.100000381469727,30.329999923706055,3049200,30.440000534057617,30.239999771118164,21.44693374633789
08-03-2012,30.290000915527344,30.3700008392334,2796800,30.6299991607666,30.520000457763672,21.64552116394043
09-03-2012,30.209999084472656,30.75,3610600,30.75,30.290000915527344,21.482397079467773
12-03-2012,30.229999542236328,30.299999237060547,2757300,30.549999237060547,30.5,21.631332397460938
13-03-2012,30.280000686645508,30.59000015258789,2770300,30.639999389648438,30.489999771118164,21.624237060546875
14-03-2012,30.040000915527344,30.489999771118164,2610300,30.549999237060547,30.100000381469727,21.347646713256836
15-03-2012,29.899999618530273,30.100000381469727,2982900,30.360000610351562,30.1299991607666,21.368919372558594
16-03-2012,29.899999618530273,30.1200008392334,3524800,30.18000030517578,30.1200008392334,21.361825942993164
19-03-2012,29.950000762939453,30.020000457763672,2423000,30.31999969482422,29.979999542236328,21.262537002563477
20-03-2012,29.59000015258789,29.770000457763672,3586200,29.850000381469727,29.780000686645508,21.120691299438477
21-03-2012,29.670000076293945,29.799999237060547,3875800,29.8700008392334,29.780000686645508,21.120691299438477
22-03-2012,29.600000381469727,29.649999618530273,3091600,29.84000015258789,29.809999465942383,21.141971588134766
23-03-2012,29.6200008392334,29.81999969482422,2752400,30.0,29.670000076293945,21.04267692565918
26-03-2012,29.75,29.8700008392334,3015100,30.0,29.979999542236328,21.262537002563477
27-03-2012,29.979999542236328,30.030000686645508,3177000,30.350000381469727,30.239999771118164,21.44693374633789
28-03-2012,29.950000762939453,30.25,3523000,30.389999389648438,30.110000610351562,21.354740142822266
29-03-2012,29.75,29.969999313354492,2586200,30.280000686645508,30.25,21.45402717590332
30-03-2012,30.309999465942383,30.510000228881836,3164100,30.6299991607666,30.610000610351562,21.70934295654297
02-04-2012,30.3799991607666,30.600000381469727,2594600,30.75,30.6200008392334,21.71643829345703
03-04-2012,30.110000610351562,30.649999618530273,2638200,30.68000030517578,30.389999389648438,21.553319931030273
04-04-2012,30.1200008392334,30.280000686645508,2838000,30.3799991607666,30.209999084472656,21.425649642944336
05-04-2012,29.579999923706055,30.09000015258789,5719900,30.139999389648438,29.709999084472656,21.071046829223633
09-04-2012,29.420000076293945,29.479999542236328,4034700,29.649999618530273,29.530000686645508,20.943387985229492
10-04-2012,28.920000076293945,29.440000534057617,5449700,29.450000762939453,29.09000015258789,20.63132667541504
11-04-2012,29.270000457763672,29.31999969482422,3496200,29.450000762939453,29.360000610351562,20.82282066345215
12-04-2012,29.25,29.40999984741211,3823800,29.5,29.40999984741211,20.858280181884766
13-04-2012,29.3700008392334,29.3700008392334,7844100,29.989999771118164,29.690000534057617,21.05686378479004
16-04-2012,29.770000457763672,29.790000915527344,3099200,30.190000534057617,30.020000457763672,21.290912628173828
17-04-2012,29.799999237060547,30.110000610351562,3034100,30.360000610351562,30.31999969482422,21.50367546081543
18-04-2012,30.049999237060547,30.219999313354492,2484000,30.440000534057617,30.100000381469727,21.347646713256836
19-04-2012,29.950000762939453,29.989999771118164,3095400,30.270000457763672,30.079999923706055,21.33345603942871
20-04-2012,30.010000228881836,30.15999984741211,2554100,30.5,30.40999984741211,21.567501068115234
23-04-2012,30.15999984741211,30.329999923706055,1809300,30.3799991607666,30.350000381469727,21.52495002746582
24-04-2012,30.309999465942383,30.40999984741211,2451100,30.59000015258789,30.399999618530273,21.560409545898438
25-04-2012,30.350000381469727,30.459999084472656,1995100,30.59000015258789,30.549999237060547,21.666793823242188
26-04-2012,30.479999542236328,30.549999237060547,2836600,31.0,30.950000762939453,21.950483322143555
27-04-2012,30.889999389648438,31.0,2946700,31.219999313354492,31.190000534057617,22.120695114135742
30-04-2012,30.920000076293945,31.15999984741211,3181100,31.170000076293945,31.149999618530273,22.09232521057129
01-05-2012,31.139999389648438,31.219999313354492,2958700,31.5,31.469999313354492,22.319276809692383
02-05-2012,31.18000030517578,31.43000030517578,3505600,31.899999618530273,31.389999389648438,22.262540817260742
03-05-2012,31.280000686645508,31.360000610351562,4022900,31.809999465942383,31.5,22.340560913085938
04-05-2012,31.399999618530273,31.43000030517578,2563400,31.75,31.639999389648438,22.439849853515625
07-05-2012,31.239999771118164,31.450000762939453,1937700,31.579999923706055,31.43000030517578,22.290908813476562
08-05-2012,31.139999389648438,31.31999969482422,2737500,31.459999084472656,31.31999969482422,22.21289825439453
09-05-2012,31.1299991607666,31.170000076293945,3429700,31.809999465942383,31.510000228881836,22.347654342651367
10-05-2012,31.469999313354492,31.6200008392334,2632600,32.029998779296875,31.989999771118164,22.688074111938477
11-05-2012,31.760000228881836,31.899999618530273,2391000,32.18000030517578,32.02000045776367,22.709354400634766
14-05-2012,31.719999313354492,31.8700008392334,1712400,31.979999542236328,31.81999969482422,22.5675106048584
15-05-2012,31.530000686645508,31.850000381469727,2269600,31.899999618530273,31.639999389648438,22.439849853515625
16-05-2012,31.510000228881836,31.75,2449200,31.84000015258789,31.6200008392334,22.42566680908203
17-05-2012,31.59000015258789,31.68000030517578,2302100,31.8700008392334,31.639999389648438,22.439849853515625
18-05-2012,31.56999969482422,31.770000457763672,3740500,32.0,31.68000030517578,22.468215942382812
21-05-2012,30.770000457763672,31.65999984741211,7083600,31.65999984741211,30.979999542236328,21.971759796142578
22-05-2012,30.829999923706055,30.979999542236328,3862500,31.110000610351562,30.93000030517578,21.936298370361328
23-05-2012,30.510000228881836,30.889999389648438,2417700,30.959999084472656,30.700000762939453,21.773178100585938
24-05-2012,30.440000534057617,30.739999771118164,11836400,30.969999313354492,30.670000076293945,21.751901626586914
25-05-2012,30.399999618530273,30.649999618530273,12369900,30.899999618530273,30.469999313354492,21.61005210876465
29-05-2012,30.469999313354492,30.600000381469727,13139400,30.8700008392334,30.780000686645508,21.829917907714844
30-05-2012,30.610000610351562,30.68000030517578,4746400,30.940000534057617,30.75,21.80863380432129
31-05-2012,30.739999771118164,30.739999771118164,4237100,31.3799991607666,31.190000534057617,22.120695114135742
01-06-2012,30.940000534057617,30.959999084472656,4082200,31.440000534057617,31.200000762939453,22.127790451049805
04-06-2012,31.040000915527344,31.219999313354492,3458600,31.25,31.209999084472656,22.13488006591797
05-06-2012,31.1200008392334,31.18000030517578,2807300,31.520000457763672,31.309999465942383,22.20580291748047
06-06-2012,30.969999313354492,31.100000381469727,5576300,31.389999389648438,31.389999389648438,22.517858505249023
07-06-2012,31.469999313354492,31.600000381469727,2919600,31.770000457763672,31.649999618530273,22.704364776611328
08-06-2012,31.56999969482422,31.600000381469727,2449200,31.979999542236328,31.93000030517578,22.905229568481445
11-06-2012,31.790000915527344,32.029998779296875,3690800,32.189998626708984,31.829999923706055,22.83349609375
12-06-2012,31.440000534057617,31.799999237060547,3004700,31.860000610351562,31.770000457763672,22.790451049804688
13-06-2012,31.399999618530273,31.8799991607666,2667600,31.8799991607666,31.670000076293945,22.718713760375977
14-06-2012,31.6299991607666,31.790000915527344,2817100,32.11000061035156,32.060001373291016,22.99848175048828
15-06-2012,32.040000915527344,32.27000045776367,3797300,32.36000061035156,32.33000183105469,23.192174911499023
18-06-2012,32.029998779296875,32.25,2591900,32.369998931884766,32.099998474121094,23.027179718017578
19-06-2012,32.099998474121094,32.22999954223633,2368500,32.400001525878906,32.18000030517578,23.08456802368164
20-06-2012,31.860000610351562,32.189998626708984,2340400,32.400001525878906,32.0099983215332,22.962608337402344
21-06-2012,31.520000457763672,32.11000061035156,3285300,32.349998474121094,31.540000915527344,22.62545394897461
22-06-2012,31.510000228881836,31.790000915527344,1890000,31.790000915527344,31.649999618530273,22.704364776611328
25-06-2012,31.450000762939453,31.520000457763672,1549800,31.639999389648438,31.610000610351562,22.67567253112793
26-06-2012,31.059999465942383,31.329999923706055,3327900,31.479999542236328,31.299999237060547,22.45329475402832
27-06-2012,31.299999237060547,31.299999237060547,2381800,31.989999771118164,31.8700008392334,22.86219024658203
28-06-2012,31.530000686645508,31.729999542236328,2148900,31.899999618530273,31.8799991607666,22.869356155395508
29-06-2012,32.13999938964844,32.279998779296875,3261500,32.5099983215332,32.5,23.31412124633789
02-07-2012,32.36000061035156,32.65999984741211,2452300,32.7400016784668,32.599998474121094,23.385854721069336
03-07-2012,32.279998779296875,32.560001373291016,1189800,32.630001068115234,32.5,23.31412124633789
05-07-2012,32.15999984741211,32.349998474121094,1869100,32.5099983215332,32.33000183105469,23.192174911499023
06-07-2012,32.0,32.13999938964844,1619400,32.25,32.189998626708984,23.091739654541016
09-07-2012,31.920000076293945,32.11000061035156,1314300,32.209999084472656,32.06999969482422,23.005661010742188
10-07-2012,32.02000045776367,32.15999984741211,1268900,32.310001373291016,32.099998474121094,23.027179718017578
11-07-2012,32.150001525878906,32.150001525878906,1723200,32.400001525878906,32.349998474121094,23.206518173217773
12-07-2012,32.13999938964844,32.27000045776367,1520900,32.43000030517578,32.2599983215332,23.14195442199707
13-07-2012,32.22999954223633,32.310001373291016,1426900,32.720001220703125,32.709999084472656,23.464765548706055
16-07-2012,32.56999969482422,32.7400016784668,2023500,32.83000183105469,32.599998474121094,23.385854721069336
17-07-2012,32.47999954223633,32.619998931884766,2516000,32.75,32.599998474121094,23.385854721069336
18-07-2012,32.47999954223633,32.58000183105469,2183800,33.0,32.939998626708984,23.629758834838867
19-07-2012,32.400001525878906,32.72999954223633,2269300,32.93000030517578,32.90999984741211,23.608234405517578
20-07-2012,32.65999984741211,32.75,1751800,33.04999923706055,32.84000015258789,23.55802345275879
23-07-2012,32.439998626708984,32.66999816894531,1742400,32.810001373291016,32.63999938964844,23.414554595947266
24-07-2012,32.2599983215332,32.650001525878906,2511200,32.75,32.529998779296875,23.335641860961914
25-07-2012,32.349998474121094,32.58000183105469,1724900,32.72999954223633,32.4900016784668,23.306949615478516
26-07-2012,32.810001373291016,32.869998931884766,2632700,33.310001373291016,33.2599983215332,23.859317779541016
27-07-2012,33.369998931884766,33.470001220703125,2758600,33.810001373291016,33.75,24.21082305908203
30-07-2012,33.59000015258789,33.630001068115234,2237800,34.06999969482422,34.0,24.390159606933594
31-07-2012,33.13999938964844,33.75,3972400,33.95000076293945,33.2400016784668,23.844968795776367
01-08-2012,32.5099983215332,33.18000030517578,4154900,33.65999984741211,32.599998474121094,23.385854721069336
02-08-2012,32.060001373291016,32.54999923706055,2978000,32.599998474121094,32.29999923706055,23.1706485748291
03-08-2012,32.470001220703125,32.63999938964844,2200000,32.869998931884766,32.63999938964844,23.414554595947266
06-08-2012,32.5,32.75,2144700,32.90999984741211,32.65999984741211,23.428903579711914
07-08-2012,32.41999816894531,32.720001220703125,2598000,32.81999969482422,32.439998626708984,23.271080017089844
08-08-2012,32.27000045776367,32.40999984741211,2174700,32.59000015258789,32.540000915527344,23.34281349182129
09-08-2012,32.349998474121094,32.5,1538000,32.58000183105469,32.560001373291016,23.357168197631836
10-08-2012,32.33000183105469,32.540000915527344,1395300,32.81999969482422,32.79999923706055,23.529325485229492
13-08-2012,32.439998626708984,32.70000076293945,1488100,32.77000045776367,32.56999969482422,23.364341735839844
14-08-2012,32.4900016784668,32.58000183105469,1669500,32.75,32.619998931884766,23.400205612182617
15-08-2012,32.56999969482422,32.63999938964844,1890900,32.90999984741211,32.70000076293945,23.457597732543945
16-08-2012,32.400001525878906,32.70000076293945,2424500,32.83000183105469,32.459999084472656,23.285432815551758
17-08-2012,32.459999084472656,32.52000045776367,1881500,32.70000076293945,32.66999816894531,23.436071395874023
20-08-2012,32.119998931884766,32.459999084472656,2857300,32.4900016784668,32.31999969482422,23.18499755859375
21-08-2012,32.16999816894531,32.380001068115234,2405200,32.72999954223633,32.43000030517578,23.2639102935791
22-08-2012,32.15999984741211,32.43000030517578,1795700,32.52000045776367,32.310001373291016,23.177825927734375
23-08-2012,31.84000015258789,32.29999923706055,2189700,32.29999923706055,31.940000534057617,22.91240119934082
24-08-2012,31.84000015258789,31.84000015258789,2162800,32.18000030517578,32.130001068115234,23.048696517944336
27-08-2012,31.889999389648438,32.060001373291016,1991100,32.16999816894531,32.04999923706055,22.991310119628906
28-08-2012,31.850000381469727,32.0099983215332,1678000,32.130001068115234,31.979999542236328,22.94109344482422
29-08-2012,31.700000762939453,31.809999465942383,2119400,31.90999984741211,31.809999465942383,22.81913948059082
30-08-2012,31.5,31.690000534057617,2559600,31.75,31.6299991607666,22.690025329589844
31-08-2012,31.540000915527344,31.68000030517578,7234300,31.75,31.65999984741211,22.71154022216797
04-09-2012,31.510000228881836,31.649999618530273,8195000,31.760000228881836,31.68000030517578,22.72588539123535
05-09-2012,31.25,31.299999237060547,2201900,31.469999313354492,31.270000457763672,22.68598747253418
06-09-2012,31.43000030517578,31.440000534057617,2027400,31.75,31.719999313354492,23.012453079223633
07-09-2012,31.450000762939453,31.719999313354492,2743500,31.739999771118164,31.65999984741211,22.96892547607422
10-09-2012,31.639999389648438,31.8700008392334,1872800,31.8799991607666,31.780000686645508,23.05599021911621
11-09-2012,31.530000686645508,31.780000686645508,1596300,31.889999389648438,31.540000915527344,22.881868362426758
12-09-2012,31.190000534057617,31.540000915527344,2249300,31.610000610351562,31.25,22.671478271484375
13-09-2012,31.219999313354492,31.229999542236328,2652100,31.889999389648438,31.8700008392334,23.12128257751465
14-09-2012,31.690000534057617,31.850000381469727,2811800,31.950000762939453,31.860000610351562,23.114023208618164
17-09-2012,31.520000457763672,31.860000610351562,1646700,31.969999313354492,31.6200008392334,22.93990707397461
18-09-2012,31.329999923706055,31.530000686645508,1793800,31.65999984741211,31.389999389648438,22.773048400878906
19-09-2012,31.40999984741211,31.40999984741211,1530800,31.719999313354492,31.549999237060547,22.889123916625977
20-09-2012,31.549999237060547,31.559999465942383,1627400,31.799999237060547,31.739999771118164,23.02696418762207
21-09-2012,31.579999923706055,31.81999969482422,2430400,31.8700008392334,31.700000762939453,22.99794578552246
24-09-2012,31.610000610351562,31.670000076293945,2031400,32.02000045776367,31.940000534057617,23.172060012817383
25-09-2012,31.81999969482422,32.0099983215332,1946500,32.20000076293945,31.81999969482422,23.085002899169922
26-09-2012,31.829999923706055,31.829999923706055,1332700,32.189998626708984,31.850000381469727,23.106769561767578
27-09-2012,31.829999923706055,31.90999984741211,1799800,32.09000015258789,31.850000381469727,23.106769561767578
28-09-2012,31.649999618530273,31.829999923706055,3180500,32.25,32.18000030517578,23.346176147460938
01-10-2012,31.670000076293945,32.18000030517578,2330800,32.2400016784668,31.709999084472656,23.005207061767578
02-10-2012,31.829999923706055,31.8700008392334,2714200,32.11000061035156,31.940000534057617,23.172060012817383
03-10-2012,31.920000076293945,32.0099983215332,1526200,32.130001068115234,32.130001068115234,23.309904098510742
04-10-2012,32.16999816894531,32.25,1503800,32.5,32.38999938964844,23.498531341552734
05-10-2012,32.25,32.459999084472656,1172000,32.54999923706055,32.33000183105469,23.455007553100586
08-10-2012,32.2599983215332,32.31999969482422,1638000,32.47999954223633,32.40999984741211,23.513038635253906
09-10-2012,32.310001373291016,32.36000061035156,1399200,32.5,32.459999084472656,23.549318313598633
10-10-2012,32.34000015258789,32.439998626708984,1843400,32.630001068115234,32.47999954223633,23.56382179260254
11-10-2012,32.41999816894531,32.599998474121094,2627900,33.150001525878906,32.70000076293945,23.723432540893555
12-10-2012,32.439998626708984,32.790000915527344,2316600,32.84000015258789,32.4900016784668,23.571083068847656
15-10-2012,32.369998931884766,32.5099983215332,1973900,32.63999938964844,32.619998931884766,23.665395736694336
16-10-2012,32.59000015258789,32.70000076293945,1745400,32.84000015258789,32.68000030517578,23.708925247192383
17-10-2012,32.72999954223633,32.790000915527344,2779100,33.119998931884766,33.06999969482422,23.991865158081055
18-10-2012,32.970001220703125,33.06999969482422,2177000,33.36000061035156,33.31999969482422,24.17323112487793
19-10-2012,32.619998931884766,33.220001220703125,2679900,33.290000915527344,32.709999084472656,23.730688095092773
22-10-2012,32.220001220703125,32.22999954223633,2206200,32.43000030517578,32.43000030517578,23.527555465698242
23-10-2012,32.0099983215332,32.220001220703125,1619300,32.290000915527344,32.18000030517578,23.346176147460938
24-10-2012,31.829999923706055,32.18000030517578,1805800,32.22999954223633,31.8799991607666,23.12853240966797
25-10-2012,31.780000686645508,32.029998779296875,1571300,32.06999969482422,32.0099983215332,23.22283935546875
26-10-2012,31.709999084472656,32.06999969482422,2413100,32.11000061035156,31.739999771118164,23.02696418762207
31-10-2012,31.770000457763672,31.889999389648438,2742200,32.25,32.040000915527344,23.244617462158203
01-11-2012,31.079999923706055,31.829999923706055,3901500,31.829999923706055,31.139999389648438,22.5916748046875
02-11-2012,31.049999237060547,31.149999618530273,3255200,31.479999542236328,31.079999923706055,22.548137664794922
05-11-2012,30.549999237060547,31.0,2642200,31.149999618530273,30.719999313354492,22.286968231201172
06-11-2012,30.520000457763672,30.719999313354492,1722100,30.860000610351562,30.530000686645508,22.14912223815918
07-11-2012,29.81999969482422,30.440000534057617,2407500,30.440000534057617,29.959999084472656,21.735593795776367
08-11-2012,29.93000030517578,29.950000762939453,2367100,30.270000457763672,29.950000762939453,21.728342056274414
09-11-2012,29.8799991607666,30.059999465942383,1980100,30.270000457763672,29.899999618530273,21.69207000732422
12-11-2012,29.489999771118164,29.899999618530273,2082200,29.969999313354492,29.600000381469727,21.474422454833984
13-11-2012,29.540000915527344,29.59000015258789,3329000,30.149999618530273,29.829999923706055,21.64128303527832
14-11-2012,29.389999389648438,29.84000015258789,3249100,29.920000076293945,29.489999771118164,21.394624710083008
15-11-2012,29.049999237060547,29.459999084472656,2519300,29.6299991607666,29.280000686645508,21.242263793945312
16-11-2012,29.149999618530273,29.290000915527344,3997200,29.459999084472656,29.450000762939453,21.3656005859375
19-11-2012,29.489999771118164,29.549999237060547,3352000,29.860000610351562,29.780000686645508,21.605016708374023
20-11-2012,29.399999618530273,29.799999237060547,2201600,29.850000381469727,29.6299991607666,21.496183395385742
21-11-2012,29.100000381469727,29.6200008392334,2082000,29.670000076293945,29.399999618530273,21.329326629638672
23-11-2012,29.06999969482422,29.479999542236328,1162800,29.540000915527344,29.239999771118164,21.213245391845703
26-11-2012,29.200000762939453,29.219999313354492,2590100,29.860000610351562,29.709999084472656,21.55422592163086
27-11-2012,29.670000076293945,29.760000228881836,2307200,29.899999618530273,29.780000686645508,21.605016708374023
28-11-2012,29.540000915527344,29.739999771118164,2323700,29.969999313354492,29.959999084472656,21.735593795776367
29-11-2012,29.65999984741211,30.010000228881836,2461800,30.010000228881836,29.889999389648438,21.684814453125
30-11-2012,29.81999969482422,29.950000762939453,3290600,30.1200008392334,30.09000015258789,21.829914093017578
03-12-2012,29.530000686645508,30.09000015258789,2024400,30.139999389648438,29.850000381469727,21.655794143676758
04-12-2012,29.709999084472656,29.90999984741211,2616000,30.059999465942383,29.719999313354492,21.561481475830078
05-12-2012,29.350000381469727,29.469999313354492,4088000,30.219999313354492,30.010000228881836,22.035078048706055
06-12-2012,29.850000381469727,30.030000686645508,2808000,30.170000076293945,29.959999084472656,21.998363494873047
07-12-2012,29.860000610351562,29.969999313354492,2398300,30.06999969482422,30.059999465942383,22.07179069519043
10-12-2012,29.920000076293945,30.030000686645508,1926700,30.1200008392334,30.09000015258789,22.093820571899414
11-12-2012,30.059999465942383,30.09000015258789,2527200,30.43000030517578,30.270000457763672,22.225984573364258
12-12-2012,30.239999771118164,30.239999771118164,2134000,30.56999969482422,30.280000686645508,22.23332977294922
13-12-2012,29.940000534057617,30.239999771118164,1780300,30.299999237060547,30.1299991607666,22.123186111450195
14-12-2012,30.0,30.139999389648438,1851600,30.190000534057617,30.059999465942383,22.07179069519043
17-12-2012,30.1200008392334,30.1200008392334,2531800,30.649999618530273,30.639999389648438,22.49765968322754
18-12-2012,30.510000228881836,30.59000015258789,2598800,31.0,30.979999542236328,22.7473087310791
19-12-2012,30.739999771118164,30.969999313354492,2574100,31.0,30.739999771118164,22.57108497619629
20-12-2012,30.559999465942383,30.780000686645508,1431800,30.8700008392334,30.809999465942383,22.622480392456055
21-12-2012,30.459999084472656,30.760000228881836,4756200,30.8700008392334,30.739999771118164,22.57108497619629
24-12-2012,30.3700008392334,30.65999984741211,632600,30.65999984741211,30.540000915527344,22.424232482910156
26-12-2012,30.270000457763672,30.579999923706055,1743400,30.700000762939453,30.329999923706055,22.270038604736328
27-12-2012,29.889999389648438,30.260000228881836,2626800,30.389999389648438,30.280000686645508,22.23332977294922
28-12-2012,29.93000030517578,30.149999618530273,2214400,30.3700008392334,29.940000534057617,21.983675003051758
31-12-2012,29.780000686645508,29.959999084472656,4551900,30.65999984741211,30.600000381469727,22.468294143676758
02-01-2013,30.68000030517578,30.899999618530273,2864100,31.149999618530273,30.93000030517578,22.71059799194336
03-01-2013,30.850000381469727,30.989999771118164,1948400,31.1299991607666,30.93000030517578,22.71059799194336
04-01-2013,30.93000030517578,30.959999084472656,1489800,31.09000015258789,31.059999465942383,22.806047439575195
07-01-2013,30.479999542236328,30.969999313354492,1490100,30.969999313354492,30.6200008392334,22.482975006103516
08-01-2013,30.389999389648438,30.530000686645508,3733200,30.719999313354492,30.459999084472656,22.365489959716797
09-01-2013,30.030000686645508,30.559999465942383,3320200,30.559999465942383,30.100000381469727,22.101165771484375
10-01-2013,29.979999542236328,30.229999542236328,3640300,30.299999237060547,30.139999389648438,22.130529403686523
11-01-2013,29.940000534057617,30.219999313354492,2268900,30.219999313354492,30.1200008392334,22.115846633911133
14-01-2013,29.950000762939453,30.200000762939453,1757200,30.229999542236328,30.010000228881836,22.035078048706055
15-01-2013,29.760000228881836,29.989999771118164,3854100,30.049999237060547,29.969999313354492,22.005708694458008
16-01-2013,29.700000762939453,29.90999984741211,2220300,29.940000534057617,29.780000686645508,21.866199493408203
17-01-2013,29.700000762939453,29.8799991607666,2477800,29.989999771118164,29.790000915527344,21.873538970947266
18-01-2013,29.700000762939453,29.90999984741211,3315800,29.989999771118164,29.829999923706055,21.902910232543945
22-01-2013,29.829999923706055,29.829999923706055,3070900,30.420000076293945,30.350000381469727,22.28472900390625
23-01-2013,30.1299991607666,30.309999465942383,2305700,30.350000381469727,30.139999389648438,22.130529403686523
24-01-2013,30.1299991607666,30.200000762939453,1901500,30.389999389648438,30.280000686645508,22.23332977294922
25-01-2013,30.200000762939453,30.389999389648438,3143900,30.530000686645508,30.530000686645508,22.416889190673828
28-01-2013,30.280000686645508,30.540000915527344,3284200,30.68000030517578,30.68000030517578,22.52703094482422
29-01-2013,30.579999923706055,30.639999389648438,2767500,31.09000015258789,30.920000076293945,22.7032527923584
30-01-2013,30.81999969482422,30.959999084472656,2232100,31.049999237060547,30.8799991607666,22.673877716064453
31-01-2013,30.8700008392334,30.8700008392334,2884900,31.200000762939453,31.18000030517578,22.8941593170166
01-02-2013,31.100000381469727,31.200000762939453,1990000,31.329999923706055,31.170000076293945,22.886817932128906
04-02-2013,31.010000228881836,31.049999237060547,3035300,31.260000228881836,31.149999618530273,22.872129440307617
05-02-2013,30.969999313354492,31.229999542236328,2256200,31.299999237060547,30.989999771118164,22.754648208618164
06-02-2013,30.780000686645508,30.920000076293945,2504800,31.239999771118164,31.200000762939453,22.908842086791992
07-02-2013,31.049999237060547,31.239999771118164,4646400,31.760000228881836,31.540000915527344,23.158493041992188
08-02-2013,31.190000534057617,31.469999313354492,1885000,31.540000915527344,31.43000030517578,23.077726364135742
11-02-2013,31.34000015258789,31.43000030517578,1293900,31.549999237060547,31.540000915527344,23.158493041992188
12-02-2013,31.260000228881836,31.489999771118164,1669200,31.600000381469727,31.510000228881836,23.136470794677734
13-02-2013,31.40999984741211,31.559999465942383,1719900,31.690000534057617,31.5,23.129125595092773
14-02-2013,31.06999969482422,31.389999389648438,2778700,31.56999969482422,31.1200008392334,22.85010528564453
15-02-2013,31.09000015258789,31.25,3218500,31.3700008392334,31.09000015258789,22.82807731628418
19-02-2013,31.15999984741211,31.15999984741211,3325200,31.639999389648438,31.40999984741211,23.06303596496582
20-02-2013,31.260000228881836,31.399999618530273,4360900,31.649999618530273,31.290000915527344,22.974924087524414
21-02-2013,31.299999237060547,31.299999237060547,4253200,31.979999542236328,31.739999771118164,23.305339813232422
22-02-2013,31.790000915527344,31.81999969482422,7800300,32.16999816894531,32.15999984741211,23.613731384277344
25-02-2013,31.969999313354492,32.27000045776367,11650500,32.650001525878906,31.969999313354492,23.474218368530273
26-02-2013,32.029998779296875,32.150001525878906,11913000,32.36000061035156,32.15999984741211,23.613731384277344
27-02-2013,32.11000061035156,32.209999084472656,2784700,32.70000076293945,32.66999816894531,23.98819923400879
28-02-2013,32.459999084472656,32.63999938964844,3387300,32.7599983215332,32.59000015258789,23.929466247558594
01-03-2013,32.31999969482422,32.56999969482422,3757900,32.849998474121094,32.849998474121094,24.120365142822266
04-03-2013,32.72999954223633,32.880001068115234,3481200,33.439998626708984,33.209999084472656,24.384702682495117
05-03-2013,33.31999969482422,33.34000015258789,2994600,33.61000061035156,33.45000076293945,24.560932159423828
06-03-2013,32.849998474121094,33.08000183105469,2267300,33.130001068115234,32.95000076293945,24.457002639770508
07-03-2013,32.650001525878906,32.970001220703125,2788600,33.16999816894531,32.66999816894531,24.249177932739258
08-03-2013,32.52000045776367,32.70000076293945,2299500,32.779998779296875,32.689998626708984,24.264026641845703
11-03-2013,32.619998931884766,32.68000030517578,1689900,32.91999816894531,32.86000061035156,24.390214920043945
12-03-2013,32.61000061035156,32.79999923706055,1784400,32.95000076293945,32.7599983215332,24.315980911254883
13-03-2013,32.630001068115234,32.77000045776367,1926600,32.97999954223633,32.810001373291016,24.353097915649414
14-03-2013,32.689998626708984,32.86000061035156,3503200,32.9900016784668,32.95000076293945,24.457002639770508
15-03-2013,32.720001220703125,32.83000183105469,3282900,33.279998779296875,33.279998779296875,24.701950073242188
18-03-2013,32.95000076293945,33.130001068115234,1808500,33.29999923706055,33.119998931884766,24.583189010620117
19-03-2013,32.959999084472656,33.22999954223633,2478100,33.31999969482422,33.150001525878906,24.60546112060547
20-03-2013,33.25,33.310001373291016,2449600,33.63999938964844,33.560001373291016,24.909780502319336
21-03-2013,33.349998474121094,33.459999084472656,2143100,33.619998931884766,33.41999816894531,24.805866241455078
22-03-2013,33.310001373291016,33.41999816894531,1694200,33.619998931884766,33.40999984741211,24.798446655273438
25-03-2013,33.130001068115234,33.52000045776367,2160200,33.72999954223633,33.279998779296875,24.701950073242188
26-03-2013,33.369998931884766,33.43000030517578,2140100,33.650001525878906,33.59000015258789,24.93204689025879
27-03-2013,33.33000183105469,33.439998626708984,1255500,33.72999954223633,33.689998626708984,25.006269454956055
28-03-2013,33.689998626708984,33.81999969482422,3455700,34.369998931884766,34.34000015258789,25.488737106323242
01-04-2013,34.0099983215332,34.290000915527344,1994400,34.33000183105469,34.18000030517578,25.369976043701172
02-04-2013,34.11000061035156,34.29999923706055,1436600,34.38999938964844,34.22999954223633,25.407081604003906
03-04-2013,34.16999816894531,34.25,2062000,34.40999984741211,34.2599983215332,25.429349899291992
04-04-2013,34.33000183105469,34.34000015258789,2122600,34.599998474121094,34.54999923706055,25.644603729248047
05-04-2013,34.310001373291016,34.349998474121094,2041300,34.58000183105469,34.5099983215332,25.61490821838379
08-04-2013,34.119998931884766,34.16999816894531,2773500,34.54999923706055,34.540000915527344,25.63718605041504
09-04-2013,34.470001220703125,34.599998474121094,1746500,34.7400016784668,34.560001373291016,25.65202522277832
10-04-2013,34.54999923706055,34.68000030517578,1801100,35.0,34.95000076293945,25.941503524780273
11-04-2013,34.84000015258789,34.97999954223633,2573400,35.08000183105469,34.959999084472656,25.94892120361328
12-04-2013,34.88999938964844,34.900001525878906,2683900,35.13999938964844,35.060001373291016,26.023151397705078
15-04-2013,34.709999084472656,34.9900016784668,2681000,35.220001220703125,34.709999084472656,25.76336097717285
16-04-2013,34.5,34.84000015258789,2583600,35.11000061035156,35.040000915527344,26.008310317993164
17-04-2013,34.7599983215332,35.02000045776367,2734700,35.209999084472656,35.11000061035156,26.06026840209961
18-04-2013,34.91999816894531,35.16999816894531,2362100,35.41999816894531,35.380001068115234,26.260669708251953
19-04-2013,35.400001525878906,35.5,2491300,35.93000030517578,35.900001525878906,26.646635055541992
22-04-2013,35.630001068115234,35.900001525878906,1611800,35.93000030517578,35.79999923706055,26.57240867614746
23-04-2013,35.400001525878906,35.88999938964844,3336600,35.88999938964844,35.810001373291016,26.579835891723633
24-04-2013,35.70000076293945,35.869998931884766,2139200,36.16999816894531,35.88999938964844,26.639209747314453
25-04-2013,35.880001068115234,36.04999923706055,2019800,36.34000015258789,36.099998474121094,26.795080184936523
26-04-2013,36.0099983215332,36.08000183105469,1953400,36.36000061035156,36.119998931884766,26.80992889404297
29-04-2013,36.18000030517578,36.279998779296875,1591300,36.599998474121094,36.43000030517578,27.04001808166504
30-04-2013,36.040000915527344,36.459999084472656,3151100,36.88999938964844,36.61000061035156,27.173629760742188
01-05-2013,36.56999969482422,36.66999816894531,2045200,37.0,36.59000015258789,27.158784866333008
02-05-2013,36.29999923706055,36.66999816894531,2640800,36.70000076293945,36.470001220703125,27.06972312927246
03-05-2013,36.189998626708984,36.59000015258789,3369100,36.790000915527344,36.290000915527344,26.936111450195312
06-05-2013,35.43000030517578,36.22999954223633,2642200,36.290000915527344,35.43000030517578,26.29778289794922
07-05-2013,35.380001068115234,35.529998779296875,3280600,35.880001068115234,35.810001373291016,26.579835891723633
08-05-2013,35.09000015258789,35.72999954223633,3212500,35.939998626708984,35.310001373291016,26.20871353149414
09-05-2013,34.720001220703125,35.31999969482422,2727300,35.40999984741211,34.81999969482422,25.845006942749023
10-05-2013,34.52000045776367,34.81999969482422,1563600,34.849998474121094,34.810001373291016,25.83758544921875
13-05-2013,34.34000015258789,34.63999938964844,2059900,34.900001525878906,34.56999969482422,25.659456253051758
14-05-2013,34.5,34.529998779296875,2011000,34.849998474121094,34.75,25.793054580688477
15-05-2013,34.4900016784668,34.75,2453200,35.16999816894531,34.88999938964844,25.896963119506836
16-05-2013,34.56999969482422,34.84000015258789,1884500,34.93000030517578,34.650001525878906,25.718830108642578
17-05-2013,34.63999938964844,34.75,2692200,35.09000015258789,35.06999969482422,26.03057289123535
20-05-2013,34.720001220703125,35.04999923706055,1650700,35.150001525878906,34.84000015258789,25.8598575592041
21-05-2013,34.38999938964844,34.83000183105469,2927400,34.970001220703125,34.77000045776367,25.80790138244629
22-05-2013,34.130001068115234,34.75,2921500,35.119998931884766,34.29999923706055,25.459043502807617
23-05-2013,33.5099983215332,34.040000915527344,2169300,34.189998626708984,34.04999923706055,25.27347755432129
24-05-2013,33.68000030517578,33.90999984741211,1896000,34.029998779296875,33.88999938964844,25.15471649169922
28-05-2013,33.869998931884766,34.25,4362700,34.7599983215332,34.02000045776367,25.251211166381836
29-05-2013,32.86000061035156,33.790000915527344,3318100,33.84000015258789,33.29999923706055,24.716794967651367
30-05-2013,33.33000183105469,33.45000076293945,2885700,34.0099983215332,33.349998474121094,24.753908157348633
31-05-2013,33.040000915527344,33.220001220703125,3589900,33.63999938964844,33.040000915527344,24.52381706237793
03-06-2013,32.599998474121094,33.02000045776367,3887500,33.34000015258789,33.09000015258789,24.56092643737793
04-06-2013,32.65999984741211,33.029998779296875,3991800,33.04999923706055,32.84000015258789,24.3753662109375
05-06-2013,32.0,32.5099983215332,4297500,32.5099983215332,32.119998931884766,24.10519027709961
06-06-2013,32.099998474121094,32.13999938964844,2884300,32.70000076293945,32.70000076293945,24.540468215942383
07-06-2013,32.36000061035156,32.709999084472656,2192900,32.93000030517578,32.68000030517578,24.52545928955078
10-06-2013,32.38999938964844,32.7599983215332,2171600,32.77000045776367,32.5,24.39037322998047
11-06-2013,32.220001220703125,32.2599983215332,1810300,32.619998931884766,32.400001525878906,24.315324783325195
12-06-2013,31.969999313354492,32.560001373291016,3124600,32.65999984741211,32.06999969482422,24.06767463684082
13-06-2013,32.060001373291016,32.060001373291016,2901000,32.619998931884766,32.58000183105469,24.45041275024414
14-06-2013,32.560001373291016,32.58000183105469,1598000,32.880001068115234,32.630001068115234,24.487934112548828
17-06-2013,32.709999084472656,32.79999923706055,3132400,33.150001525878906,32.97999954223633,24.750598907470703
18-06-2013,32.869998931884766,32.970001220703125,1993200,33.220001220703125,33.189998626708984,24.9081974029541
19-06-2013,32.349998474121094,33.099998474121094,2273000,33.209999084472656,32.349998474121094,24.27779769897461
20-06-2013,31.1200008392334,32.16999816894531,4105800,32.25,31.209999084472656,23.422258377075195
21-06-2013,31.030000686645508,31.469999313354492,4250200,31.760000228881836,31.670000076293945,23.767480850219727
24-06-2013,31.100000381469727,31.469999313354492,3003800,32.130001068115234,31.850000381469727,23.902565002441406
25-06-2013,31.780000686645508,32.08000183105469,2291700,32.43000030517578,32.279998779296875,24.225269317626953
26-06-2013,32.40999984741211,32.5099983215332,2960300,33.0,32.900001525878906,24.690563201904297
27-06-2013,32.58000183105469,33.0099983215332,2485300,33.18000030517578,32.650001525878906,24.502941131591797
28-06-2013,32.43000030517578,32.77000045776367,8910300,33.04999923706055,32.65999984741211,24.510446548461914
01-07-2013,31.799999237060547,32.77000045776367,3551700,32.86000061035156,31.850000381469727,23.902565002441406
02-07-2013,31.65999984741211,31.799999237060547,2916100,32.11000061035156,31.84000015258789,23.89505386352539
03-07-2013,31.6200008392334,31.719999313354492,1103700,31.959999084472656,31.799999237060547,23.865041732788086
05-07-2013,31.31999969482422,31.8799991607666,2129200,31.93000030517578,31.65999984741211,23.75997543334961
08-07-2013,31.809999465942383,31.81999969482422,2566400,32.38999938964844,32.27000045776367,24.21776580810547
09-07-2013,32.22999954223633,32.41999816894531,2313500,32.599998474121094,32.27000045776367,24.21776580810547
10-07-2013,32.060001373291016,32.279998779296875,1884200,32.47999954223633,32.40999984741211,24.32282829284668
11-07-2013,32.59000015258789,32.779998779296875,2770500,33.09000015258789,33.029998779296875,24.788124084472656
12-07-2013,32.83000183105469,33.02000045776367,1577200,33.220001220703125,33.15999984741211,24.88568687438965
15-07-2013,33.040000915527344,33.099998474121094,2230200,33.90999984741211,33.90999984741211,25.448537826538086
16-07-2013,33.59000015258789,33.91999816894531,2128800,33.9900016784668,33.650001525878906,25.25342559814453
17-07-2013,33.4900016784668,33.83000183105469,1261300,33.880001068115234,33.65999984741211,25.260921478271484
18-07-2013,33.4900016784668,33.4900016784668,1872900,34.20000076293945,34.15999984741211,25.636154174804688
19-07-2013,33.9900016784668,34.310001373291016,1985700,34.369998931884766,34.220001220703125,25.681184768676758
22-07-2013,34.150001525878906,34.29999923706055,972400,34.400001525878906,34.189998626708984,25.65867042541504
23-07-2013,34.060001373291016,34.18000030517578,1912400,34.65999984741211,34.470001220703125,25.86880874633789
24-07-2013,33.59000015258789,34.45000076293945,1576500,34.45000076293945,33.81999969482422,25.38099479675293
25-07-2013,33.720001220703125,33.720001220703125,1396900,34.119998931884766,34.099998474121094,25.591127395629883
26-07-2013,33.77000045776367,33.90999984741211,1637600,34.31999969482422,34.31999969482422,25.756235122680664
29-07-2013,34.099998474121094,34.13999938964844,2388300,34.36000061035156,34.25,25.70370101928711
30-07-2013,34.04999923706055,34.4900016784668,2044200,34.790000915527344,34.2400016784668,25.696197509765625
31-07-2013,33.5099983215332,34.20000076293945,2998800,34.25,33.790000915527344,25.35848617553711
01-08-2013,33.90999984741211,33.939998626708984,2361400,34.38999938964844,34.34000015258789,25.7712459564209
02-08-2013,34.08000183105469,34.33000183105469,2016000,34.529998779296875,34.529998779296875,25.913829803466797
05-08-2013,34.130001068115234,34.38999938964844,1593000,34.38999938964844,34.150001525878906,25.628652572631836
06-08-2013,33.61000061035156,34.06999969482422,2381300,34.130001068115234,33.709999084472656,25.298442840576172
07-08-2013,33.40999984741211,33.52000045776367,2113000,33.88999938964844,33.77000045776367,25.343473434448242
08-08-2013,33.720001220703125,33.90999984741211,1951200,34.15999984741211,34.06999969482422,25.56861686706543
09-08-2013,33.849998474121094,34.099998474121094,1966500,34.22999954223633,33.91999816894531,25.456035614013672
12-08-2013,33.58000183105469,33.779998779296875,2095000,34.0,33.900001525878906,25.44103240966797
13-08-2013,33.45000076293945,33.90999984741211,2053100,33.93000030517578,33.5,25.140846252441406
14-08-2013,33.02000045776367,33.40999984741211,1339200,33.439998626708984,33.27000045776367,24.968242645263672
15-08-2013,32.79999923706055,33.099998474121094,1701300,33.130001068115234,32.900001525878906,24.690563201904297
16-08-2013,32.34000015258789,32.810001373291016,2014100,32.970001220703125,32.58000183105469,24.45041275024414
19-08-2013,32.18000030517578,32.56999969482422,1704100,32.75,32.2599983215332,24.21025848388672
20-08-2013,32.189998626708984,32.290000915527344,2042400,32.810001373291016,32.54999923706055,24.427894592285156
21-08-2013,31.899999618530273,32.470001220703125,2497600,32.470001220703125,32.130001068115234,24.112695693969727
22-08-2013,32.060001373291016,32.220001220703125,5774500,32.70000076293945,32.5099983215332,24.397876739501953
23-08-2013,32.38999938964844,32.560001373291016,5828200,32.86000061035156,32.7599983215332,24.585493087768555
26-08-2013,32.47999954223633,32.7599983215332,1756300,32.849998474121094,32.5,24.39037322998047
27-08-2013,32.25,32.2599983215332,1868700,32.65999984741211,32.5,24.39037322998047
28-08-2013,32.31999969482422,32.540000915527344,2061200,32.84000015258789,32.70000076293945,24.540468215942383
29-08-2013,32.279998779296875,32.58000183105469,1777500,32.65999984741211,32.369998931884766,24.292804718017578
30-08-2013,32.27000045776367,32.369998931884766,1716500,32.59000015258789,32.41999816894531,24.330333709716797
03-09-2013,31.90999984741211,32.630001068115234,2670200,32.70000076293945,32.13999938964844,24.120203018188477
04-09-2013,31.549999237060547,31.75,3533500,32.099998474121094,32.06999969482422,24.34030532836914
05-09-2013,31.770000457763672,32.060001373291016,2409000,32.15999984741211,31.969999313354492,24.2644100189209
06-09-2013,32.09000015258789,32.09000015258789,3210300,32.68000030517578,32.15999984741211,24.408613204956055
09-09-2013,32.0,32.15999984741211,2136600,32.31999969482422,32.119998931884766,24.378250122070312
10-09-2013,32.02000045776367,32.2599983215332,2073400,32.34000015258789,32.310001373291016,24.522457122802734
11-09-2013,31.84000015258789,32.369998931884766,3380200,32.43000030517578,32.040000915527344,24.317535400390625
12-09-2013,31.719999313354492,32.16999816894531,2314100,32.29999923706055,31.829999923706055,24.15814971923828
13-09-2013,31.860000610351562,31.90999984741211,2491200,32.349998474121094,32.33000183105469,24.537641525268555
16-09-2013,32.310001373291016,32.70000076293945,3077100,32.869998931884766,32.41999816894531,24.605947494506836
17-09-2013,32.599998474121094,32.70000076293945,3490100,33.029998779296875,32.84000015258789,24.92471694946289
18-09-2013,32.630001068115234,32.939998626708984,4069300,34.029998779296875,33.900001525878906,25.729230880737305
19-09-2013,33.70000076293945,33.869998931884766,3194900,34.220001220703125,33.900001525878906,25.729230880737305
20-09-2013,33.25,33.88999938964844,3672200,33.959999084472656,33.25,25.235904693603516
23-09-2013,33.119998931884766,33.22999954223633,2779700,33.790000915527344,33.72999954223633,25.60020637512207
24-09-2013,33.56999969482422,33.65999984741211,3953200,34.02000045776367,33.880001068115234,25.71405029296875
25-09-2013,33.540000915527344,33.869998931884766,3297800,33.9900016784668,33.54999923706055,25.46358871459961
26-09-2013,33.130001068115234,33.540000915527344,2203700,33.709999084472656,33.33000183105469,25.296621322631836
27-09-2013,32.84000015258789,33.189998626708984,2903700,33.45000076293945,33.02000045776367,25.06133270263672
30-09-2013,32.720001220703125,32.97999954223633,3135800,33.150001525878906,32.93000030517578,24.993024826049805
01-10-2013,33.06999969482422,33.2599983215332,2363500,33.380001068115234,33.209999084472656,25.205528259277344
02-10-2013,32.81999969482422,33.11000061035156,3036400,33.38999938964844,33.369998931884766,25.32697296142578
03-10-2013,32.689998626708984,33.189998626708984,3224300,33.2599983215332,32.900001525878906,24.970251083374023
04-10-2013,32.7599983215332,32.90999984741211,1906800,33.06999969482422,32.91999816894531,24.985429763793945
07-10-2013,32.599998474121094,32.7599983215332,1489300,33.0099983215332,32.72999954223633,24.841228485107422
08-10-2013,32.66999816894531,32.709999084472656,2244300,33.27000045776367,33.0,25.04615020751953
09-10-2013,32.97999954223633,33.04999923706055,2220300,33.61000061035156,33.220001220703125,25.213125228881836
10-10-2013,33.11000061035156,33.439998626708984,2139200,33.779998779296875,33.779998779296875,25.638153076171875
11-10-2013,33.63999938964844,33.75,1575400,33.959999084472656,33.90999984741211,25.736818313598633
14-10-2013,33.220001220703125,33.83000183105469,2168400,33.849998474121094,33.7400016784668,25.607797622680664
15-10-2013,33.220001220703125,33.630001068115234,2392700,33.79999923706055,33.279998779296875,25.258663177490234
16-10-2013,32.900001525878906,33.4900016784668,3854800,33.630001068115234,33.380001068115234,25.334564208984375
17-10-2013,33.060001373291016,33.290000915527344,2938700,34.0,33.93000030517578,25.751998901367188
18-10-2013,33.79999923706055,33.970001220703125,2393100,34.13999938964844,33.90999984741211,25.736818313598633
21-10-2013,33.5099983215332,33.88999938964844,1999400,33.90999984741211,33.709999084472656,25.58502197265625
22-10-2013,33.63999938964844,33.75,3174400,34.369998931884766,34.279998779296875,26.01763916015625
23-10-2013,34.0,34.2400016784668,3151900,34.54999923706055,34.04999923706055,25.84307289123535
24-10-2013,33.790000915527344,34.04999923706055,1822500,34.16999816894531,33.97999954223633,25.78994369506836
25-10-2013,33.650001525878906,33.86000061035156,2117600,34.34000015258789,34.31999969482422,26.04800033569336
28-10-2013,33.619998931884766,33.959999084472656,3487800,34.150001525878906,33.939998626708984,25.75959014892578
29-10-2013,33.70000076293945,33.939998626708984,2180200,34.130001068115234,33.83000183105469,25.676103591918945
30-10-2013,33.130001068115234,34.02000045776367,4142900,34.130001068115234,33.18000030517578,25.182769775390625
31-10-2013,32.7400016784668,33.2400016784668,5966100,33.79999923706055,33.5,25.425642013549805
01-11-2013,33.54999923706055,33.68000030517578,3745900,34.04999923706055,33.81999969482422,25.66851043701172
04-11-2013,33.77000045776367,33.97999954223633,2854800,34.08000183105469,34.029998779296875,25.827899932861328
05-11-2013,33.619998931884766,34.0099983215332,3180100,34.290000915527344,33.63999938964844,25.531898498535156
06-11-2013,33.4900016784668,33.689998626708984,3109100,33.84000015258789,33.779998779296875,25.638153076171875
07-11-2013,33.439998626708984,33.900001525878906,3544000,34.09000015258789,33.470001220703125,25.40287208557129
08-11-2013,33.040000915527344,33.349998474121094,4931400,33.5099983215332,33.5099983215332,25.433225631713867
11-11-2013,33.36000061035156,33.56999969482422,2220500,33.66999816894531,33.4900016784668,25.418048858642578
12-11-2013,32.88999938964844,33.34000015258789,2968800,33.34000015258789,33.189998626708984,25.190357208251953
13-11-2013,32.810001373291016,32.97999954223633,2917600,33.56999969482422,33.56999969482422,25.478763580322266
14-11-2013,33.380001068115234,33.65999984741211,2286400,33.86000061035156,33.75,25.615381240844727
15-11-2013,33.59000015258789,33.619998931884766,3546700,34.08000183105469,34.08000183105469,25.865846633911133
18-11-2013,33.77000045776367,34.130001068115234,2711100,34.15999984741211,34.13999938964844,25.911386489868164
19-11-2013,33.7599983215332,34.11000061035156,2958400,34.16999816894531,34.0099983215332,25.81270980834961
20-11-2013,33.439998626708984,33.9900016784668,3408800,34.060001373291016,33.470001220703125,25.40287208557129
21-11-2013,33.459999084472656,33.54999923706055,8580400,33.93000030517578,33.68000030517578,25.562252044677734
22-11-2013,33.540000915527344,33.59000015258789,9078800,33.83000183105469,33.61000061035156,25.509122848510742
25-11-2013,33.40999984741211,33.7400016784668,12098600,33.79999923706055,33.41999816894531,25.364925384521484
26-11-2013,32.86000061035156,33.349998474121094,3178100,33.41999816894531,32.900001525878906,24.970251083374023
27-11-2013,32.61000061035156,33.0099983215332,2475100,33.08000183105469,32.79999923706055,24.89435577392578
29-11-2013,32.61000061035156,33.06999969482422,1409800,33.08000183105469,32.689998626708984,24.810871124267578
02-12-2013,32.369998931884766,32.72999954223633,3184300,32.849998474121094,32.68000030517578,24.80327796936035
03-12-2013,32.4900016784668,32.4900016784668,4673200,33.060001373291016,32.880001068115234,24.955074310302734
04-12-2013,32.290000915527344,32.459999084472656,8139000,32.779998779296875,32.68000030517578,25.07785415649414
05-12-2013,32.04999923706055,32.529998779296875,4709000,32.709999084472656,32.209999084472656,24.717182159423828
06-12-2013,32.25,32.349998474121094,3230900,32.75,32.560001373291016,24.98577117919922
09-12-2013,32.119998931884766,32.58000183105469,4242600,32.63999938964844,32.40999984741211,24.870662689208984
10-12-2013,32.11000061035156,32.470001220703125,3390900,32.470001220703125,32.20000076293945,24.70951271057129
11-12-2013,31.799999237060547,32.13999938964844,3031300,32.20000076293945,31.8700008392334,24.456279754638672
12-12-2013,31.81999969482422,31.93000030517578,3260300,32.380001068115234,32.119998931884766,24.64812660217285
13-12-2013,31.799999237060547,32.08000183105469,2010300,32.209999084472656,31.860000610351562,24.44860076904297
16-12-2013,31.920000076293945,32.0099983215332,2582800,32.34000015258789,32.11000061035156,24.64044761657715
17-12-2013,31.84000015258789,32.040000915527344,2205900,32.119998931884766,31.899999618530273,24.479297637939453
18-12-2013,31.389999389648438,31.860000610351562,3180500,32.27000045776367,32.20000076293945,24.70951271057129
19-12-2013,31.420000076293945,32.0,3955700,32.06999969482422,31.649999618530273,24.287458419799805
20-12-2013,31.579999923706055,31.639999389648438,6570100,31.90999984741211,31.75,24.36418914794922
23-12-2013,31.639999389648438,32.02000045776367,10696800,32.16999816894531,31.739999771118164,24.356521606445312
24-12-2013,31.6200008392334,31.809999465942383,1511800,31.93000030517578,31.850000381469727,24.44093132019043
26-12-2013,31.760000228881836,31.979999542236328,1753400,32.0099983215332,31.84000015258789,24.433263778686523
27-12-2013,31.719999313354492,31.889999389648438,1926200,32.02000045776367,31.920000076293945,24.494644165039062
30-12-2013,31.860000610351562,31.979999542236328,2471400,32.04999923706055,32.02000045776367,24.571382522583008
31-12-2013,31.809999465942383,32.06999969482422,3024400,32.119998931884766,32.040000915527344,24.586732864379883
02-01-2014,31.309999465942383,31.90999984741211,3322600,31.93000030517578,31.329999923706055,24.04189682006836
03-01-2014,31.290000915527344,31.709999084472656,3898900,31.719999313354492,31.43000030517578,24.118633270263672
06-01-2014,31.450000762939453,31.510000228881836,4652700,31.649999618530273,31.6200008392334,24.264436721801758
07-01-2014,31.350000381469727,31.610000610351562,4838500,31.719999313354492,31.649999618530273,24.287458419799805
08-01-2014,31.329999923706055,31.700000762939453,3504700,31.719999313354492,31.479999542236328,24.157001495361328
09-01-2014,31.579999923706055,31.6200008392334,7099400,31.920000076293945,31.719999313354492,24.341176986694336
10-01-2014,31.790000915527344,31.850000381469727,8893800,32.45000076293945,31.8799991607666,24.463953018188477
13-01-2014,31.450000762939453,31.850000381469727,5637000,31.920000076293945,31.56999969482422,24.22606658935547
14-01-2014,31.25,31.559999465942383,5198800,31.649999618530273,31.40999984741211,24.103282928466797
15-01-2014,31.440000534057617,31.540000915527344,5235600,31.690000534057617,31.530000686645508,24.195369720458984
16-01-2014,31.479999542236328,31.56999969482422,2570500,31.729999542236328,31.719999313354492,24.341176986694336
17-01-2014,31.649999618530273,31.799999237060547,2163200,31.8700008392334,31.780000686645508,24.387218475341797
21-01-2014,31.790000915527344,31.809999465942383,3050400,32.209999084472656,32.09000015258789,24.62510108947754
22-01-2014,32.11000061035156,32.11000061035156,3244200,32.43000030517578,32.40999984741211,24.870662689208984
23-01-2014,32.119998931884766,32.290000915527344,5691300,32.88999938964844,32.7400016784668,25.123899459838867
24-01-2014,32.56999969482422,32.650001525878906,5910200,33.400001525878906,33.02000045776367,25.338762283325195
27-01-2014,32.869998931884766,32.970001220703125,5450300,33.380001068115234,33.220001220703125,25.492233276367188
28-01-2014,32.81999969482422,33.290000915527344,2960900,33.33000183105469,32.93000030517578,25.269699096679688
29-01-2014,32.63999938964844,32.88999938964844,5093500,33.08000183105469,32.88999938964844,25.238998413085938
30-01-2014,32.93000030517578,33.04999923706055,2373800,33.400001525878906,33.369998931884766,25.607336044311523
31-01-2014,32.970001220703125,32.97999954223633,4354300,33.5,33.34000015258789,25.584320068359375
03-02-2014,33.18000030517578,33.43000030517578,4269800,33.88999938964844,33.22999954223633,25.49991226196289
04-02-2014,32.880001068115234,33.459999084472656,2926000,33.540000915527344,33.119998931884766,25.415496826171875
05-02-2014,32.869998931884766,33.099998474121094,2947900,33.119998931884766,33.0099983215332,25.331090927124023
06-02-2014,32.939998626708984,33.06999969482422,2939200,33.619998931884766,33.56999969482422,25.760818481445312
07-02-2014,33.4900016784668,33.63999938964844,5972500,34.150001525878906,33.95000076293945,26.052419662475586
10-02-2014,33.439998626708984,33.79999923706055,4143600,33.959999084472656,33.90999984741211,26.021726608276367
11-02-2014,33.88999938964844,33.95000076293945,2672800,34.41999816894531,34.369998931884766,26.37472152709961
12-02-2014,34.13999938964844,34.34000015258789,5401800,34.599998474121094,34.400001525878906,26.39773941040039
13-02-2014,34.279998779296875,34.310001373291016,3529200,34.54999923706055,34.5,26.474477767944336
14-02-2014,34.27000045776367,34.369998931884766,2691200,34.70000076293945,34.70000076293945,26.62795066833496
18-02-2014,34.650001525878906,34.7400016784668,3949500,35.150001525878906,35.11000061035156,26.942584991455078
19-02-2014,34.86000061035156,35.06999969482422,3376500,35.29999923706055,34.970001220703125,26.835147857666016
20-02-2014,35.290000915527344,35.290000915527344,12224400,37.06999969482422,36.529998779296875,28.03224754333496
21-02-2014,36.31999969482422,36.31999969482422,6386900,37.34000015258789,36.58000183105469,28.07062339782715
24-02-2014,36.540000915527344,36.709999084472656,4708300,37.04999923706055,36.72999954223633,28.185731887817383
25-02-2014,36.65999984741211,36.900001525878906,4737600,36.959999084472656,36.779998779296875,28.224090576171875
26-02-2014,36.63999938964844,36.849998474121094,2794800,36.959999084472656,36.65999984741211,28.132009506225586
27-02-2014,36.33000183105469,36.63999938964844,2385000,36.83000183105469,36.45000076293945,27.970857620239258
28-02-2014,36.45000076293945,36.5,2312700,36.77000045776367,36.65999984741211,28.132009506225586
03-03-2014,36.130001068115234,36.459999084472656,2745200,36.61000061035156,36.13999938964844,27.732975006103516
04-03-2014,36.130001068115234,36.369998931884766,3184900,36.459999084472656,36.2400016784668,27.809709548950195
05-03-2014,35.58000183105469,35.88999938964844,3356400,35.95000076293945,35.810001373291016,27.76320457458496
06-03-2014,35.400001525878906,35.959999084472656,3724800,35.959999084472656,35.5099983215332,27.530611038208008
07-03-2014,35.09000015258789,35.56999969482422,5650000,35.61000061035156,35.439998626708984,27.47633934020996
10-03-2014,35.349998474121094,35.45000076293945,6331100,35.779998779296875,35.5,27.522855758666992
11-03-2014,35.13999938964844,35.5,5005500,35.59000015258789,35.16999816894531,27.26700210571289
12-03-2014,35.0,35.02000045776367,2621900,35.790000915527344,35.790000915527344,27.747692108154297
13-03-2014,35.7599983215332,35.779998779296875,3333100,36.400001525878906,36.20000076293945,28.065567016601562
14-03-2014,36.0,36.06999969482422,3738000,36.709999084472656,36.650001525878906,28.414443969726562
17-03-2014,36.310001373291016,36.689998626708984,2438000,36.849998474121094,36.790000915527344,28.52298355102539
18-03-2014,36.619998931884766,36.849998474121094,2608200,37.060001373291016,36.88999938964844,28.60051155090332
19-03-2014,36.2400016784668,36.88999938964844,3550100,37.130001068115234,36.38999938964844,28.21286964416504
20-03-2014,35.84000015258789,36.279998779296875,3261700,36.38999938964844,36.279998779296875,28.127578735351562
21-03-2014,36.5099983215332,36.65999984741211,3658700,37.27000045776367,36.900001525878906,28.60826301574707
24-03-2014,36.75,36.93000030517578,1913200,37.18000030517578,36.95000076293945,28.647029876708984
25-03-2014,36.689998626708984,37.08000183105469,2452700,37.09000015258789,36.9900016784668,28.678043365478516
26-03-2014,36.97999954223633,37.099998474121094,3107700,37.40999984741211,37.20000076293945,28.840852737426758
27-03-2014,36.91999816894531,37.15999984741211,1690500,37.29999923706055,37.279998779296875,28.902873992919922
28-03-2014,37.11000061035156,37.209999084472656,1350200,37.38999938964844,37.369998931884766,28.97265625
31-03-2014,37.439998626708984,37.52000045776367,4166600,38.439998626708984,38.13999938964844,29.569618225097656
01-04-2014,37.459999084472656,38.119998931884766,3225300,38.119998931884766,37.599998474121094,29.150968551635742
02-04-2014,37.34000015258789,37.66999816894531,2259000,37.68000030517578,37.599998474121094,29.150968551635742
03-04-2014,37.560001373291016,37.66999816894531,2577300,38.20000076293945,38.099998474121094,29.538606643676758
04-04-2014,38.150001525878906,38.16999816894531,5423700,39.119998931884766,38.470001220703125,29.825471878051758
07-04-2014,38.2400016784668,38.5,5523900,38.79999923706055,38.25,29.654909133911133
08-04-2014,37.650001525878906,38.2400016784668,6597600,38.5,38.36000061035156,29.740198135375977
09-04-2014,38.2599983215332,38.59000015258789,6714100,38.93000030517578,38.70000076293945,30.003795623779297
10-04-2014,38.36000061035156,38.619998931884766,3759900,38.849998474121094,38.52000045776367,29.864238739013672
11-04-2014,38.36000061035156,38.4900016784668,2989700,38.9900016784668,38.810001373291016,30.089080810546875
14-04-2014,38.68000030517578,38.900001525878906,3328600,39.310001373291016,39.29999923706055,30.468961715698242
15-04-2014,39.220001220703125,39.220001220703125,4445200,39.869998931884766,39.59000015258789,30.693805694580078
16-04-2014,39.4900016784668,39.70000076293945,4888700,39.779998779296875,39.619998931884766,30.717060089111328
17-04-2014,39.31999969482422,39.54999923706055,2280500,39.959999084472656,39.43000030517578,30.569751739501953
21-04-2014,39.20000076293945,39.58000183105469,2620300,39.68000030517578,39.43000030517578,30.569751739501953
22-04-2014,38.970001220703125,39.34000015258789,2660600,39.43000030517578,39.22999954223633,30.414703369140625
23-04-2014,39.2400016784668,39.349998474121094,5411900,39.90999984741211,39.38999938964844,30.538745880126953
24-04-2014,39.16999816894531,39.54999923706055,2733400,39.84000015258789,39.77000045776367,30.833343505859375
25-04-2014,39.70000076293945,39.72999954223633,2446500,40.2599983215332,40.2400016784668,31.19774627685547
28-04-2014,40.150001525878906,40.209999084472656,3189900,40.650001525878906,40.630001068115234,31.50010108947754
29-04-2014,40.369998931884766,40.65999984741211,2877100,40.880001068115234,40.439998626708984,31.352806091308594
30-04-2014,40.349998474121094,40.45000076293945,7873900,41.380001068115234,40.970001220703125,31.763704299926758
01-05-2014,39.880001068115234,41.02000045776367,6235800,41.349998474121094,40.459999084472656,31.368305206298828
02-05-2014,38.56999969482422,39.88999938964844,5484500,39.970001220703125,38.88999938964844,30.151100158691406
05-05-2014,38.849998474121094,38.88999938964844,3928100,39.66999816894531,39.619998931884766,30.717060089111328
06-05-2014,39.150001525878906,39.59000015258789,3487200,39.720001220703125,39.279998779296875,30.453460693359375
07-05-2014,39.2400016784668,39.27000045776367,3055600,39.939998626708984,39.880001068115234,30.918636322021484
08-05-2014,39.099998474121094,39.9900016784668,3254600,39.9900016784668,39.16999816894531,30.36817741394043
09-05-2014,38.36000061035156,39.04999923706055,3908300,39.29999923706055,38.369998931884766,29.747947692871094
12-05-2014,37.869998931884766,38.7599983215332,5928000,38.77000045776367,38.060001373291016,29.507612228393555
13-05-2014,37.91999816894531,38.060001373291016,4205400,38.349998474121094,38.220001220703125,29.63164520263672
14-05-2014,38.0,38.25,3044700,38.599998474121094,38.2400016784668,29.647159576416016
15-05-2014,37.880001068115234,38.310001373291016,2570400,38.4900016784668,37.97999954223633,29.445585250854492
16-05-2014,37.52000045776367,37.970001220703125,5061600,38.02000045776367,37.79999923706055,29.3060245513916
19-05-2014,37.13999938964844,37.72999954223633,3391800,37.79999923706055,37.16999816894531,28.817596435546875
20-05-2014,36.90999984741211,37.310001373291016,4389800,37.54999923706055,37.16999816894531,28.817596435546875
21-05-2014,36.93000030517578,37.27000045776367,3782600,37.31999969482422,37.2599983215332,28.88736915588379
22-05-2014,37.2599983215332,37.279998779296875,3009900,37.779998779296875,37.619998931884766,29.166473388671875
23-05-2014,37.31999969482422,37.540000915527344,2682000,37.70000076293945,37.400001525878906,28.99591064453125
27-05-2014,36.959999084472656,37.400001525878906,5955200,37.720001220703125,37.349998474121094,28.957143783569336
28-05-2014,37.380001068115234,37.529998779296875,5513800,38.209999084472656,38.189998626708984,29.608386993408203
29-05-2014,38.08000183105469,38.29999923706055,4686500,38.5,38.5,29.848737716674805
30-05-2014,38.43000030517578,38.5,4250900,38.97999954223633,38.959999084472656,30.205358505249023
02-06-2014,38.709999084472656,38.959999084472656,3178900,39.2400016784668,39.11000061035156,30.321664810180664
03-06-2014,38.97999954223633,39.16999816894531,3264500,39.2400016784668,39.16999816894531,30.36817741394043
04-06-2014,38.34000015258789,38.72999954223633,3379100,38.7599983215332,38.56999969482422,30.188167572021484
05-06-2014,38.459999084472656,38.56999969482422,2781700,39.08000183105469,39.06999969482422,30.579505920410156
06-06-2014,38.66999816894531,39.0,1940700,39.15999984741211,38.7400016784668,30.321226119995117
09-06-2014,38.25,38.66999816894531,2012700,38.810001373291016,38.290000915527344,29.969009399414062
10-06-2014,37.939998626708984,38.220001220703125,2496100,38.369998931884766,38.08000183105469,29.80464744567871
11-06-2014,37.540000915527344,38.45000076293945,3505200,38.45000076293945,37.689998626708984,29.4993953704834
12-06-2014,37.060001373291016,37.58000183105469,2112200,37.7599983215332,37.630001068115234,29.452434539794922
13-06-2014,37.380001068115234,37.59000015258789,2197300,37.95000076293945,37.84000015258789,29.616796493530273
16-06-2014,37.66999816894531,37.81999969482422,2471500,38.40999984741211,37.9900016784668,29.734214782714844
17-06-2014,38.02000045776367,38.22999954223633,3799000,38.40999984741211,38.279998779296875,29.9611759185791
18-06-2014,38.13999938964844,38.18000030517578,4115600,39.29999923706055,39.25,30.720382690429688
19-06-2014,39.20000076293945,39.25,3445500,39.939998626708984,39.849998474121094,31.18999671936035
20-06-2014,39.65999984741211,39.93000030517578,3184400,40.060001373291016,39.689998626708984,31.06476593017578
23-06-2014,38.959999084472656,39.66999816894531,3307900,39.779998779296875,39.13999938964844,30.63429069519043
24-06-2014,39.130001068115234,39.20000076293945,2487400,39.56999969482422,39.45000076293945,30.876920700073242
25-06-2014,39.310001373291016,39.310001373291016,2435500,39.68000030517578,39.59000015258789,30.986507415771484
26-06-2014,39.369998931884766,39.470001220703125,2835600,39.93000030517578,39.90999984741211,31.236961364746094
27-06-2014,39.689998626708984,39.880001068115234,2393600,40.310001373291016,40.27000045776367,31.518718719482422
30-06-2014,40.08000183105469,40.349998474121094,3982600,40.93000030517578,40.790000915527344,31.925724029541016
01-07-2014,40.2599983215332,40.68000030517578,3693300,40.68000030517578,40.29999923706055,31.542203903198242
02-07-2014,38.9900016784668,40.16999816894531,5012700,40.2400016784668,39.150001525878906,30.642122268676758
03-07-2014,38.09000015258789,39.02000045776367,4696200,39.04999923706055,38.15999984741211,29.86726188659668
07-07-2014,38.029998779296875,38.029998779296875,4099300,38.560001373291016,38.560001373291016,30.18033218383789
08-07-2014,38.400001525878906,38.400001525878906,3300400,38.86000061035156,38.68000030517578,30.274263381958008
09-07-2014,38.279998779296875,38.650001525878906,3015900,38.79999923706055,38.61000061035156,30.21946907043457
10-07-2014,38.439998626708984,38.59000015258789,2609500,39.0099983215332,38.97999954223633,30.509063720703125
11-07-2014,38.470001220703125,38.880001068115234,2044700,39.0,38.4900016784668,30.12554931640625
14-07-2014,37.38999938964844,38.47999954223633,5815000,38.54999923706055,37.400001525878906,29.272418975830078
15-07-2014,37.27000045776367,37.45000076293945,4066300,37.68000030517578,37.31999969482422,29.20980453491211
16-07-2014,37.279998779296875,37.720001220703125,3452600,37.779998779296875,37.63999938964844,29.460268020629883
17-07-2014,37.029998779296875,37.650001525878906,3841300,37.83000183105469,37.08000183105469,29.02196502685547
18-07-2014,36.849998474121094,37.16999816894531,3393900,37.2599983215332,37.189998626708984,29.108051300048828
21-07-2014,36.880001068115234,37.08000183105469,2497600,37.33000183105469,37.16999816894531,29.092405319213867
22-07-2014,37.04999923706055,37.279998779296875,2223900,37.40999984741211,37.18000030517578,29.100238800048828
23-07-2014,37.0,37.18000030517578,2548100,37.25,37.02000045776367,28.974994659423828
24-07-2014,36.880001068115234,37.25,1643000,37.349998474121094,37.29999923706055,29.194141387939453
25-07-2014,36.91999816894531,37.220001220703125,1369800,37.470001220703125,36.939998626708984,28.912384033203125
28-07-2014,36.93000030517578,36.959999084472656,3190500,37.90999984741211,37.790000915527344,29.577674865722656
29-07-2014,37.060001373291016,37.630001068115234,3505100,37.869998931884766,37.060001373291016,29.00630760192871
30-07-2014,36.029998779296875,37.13999938964844,3957000,37.189998626708984,36.09000015258789,28.247102737426758
31-07-2014,35.11000061035156,35.849998474121094,4994700,35.900001525878906,35.16999816894531,27.527027130126953
01-08-2014,35.18000030517578,35.189998626708984,3792300,35.790000915527344,35.4900016784668,27.777498245239258
04-08-2014,34.5,35.4900016784668,5596500,35.52000045776367,35.29999923706055,27.628782272338867
05-08-2014,34.540000915527344,35.29999923706055,4647400,35.41999816894531,34.70000076293945,27.159168243408203
06-08-2014,34.04999923706055,34.529998779296875,6704500,34.56999969482422,34.150001525878906,26.728694915771484
07-08-2014,34.34000015258789,34.36000061035156,3718000,34.810001373291016,34.709999084472656,27.166988372802734
08-08-2014,34.7599983215332,34.7599983215332,4117200,35.560001373291016,35.540000915527344,27.81662940979004
11-08-2014,35.40999984741211,35.56999969482422,3069800,35.79999923706055,35.529998779296875,27.808794021606445
12-08-2014,35.34000015258789,35.439998626708984,2146700,35.68000030517578,35.52000045776367,27.800973892211914
13-08-2014,35.2400016784668,35.52000045776367,3422300,35.720001220703125,35.27000045776367,27.605297088623047
14-08-2014,35.33000183105469,35.36000061035156,2530900,35.68000030517578,35.5,27.785316467285156
15-08-2014,35.290000915527344,35.529998779296875,4321000,35.900001525878906,35.529998779296875,27.808794021606445
18-08-2014,35.380001068115234,35.650001525878906,2623600,35.869998931884766,35.439998626708984,27.73835563659668
19-08-2014,35.43000030517578,35.560001373291016,2905100,36.029998779296875,35.9900016784668,28.168834686279297
20-08-2014,35.900001525878906,36.130001068115234,1850300,36.25,36.189998626708984,28.325366973876953
21-08-2014,36.20000076293945,36.2400016784668,3456600,36.56999969482422,36.45000076293945,28.528871536254883
22-08-2014,36.08000183105469,36.5,2312500,36.61000061035156,36.380001068115234,28.474077224731445
25-08-2014,36.41999816894531,36.47999954223633,2296500,36.88999938964844,36.7599983215332,28.771493911743164
26-08-2014,36.290000915527344,36.779998779296875,2410200,37.0,36.33000183105469,28.434947967529297
27-08-2014,36.36000061035156,36.380001068115234,2701700,36.880001068115234,36.84000015258789,28.83411407470703
28-08-2014,36.66999816894531,36.70000076293945,1606900,37.04999923706055,37.02000045776367,28.974994659423828
29-08-2014,36.959999084472656,37.02000045776367,2267300,37.40999984741211,37.38999938964844,29.264598846435547
02-09-2014,36.40999984741211,37.279998779296875,3750800,37.36000061035156,36.58000183105469,28.630619049072266
03-09-2014,36.040000915527344,36.27000045776367,3607600,36.720001220703125,36.560001373291016,28.90735626220703
04-09-2014,36.45000076293945,36.4900016784668,2139200,36.72999954223633,36.630001068115234,28.962705612182617
05-09-2014,36.619998931884766,36.70000076293945,2026400,37.209999084472656,37.189998626708984,29.405479431152344
08-09-2014,36.849998474121094,37.22999954223633,2589600,37.22999954223633,37.04999923706055,29.29478645324707
09-09-2014,36.61000061035156,36.86000061035156,3815800,36.97999954223633,36.619998931884766,28.95479393005371
10-09-2014,36.349998474121094,36.56999969482422,3163500,36.65999984741211,36.5099983215332,28.867816925048828
11-09-2014,36.38999938964844,36.52000045776367,3392600,37.2599983215332,37.220001220703125,29.4292049407959
12-09-2014,36.540000915527344,37.029998779296875,5132400,37.029998779296875,36.709999084472656,29.02596092224121
15-09-2014,36.779998779296875,36.790000915527344,2057500,37.06999969482422,36.93000030517578,29.199913024902344
16-09-2014,36.77000045776367,36.849998474121094,4644400,37.9900016784668,37.959999084472656,30.014310836791992
17-09-2014,37.65999984741211,38.04999923706055,3217500,38.20000076293945,37.88999938964844,29.958959579467773
18-09-2014,37.54999923706055,37.869998931884766,2612400,38.25,37.7599983215332,29.85618019104004
19-09-2014,37.7599983215332,37.97999954223633,3911700,38.31999969482422,38.29999923706055,30.283138275146484
22-09-2014,37.560001373291016,37.66999816894531,3786900,38.16999816894531,38.0099983215332,30.05384635925293
23-09-2014,37.63999938964844,37.93000030517578,4638900,37.939998626708984,37.70000076293945,29.808734893798828
24-09-2014,37.56999969482422,37.75,3969100,37.790000915527344,37.689998626708984,29.80082893371582
25-09-2014,37.59000015258789,37.720001220703125,3853200,37.93000030517578,37.599998474121094,29.729660034179688
26-09-2014,37.27000045776367,37.58000183105469,2290100,37.779998779296875,37.59000015258789,29.721759796142578
29-09-2014,37.369998931884766,37.45000076293945,2417300,37.68000030517578,37.650001525878906,29.769203186035156
30-09-2014,37.13999938964844,37.689998626708984,5007500,38.04999923706055,37.2400016784668,29.445018768310547
01-10-2014,37.15999984741211,37.290000915527344,3123800,37.779998779296875,37.290000915527344,29.484556198120117
02-10-2014,37.15999984741211,37.189998626708984,2666700,37.540000915527344,37.2599983215332,29.460834503173828
03-10-2014,36.959999084472656,37.31999969482422,2805400,37.36000061035156,37.2599983215332,29.460834503173828
06-10-2014,37.16999816894531,37.5,2037900,37.630001068115234,37.40999984741211,29.579439163208008
07-10-2014,37.220001220703125,37.310001373291016,4509800,37.84000015258789,37.33000183105469,29.516185760498047
08-10-2014,37.369998931884766,37.40999984741211,3840000,38.38999938964844,38.33000183105469,30.306865692138672
09-10-2014,37.63999938964844,38.349998474121094,3292200,38.7400016784668,37.63999938964844,29.76128578186035
10-10-2014,37.75,37.86000061035156,5975600,38.470001220703125,37.970001220703125,30.022218704223633
13-10-2014,37.7599983215332,37.79999923706055,3770300,38.47999954223633,38.04999923706055,30.085477828979492
14-10-2014,38.18000030517578,38.400001525878906,4655700,39.470001220703125,38.689998626708984,30.59151268005371
15-10-2014,36.720001220703125,38.43000030517578,5725800,38.86000061035156,37.41999816894531,29.587339401245117
16-10-2014,36.369998931884766,36.810001373291016,4047200,37.380001068115234,37.220001220703125,29.4292049407959
17-10-2014,36.880001068115234,37.65999984741211,2577700,38.189998626708984,37.5,29.650598526000977
20-10-2014,37.529998779296875,37.529998779296875,2080200,38.220001220703125,38.15999984741211,30.172447204589844
21-10-2014,38.040000915527344,38.25,2827900,38.77000045776367,38.7599983215332,30.646860122680664
22-10-2014,38.58000183105469,38.7400016784668,2232300,39.2400016784668,38.86000061035156,30.72592544555664
23-10-2014,38.54999923706055,39.040000915527344,2349500,39.189998626708984,38.869998931884766,30.733821868896484
24-10-2014,38.93000030517578,38.93000030517578,2709200,39.650001525878906,39.56999969482422,31.28731346130371
27-10-2014,39.279998779296875,39.52000045776367,2328100,39.75,39.459999084472656,31.20032501220703
28-10-2014,38.970001220703125,39.47999954223633,3629900,39.59000015258789,39.56999969482422,31.28731346130371
29-10-2014,38.91999816894531,39.63999938964844,2429400,39.779998779296875,39.470001220703125,31.208251953125
30-10-2014,39.7599983215332,39.7599983215332,4519100,40.7400016784668,40.72999954223633,32.20450973510742
31-10-2014,40.7599983215332,41.099998474121094,4559500,41.630001068115234,41.310001373291016,32.663089752197266
03-11-2014,41.220001220703125,41.34000015258789,2735400,41.939998626708984,41.619998931884766,32.90821075439453
04-11-2014,41.060001373291016,41.689998626708984,2404100,41.869998931884766,41.16999816894531,32.55239486694336
05-11-2014,41.31999969482422,41.40999984741211,6339100,42.060001373291016,41.970001220703125,33.1849479675293
06-11-2014,40.689998626708984,41.880001068115234,6096200,41.880001068115234,40.720001220703125,32.19658279418945
07-11-2014,40.75,40.810001373291016,4904700,41.150001525878906,41.099998474121094,32.49705505371094
10-11-2014,40.90999984741211,41.060001373291016,4773600,41.470001220703125,41.459999084472656,32.781707763671875
11-11-2014,40.810001373291016,41.459999084472656,3441400,41.470001220703125,40.95000076293945,32.37845993041992
12-11-2014,39.65999984741211,40.630001068115234,6446500,40.90999984741211,39.720001220703125,31.40591812133789
13-11-2014,39.18000030517578,39.84000015258789,4168600,39.849998474121094,39.279998779296875,31.058012008666992
14-11-2014,39.040000915527344,39.18000030517578,3460100,39.5,39.47999954223633,31.216144561767578
17-11-2014,39.43000030517578,39.47999954223633,5050800,40.47999954223633,40.459999084472656,31.991012573242188
18-11-2014,40.2599983215332,40.540000915527344,3036600,40.86000061035156,40.58000183105469,32.08589172363281
19-11-2014,40.220001220703125,40.459999084472656,2676300,40.77000045776367,40.54999923706055,32.06218719482422
20-11-2014,40.38999938964844,40.41999816894531,2308200,40.83000183105469,40.630001068115234,32.12543869018555
21-11-2014,40.58000183105469,41.06999969482422,2698800,41.189998626708984,41.0,32.4179801940918
24-11-2014,40.58000183105469,40.97999954223633,3430300,41.09000015258789,40.709999084472656,32.188690185546875
25-11-2014,40.459999084472656,40.77000045776367,4049300,41.02000045776367,40.880001068115234,32.3231086730957
26-11-2014,40.95000076293945,40.97999954223633,2212800,41.25,41.209999084472656,32.58403778076172
28-11-2014,41.209999084472656,41.25,1555200,41.849998474121094,41.779998779296875,33.03471755981445
01-12-2014,41.29999923706055,41.4900016784668,3445900,41.90999984741211,41.630001068115234,32.9161262512207
02-12-2014,41.060001373291016,41.45000076293945,4627600,41.65999984741211,41.439998626708984,32.7658805847168
03-12-2014,40.65999984741211,41.380001068115234,6782900,41.529998779296875,41.13999938964844,32.528682708740234
04-12-2014,40.90999984741211,41.220001220703125,2853100,41.540000915527344,41.029998779296875,32.441707611083984
05-12-2014,40.560001373291016,40.65999984741211,4540100,41.20000076293945,40.93000030517578,32.36263656616211
08-12-2014,40.599998474121094,40.65999984741211,3399900,41.209999084472656,41.18000030517578,32.85734176635742
09-12-2014,40.869998931884766,40.93000030517578,2952300,41.459999084472656,41.439998626708984,33.06478500366211
10-12-2014,40.88999938964844,41.470001220703125,3382400,41.849998474121094,40.939998626708984,32.665836334228516
11-12-2014,41.060001373291016,41.060001373291016,2817900,41.86000061035156,41.560001373291016,33.16054153442383
12-12-2014,40.709999084472656,41.29999923706055,3143000,41.63999938964844,40.7400016784668,32.506263732910156
15-12-2014,40.310001373291016,40.83000183105469,3672600,41.2599983215332,40.54999923706055,32.35466766357422
16-12-2014,40.310001373291016,40.560001373291016,3444800,41.22999954223633,40.459999084472656,32.28284454345703
17-12-2014,40.540000915527344,40.540000915527344,2876000,41.77000045776367,41.66999816894531,33.248294830322266
18-12-2014,41.68000030517578,41.939998626708984,3181400,42.279998779296875,42.27000045776367,33.72703170776367
19-12-2014,42.0,42.470001220703125,5612500,42.70000076293945,42.06999969482422,33.56746292114258
22-12-2014,41.470001220703125,42.16999816894531,3152400,42.189998626708984,41.939998626708984,33.46373748779297
23-12-2014,41.59000015258789,42.130001068115234,3135200,42.150001525878906,41.9900016784668,33.50362777709961
24-12-2014,42.040000915527344,42.040000915527344,2467100,42.970001220703125,42.709999084472656,34.07811737060547
26-12-2014,42.84000015258789,42.91999816894531,2418400,43.36000061035156,43.15999984741211,34.437164306640625
29-12-2014,43.060001373291016,43.15999984741211,3878200,43.77000045776367,43.529998779296875,34.732383728027344
30-12-2014,42.43000030517578,43.400001525878906,2191200,43.400001525878906,42.529998779296875,33.93449783325195
31-12-2014,41.36000061035156,42.7599983215332,3292700,42.849998474121094,41.40999984741211,33.04084777832031
02-01-2015,41.290000915527344,41.5,2924800,41.95000076293945,41.900001525878906,33.43182373046875
05-01-2015,40.63999938964844,41.4900016784668,3519300,41.79999923706055,40.880001068115234,32.61796951293945
06-01-2015,40.900001525878906,41.02000045776367,4450200,41.939998626708984,40.93000030517578,32.65786361694336
07-01-2015,40.790000915527344,41.119998931884766,5295600,41.70000076293945,41.560001373291016,33.16054153442383
08-01-2015,41.63999938964844,41.77000045776367,3345700,42.11000061035156,41.91999816894531,33.44778060913086
09-01-2015,41.20000076293945,42.04999923706055,2233600,42.04999923706055,41.33000183105469,32.97701644897461
12-01-2015,41.04999923706055,41.619998931884766,2924000,41.70000076293945,41.38999938964844,33.02488708496094
13-01-2015,41.630001068115234,41.7400016784668,3317600,42.68000030517578,41.90999984741211,33.43980026245117
14-01-2015,41.439998626708984,41.72999954223633,2849200,42.31999969482422,42.290000915527344,33.74299621582031
15-01-2015,42.060001373291016,42.310001373291016,1954300,42.86000061035156,42.65999984741211,34.03821563720703
16-01-2015,42.75,42.779998779296875,3212100,43.56999969482422,43.54999923706055,34.74835205078125
20-01-2015,43.0099983215332,43.7400016784668,2381900,43.790000915527344,43.470001220703125,34.684513092041016
21-01-2015,43.02000045776367,43.279998779296875,3858700,44.369998931884766,44.29999923706055,35.34676742553711
22-01-2015,43.540000915527344,44.31999969482422,3711200,44.45000076293945,43.81999969482422,34.963768005371094
23-01-2015,43.81999969482422,43.939998626708984,2160600,44.369998931884766,44.0,35.10740280151367
26-01-2015,43.279998779296875,43.91999816894531,1977000,43.93000030517578,43.810001373291016,34.9557991027832
27-01-2015,43.29999923706055,43.599998474121094,1773400,44.029998779296875,43.77000045776367,34.923885345458984
28-01-2015,43.119998931884766,43.709999084472656,2729400,44.220001220703125,43.220001220703125,34.48504638671875
29-01-2015,43.06999969482422,43.22999954223633,4444800,43.9900016784668,43.86000061035156,34.99569320678711
30-01-2015,42.63999938964844,43.630001068115234,3181400,43.7599983215332,42.68000030517578,34.05418014526367
02-02-2015,41.689998626708984,42.630001068115234,4074100,42.810001373291016,42.61000061035156,33.99832534790039
03-02-2015,42.349998474121094,42.599998474121094,3291400,43.2400016784668,43.20000076293945,34.46908950805664
04-02-2015,42.119998931884766,43.0,3717000,43.220001220703125,42.18000030517578,33.65523147583008
05-02-2015,42.25,42.529998779296875,2113700,42.970001220703125,42.86000061035156,34.19779586791992
06-02-2015,40.29999923706055,42.5099983215332,3887000,42.52000045776367,40.59000015258789,32.386573791503906
09-02-2015,40.02000045776367,40.47999954223633,3792900,40.790000915527344,40.27000045776367,32.131248474121094
10-02-2015,40.2599983215332,40.310001373291016,3770100,41.060001373291016,40.95000076293945,32.67382049560547
11-02-2015,39.95000076293945,40.70000076293945,2707300,40.72999954223633,40.09000015258789,31.987619400024414
12-02-2015,39.689998626708984,40.25,3305100,40.25,39.779998779296875,31.740278244018555
13-02-2015,39.0,39.70000076293945,2630000,39.7599983215332,39.36000061035156,31.405170440673828
17-02-2015,39.029998779296875,39.36000061035156,4991500,39.84000015258789,39.650001525878906,31.636552810668945
18-02-2015,39.529998779296875,39.529998779296875,3191700,40.619998931884766,40.540000915527344,32.346675872802734
19-02-2015,40.13999938964844,40.540000915527344,2943000,40.79999923706055,40.279998779296875,32.139225006103516
20-02-2015,40.689998626708984,41.47999954223633,5559100,42.0,41.630001068115234,33.216392517089844
23-02-2015,41.630001068115234,41.63999938964844,4876900,42.66999816894531,42.599998474121094,33.99034118652344
24-02-2015,42.63999938964844,42.68000030517578,4772000,43.689998626708984,43.15999984741211,34.437164306640625
25-02-2015,42.119998931884766,43.279998779296875,3866700,43.33000183105469,42.22999954223633,33.69512176513672
26-02-2015,42.04999923706055,42.369998931884766,3750200,42.689998626708984,42.209999084472656,33.67916488647461
27-02-2015,41.720001220703125,42.150001525878906,3901400,42.22999954223633,42.060001373291016,33.559486389160156
02-03-2015,40.560001373291016,42.0,4593200,42.2400016784668,40.939998626708984,32.665836334228516
03-03-2015,40.77000045776367,40.939998626708984,5028200,41.959999084472656,41.93000030517578,33.455753326416016
04-03-2015,40.93000030517578,41.709999084472656,4557500,41.72999954223633,41.33000183105469,32.97701644897461
05-03-2015,41.29999923706055,41.540000915527344,3502500,41.95000076293945,41.45000076293945,33.0727653503418
06-03-2015,39.529998779296875,40.709999084472656,5304100,40.709999084472656,39.630001068115234,31.920940399169922
09-03-2015,39.619998931884766,39.66999816894531,3810500,40.119998931884766,39.81999969482422,32.073970794677734
10-03-2015,39.58000183105469,39.7599983215332,3862000,40.540000915527344,40.060001373291016,32.26730728149414
11-03-2015,39.7599983215332,39.97999954223633,4315400,40.310001373291016,40.220001220703125,32.39616775512695
12-03-2015,40.25,40.43000030517578,3272300,41.060001373291016,40.849998474121094,32.90361404418945
13-03-2015,40.099998474121094,40.81999969482422,3168400,40.81999969482422,40.54999923706055,32.6619758605957
16-03-2015,40.599998474121094,40.630001068115234,2601200,41.529998779296875,41.22999954223633,33.209693908691406
17-03-2015,41.04999923706055,41.06999969482422,2141900,41.540000915527344,41.2400016784668,33.21774673461914
18-03-2015,40.9900016784668,41.2400016784668,3787800,42.59000015258789,42.220001220703125,34.00711441040039
19-03-2015,41.529998779296875,42.0,2956100,42.400001525878906,41.869998931884766,33.725189208984375
20-03-2015,41.70000076293945,42.06999969482422,4304900,42.369998931884766,42.11000061035156,33.918514251708984
23-03-2015,42.130001068115234,42.13999938964844,2586800,42.59000015258789,42.45000076293945,34.1923828125
24-03-2015,41.70000076293945,42.36000061035156,1914500,42.63999938964844,41.81999969482422,33.6849250793457
25-03-2015,41.47999954223633,41.93000030517578,2814700,42.130001068115234,41.5,33.42716598510742
26-03-2015,40.959999084472656,41.470001220703125,1934000,41.779998779296875,41.18000030517578,33.1694221496582
27-03-2015,41.0,41.16999816894531,1781400,41.709999084472656,41.33000183105469,33.29023742675781
30-03-2015,41.2400016784668,41.459999084472656,1743500,42.099998474121094,41.970001220703125,33.80574417114258
31-03-2015,41.560001373291016,42.029998779296875,2913700,42.189998626708984,41.91999816894531,33.76547622680664
01-04-2015,40.599998474121094,41.25,4105800,41.45000076293945,41.2599983215332,33.23385238647461
02-04-2015,41.27000045776367,41.279998779296875,3980700,41.7400016784668,41.34000015258789,33.29829406738281
06-04-2015,41.439998626708984,41.459999084472656,3198200,42.810001373291016,42.400001525878906,34.152103424072266
07-04-2015,41.7400016784668,42.5,2372900,42.54999923706055,41.84000015258789,33.7010383605957
08-04-2015,41.459999084472656,41.779998779296875,2025600,41.9900016784668,41.70000076293945,33.58827590942383
09-04-2015,41.20000076293945,41.619998931884766,2352600,41.66999816894531,41.27000045776367,33.241912841796875
10-04-2015,41.279998779296875,41.34000015258789,1971600,41.97999954223633,41.66999816894531,33.5640983581543
13-04-2015,40.90999984741211,41.59000015258789,1628200,41.709999084472656,40.97999954223633,33.008323669433594
14-04-2015,41.0099983215332,41.060001373291016,1425600,41.4900016784668,41.25,33.225807189941406
15-04-2015,41.189998626708984,41.349998474121094,1276000,41.93000030517578,41.2599983215332,33.23385238647461
16-04-2015,40.650001525878906,41.2400016784668,2423700,41.54999923706055,41.31999969482422,33.282188415527344
17-04-2015,40.75,41.09000015258789,1919200,41.459999084472656,40.97999954223633,33.008323669433594
20-04-2015,41.02000045776367,41.099998474121094,2127400,42.099998474121094,41.81999969482422,33.6849250793457
21-04-2015,41.09000015258789,41.86000061035156,2713500,42.16999816894531,41.209999084472656,33.19358825683594
22-04-2015,41.36000061035156,41.529998779296875,2606500,42.0099983215332,41.849998474121094,33.70909118652344
23-04-2015,41.7599983215332,41.88999938964844,2313200,42.099998474121094,41.959999084472656,33.797698974609375
24-04-2015,41.709999084472656,41.869998931884766,2898600,42.54999923706055,42.290000915527344,34.06349182128906
27-04-2015,41.310001373291016,42.5,2608100,42.54999923706055,41.599998474121094,33.50771713256836
28-04-2015,41.220001220703125,41.4900016784668,2022900,42.04999923706055,42.040000915527344,33.862125396728516
29-04-2015,41.459999084472656,41.84000015258789,1973900,42.0099983215332,41.81999969482422,33.6849250793457
30-04-2015,41.02000045776367,41.68000030517578,4176000,41.77000045776367,41.540000915527344,33.45939254760742
01-05-2015,41.099998474121094,41.34000015258789,2736000,41.9900016784668,41.959999084472656,33.797698974609375
04-05-2015,41.939998626708984,42.02000045776367,3347600,42.93000030517578,42.689998626708984,34.38568878173828
05-05-2015,41.540000915527344,42.5099983215332,4280300,42.560001373291016,41.560001373291016,33.47550582885742
06-05-2015,41.22999954223633,41.72999954223633,3426000,41.869998931884766,41.7400016784668,33.6204948425293
07-05-2015,41.7599983215332,41.93000030517578,2903000,42.369998931884766,41.959999084472656,33.797698974609375
08-05-2015,41.84000015258789,42.45000076293945,3851600,42.68000030517578,42.060001373291016,33.87824249267578
11-05-2015,41.90999984741211,42.0,3863100,42.47999954223633,42.04999923706055,33.870182037353516
12-05-2015,41.470001220703125,41.81999969482422,2733900,41.970001220703125,41.88999938964844,33.74131774902344
13-05-2015,41.45000076293945,42.0,2726200,42.20000076293945,41.68000030517578,33.57216262817383
14-05-2015,41.849998474121094,41.95000076293945,3172300,42.310001373291016,42.279998779296875,34.055442810058594
15-05-2015,42.27000045776367,42.459999084472656,3518800,42.83000183105469,42.540000915527344,34.26486587524414
18-05-2015,42.22999954223633,42.34000015258789,2422300,42.68000030517578,42.630001068115234,34.33735656738281
19-05-2015,42.2400016784668,42.40999984741211,3019900,43.09000015258789,43.029998779296875,34.65955352783203
20-05-2015,42.83000183105469,43.04999923706055,3496000,43.52000045776367,43.33000183105469,34.90119171142578
21-05-2015,43.150001525878906,43.31999969482422,3020900,43.779998779296875,43.7599983215332,35.24753952026367
22-05-2015,43.38999938964844,43.619998931884766,3076600,43.970001220703125,43.86000061035156,35.32808303833008
26-05-2015,42.9900016784668,43.7400016784668,2896200,43.7400016784668,43.119998931884766,34.7320442199707
27-05-2015,43.04999923706055,43.29999923706055,3912700,43.38999938964844,43.25,34.83675765991211
28-05-2015,42.81999969482422,43.15999984741211,3190400,43.380001068115234,43.04999923706055,34.6756706237793
29-05-2015,42.5099983215332,43.060001373291016,5333000,43.13999938964844,42.630001068115234,34.33735656738281
01-06-2015,42.529998779296875,42.77000045776367,2780800,43.209999084472656,42.90999984741211,34.56289291381836
02-06-2015,42.040000915527344,42.65999984741211,2812300,42.75,42.290000915527344,34.06349182128906
03-06-2015,41.04999923706055,42.279998779296875,3373600,42.36000061035156,41.34000015258789,33.29829406738281
04-06-2015,40.81999969482422,41.20000076293945,2952600,41.5,40.90999984741211,32.95193862915039
05-06-2015,40.06999969482422,40.369998931884766,4170800,40.470001220703125,40.40999984741211,32.862483978271484
08-06-2015,40.13999938964844,40.31999969482422,3397100,40.470001220703125,40.13999938964844,32.642921447753906
09-06-2015,40.02000045776367,40.099998474121094,2624500,40.38999938964844,40.13999938964844,32.642921447753906
10-06-2015,40.220001220703125,40.369998931884766,3471800,40.72999954223633,40.2400016784668,32.724246978759766
11-06-2015,40.16999816894531,40.45000076293945,3673100,40.63999938964844,40.400001525878906,32.85436248779297
12-06-2015,39.66999816894531,40.18000030517578,1877900,40.34000015258789,39.70000076293945,32.28509521484375
15-06-2015,39.5099983215332,39.68000030517578,2691300,40.220001220703125,40.0099983215332,32.53719711303711
16-06-2015,39.61000061035156,39.880001068115234,1933200,40.220001220703125,40.189998626708984,32.68357467651367
17-06-2015,40.0099983215332,40.33000183105469,2746600,40.52000045776367,40.4900016784668,32.92754364013672
18-06-2015,40.41999816894531,40.439998626708984,3438100,41.290000915527344,41.18000030517578,33.488677978515625
19-06-2015,40.97999954223633,41.130001068115234,3640500,41.41999816894531,40.9900016784668,33.33416748046875
22-06-2015,40.619998931884766,41.099998474121094,2506500,41.20000076293945,40.720001220703125,33.11458969116211
23-06-2015,40.099998474121094,40.95000076293945,2207600,41.04999923706055,40.16999816894531,32.66731643676758
24-06-2015,39.61000061035156,40.18000030517578,3326800,40.310001373291016,39.61000061035156,32.2119140625
25-06-2015,39.029998779296875,39.810001373291016,3999300,39.970001220703125,39.13999938964844,31.82968521118164
26-06-2015,38.93000030517578,39.099998474121094,4075200,39.619998931884766,39.59000015258789,32.19564437866211
29-06-2015,39.189998626708984,39.4900016784668,4046800,40.20000076293945,39.220001220703125,31.894750595092773
30-06-2015,39.11000061035156,39.4900016784668,3943600,39.5,39.279998779296875,31.943546295166016
01-07-2015,39.20000076293945,39.34000015258789,2580100,39.529998779296875,39.45000076293945,32.0817985534668
02-07-2015,39.70000076293945,39.70000076293945,2732300,40.20000076293945,39.939998626708984,32.48027420043945
06-07-2015,39.720001220703125,39.779998779296875,2647200,40.380001068115234,40.33000183105469,32.79743194580078
07-07-2015,40.52000045776367,40.58000183105469,3834800,41.779998779296875,41.63999938964844,33.862754821777344
08-07-2015,41.25,41.52000045776367,4249300,41.81999969482422,41.380001068115234,33.65131759643555
09-07-2015,40.9900016784668,41.5,3297800,41.81999969482422,41.20000076293945,33.50493621826172
10-07-2015,41.0,41.18000030517578,3190000,41.63999938964844,41.2599983215332,33.5537223815918
13-07-2015,40.65999984741211,41.439998626708984,1955300,41.439998626708984,40.97999954223633,33.326026916503906
14-07-2015,40.75,40.970001220703125,2457000,41.34000015258789,40.880001068115234,33.24470138549805
15-07-2015,40.63999938964844,40.88999938964844,2335700,41.04999923706055,41.04999923706055,33.38294982910156
16-07-2015,41.04999923706055,41.08000183105469,1813100,41.91999816894531,41.88999938964844,34.06606674194336
17-07-2015,41.29999923706055,41.900001525878906,2521100,41.900001525878906,41.40999984741211,33.67572021484375
20-07-2015,41.09000015258789,41.380001068115234,2926000,41.470001220703125,41.34000015258789,33.618797302246094
21-07-2015,40.290000915527344,41.22999954223633,2835100,41.31999969482422,40.4900016784668,32.92754364013672
22-07-2015,40.5,40.59000015258789,3166600,41.0099983215332,40.7599983215332,33.147117614746094
23-07-2015,39.40999984741211,40.72999954223633,3137500,40.72999954223633,39.7599983215332,32.333892822265625
24-07-2015,39.650001525878906,39.79999923706055,2228200,39.939998626708984,39.779998779296875,32.350154876708984
27-07-2015,39.779998779296875,39.790000915527344,2535500,40.369998931884766,40.189998626708984,32.68357467651367
28-07-2015,39.97999954223633,40.189998626708984,3304800,40.45000076293945,40.29999923706055,32.77303695678711
29-07-2015,39.95000076293945,40.209999084472656,3357000,40.720001220703125,40.68000030517578,33.082061767578125
30-07-2015,40.38999938964844,40.470001220703125,3429300,41.310001373291016,41.2599983215332,33.5537223815918
31-07-2015,41.040000915527344,41.43000030517578,4065700,42.119998931884766,41.66999816894531,33.88715362548828
03-08-2015,41.400001525878906,41.83000183105469,2616700,41.970001220703125,41.630001068115234,33.85463333129883
04-08-2015,40.56999969482422,41.5099983215332,2449800,41.5099983215332,40.63999938964844,33.04953384399414
05-08-2015,40.75,40.869998931884766,3598400,41.290000915527344,41.189998626708984,33.496803283691406
06-08-2015,40.720001220703125,41.150001525878906,3792400,41.650001525878906,41.599998474121094,33.83022689819336
07-08-2015,41.279998779296875,41.52000045776367,3227200,42.5099983215332,42.439998626708984,34.513336181640625
10-08-2015,41.72999954223633,42.38999938964844,2802300,42.4900016784668,41.91999816894531,34.0904655456543
11-08-2015,41.86000061035156,41.90999984741211,3947800,42.790000915527344,42.470001220703125,34.53773498535156
12-08-2015,42.25,42.349998474121094,5337600,43.099998474121094,42.5,34.562129974365234
13-08-2015,41.79999923706055,42.29999923706055,4100100,42.529998779296875,42.310001373291016,34.40761947631836
14-08-2015,42.150001525878906,42.27000045776367,2044600,42.939998626708984,42.90999984741211,34.89555358886719
17-08-2015,42.77000045776367,42.849998474121094,2531200,43.349998474121094,43.150001525878906,35.090728759765625
18-08-2015,42.70000076293945,43.0,2151500,43.06999969482422,43.029998779296875,34.9931526184082
19-08-2015,42.61000061035156,42.869998931884766,2368800,43.66999816894531,43.47999954223633,35.359092712402344
20-08-2015,42.900001525878906,43.15999984741211,3199600,43.90999984741211,43.20000076293945,35.13139343261719
21-08-2015,42.02000045776367,42.959999084472656,4782700,43.18000030517578,42.040000915527344,34.18805694580078
24-08-2015,40.380001068115234,41.0,6306700,41.540000915527344,40.650001525878906,33.05766296386719
25-08-2015,39.70000076293945,41.41999816894531,6200900,41.900001525878906,39.88999938964844,32.43960952758789
26-08-2015,39.56999969482422,40.2400016784668,4789300,40.439998626708984,40.27000045776367,32.74863815307617
27-08-2015,40.22999954223633,40.5099983215332,2767400,40.95000076293945,40.939998626708984,33.29349899291992
28-08-2015,39.7400016784668,40.810001373291016,3941100,40.880001068115234,40.52000045776367,32.951942443847656
31-08-2015,39.63999938964844,40.36000061035156,4389100,40.4900016784668,40.25,32.73236846923828
01-09-2015,38.65999984741211,39.72999954223633,5049800,39.939998626708984,38.97999954223633,31.69957160949707
02-09-2015,38.599998474121094,39.31999969482422,4058200,39.41999816894531,38.95000076293945,31.675189971923828
03-09-2015,39.0,39.15999984741211,2743600,39.58000183105469,39.36000061035156,32.00860595703125
04-09-2015,38.15999984741211,38.63999938964844,2545000,38.81999969482422,38.36000061035156,31.507570266723633
08-09-2015,38.619998931884766,38.869998931884766,2799600,39.189998626708984,39.099998474121094,32.115379333496094
09-09-2015,38.560001373291016,39.41999816894531,2847900,39.41999816894531,38.63999938964844,31.7375545501709
10-09-2015,38.58000183105469,38.63999938964844,2914100,39.279998779296875,38.880001068115234,31.93468475341797
11-09-2015,38.56999969482422,38.70000076293945,3014400,39.33000183105469,39.31999969482422,32.29607391357422
14-09-2015,39.15999984741211,39.31999969482422,1871500,39.709999084472656,39.29999923706055,32.279640197753906
15-09-2015,39.060001373291016,39.36000061035156,2438500,39.630001068115234,39.59000015258789,32.51784896850586
16-09-2015,39.45000076293945,39.56999969482422,2211200,40.29999923706055,40.150001525878906,32.97781753540039
17-09-2015,39.810001373291016,40.119998931884766,2867200,41.15999984741211,40.599998474121094,33.34743118286133
18-09-2015,40.2599983215332,40.599998474121094,4978700,40.880001068115234,40.34000015258789,33.133872985839844
21-09-2015,40.33000183105469,40.59000015258789,4031800,40.849998474121094,40.61000061035156,33.35564041137695
22-09-2015,39.540000915527344,40.45000076293945,5109900,40.7400016784668,39.66999816894531,32.583553314208984
23-09-2015,39.5099983215332,39.72999954223633,3038700,40.150001525878906,39.939998626708984,32.80533218383789
24-09-2015,39.68000030517578,39.77000045776367,4995500,40.279998779296875,40.150001525878906,32.97781753540039
25-09-2015,40.08000183105469,40.38999938964844,4223400,41.380001068115234,40.88999938964844,33.58562469482422
28-09-2015,40.310001373291016,40.810001373291016,4409800,41.04999923706055,40.59000015258789,33.339210510253906
29-09-2015,40.560001373291016,40.58000183105469,3642800,41.13999938964844,40.90999984741211,33.6020393371582
30-09-2015,40.97999954223633,41.119998931884766,4322000,42.18000030517578,42.15999984741211,34.628753662109375
01-10-2015,41.130001068115234,42.15999984741211,3751700,42.290000915527344,41.34000015258789,33.955238342285156
02-10-2015,41.310001373291016,41.619998931884766,3113900,42.349998474121094,42.349998474121094,34.78481674194336
05-10-2015,42.27000045776367,42.4900016784668,2713200,42.84000015258789,42.72999954223633,35.096923828125
06-10-2015,42.18000030517578,42.68000030517578,3332100,42.939998626708984,42.880001068115234,35.22012710571289
07-10-2015,42.22999954223633,42.91999816894531,3425100,43.0,42.33000183105469,34.76839065551758
08-10-2015,42.029998779296875,42.20000076293945,3222000,42.95000076293945,42.900001525878906,35.23656463623047
09-10-2015,42.130001068115234,42.900001525878906,2434500,43.0,42.29999923706055,34.74374771118164
12-10-2015,42.36000061035156,42.38999938964844,1977000,42.86000061035156,42.70000076293945,35.07229232788086
13-10-2015,42.40999984741211,42.70000076293945,2422300,42.97999954223633,42.529998779296875,34.93265914916992
14-10-2015,42.459999084472656,42.599998474121094,2139100,42.97999954223633,42.66999816894531,35.04765319824219
15-10-2015,42.54999923706055,42.70000076293945,2374800,43.41999816894531,43.34000015258789,35.59796905517578
16-10-2015,43.279998779296875,43.56999969482422,2250000,43.779998779296875,43.470001220703125,35.70474624633789
19-10-2015,43.20000076293945,43.459999084472656,3080000,43.939998626708984,43.88999938964844,36.04971694946289
20-10-2015,43.41999816894531,43.7400016784668,4403100,44.18000030517578,43.560001373291016,35.77867126464844
21-10-2015,43.11000061035156,43.72999954223633,2705900,44.09000015258789,43.18000030517578,35.466548919677734
22-10-2015,43.29999923706055,43.380001068115234,3987900,43.84000015258789,43.619998931884766,35.827945709228516
23-10-2015,42.54999923706055,43.470001220703125,3281300,43.61000061035156,42.65999984741211,35.039451599121094
26-10-2015,41.75,42.810001373291016,5431100,42.849998474121094,41.84000015258789,34.36592102050781
27-10-2015,41.56999969482422,41.84000015258789,2769000,42.04999923706055,41.779998779296875,34.31663513183594
28-10-2015,40.90999984741211,41.91999816894531,2282600,42.060001373291016,41.38999938964844,33.99630355834961
29-10-2015,40.52000045776367,41.20000076293945,4601900,41.47999954223633,41.439998626708984,34.03737258911133
30-10-2015,40.5,40.84000015258789,5091200,41.52000045776367,41.290000915527344,33.914180755615234
02-11-2015,40.470001220703125,41.2400016784668,6400000,41.790000915527344,40.619998931884766,33.36384963989258
03-11-2015,40.400001525878906,40.560001373291016,2794400,41.13999938964844,41.02000045776367,33.69239807128906
04-11-2015,40.790000915527344,40.86000061035156,2396500,41.209999084472656,41.09000015258789,33.749900817871094
05-11-2015,40.66999816894531,41.0099983215332,2634900,41.290000915527344,40.689998626708984,33.42134475708008
06-11-2015,38.52000045776367,40.220001220703125,4890800,40.220001220703125,38.65999984741211,31.75397300720215
09-11-2015,38.189998626708984,38.630001068115234,4190500,39.0099983215332,38.77000045776367,31.84432601928711
10-11-2015,38.7400016784668,38.81999969482422,2145800,39.22999954223633,38.90999984741211,31.959318161010742
11-11-2015,38.93000030517578,39.099998474121094,2200700,39.290000915527344,39.150001525878906,32.15644836425781
12-11-2015,38.779998779296875,39.06999969482422,2549600,39.529998779296875,38.97999954223633,32.01681137084961
13-11-2015,38.86000061035156,39.11000061035156,3239800,39.36000061035156,39.060001373291016,32.08251190185547
16-11-2015,38.95000076293945,39.09000015258789,2416300,39.880001068115234,39.880001068115234,32.756046295166016
17-11-2015,38.81999969482422,39.779998779296875,2739100,40.029998779296875,39.0099983215332,32.04145050048828
18-11-2015,38.13999938964844,38.9900016784668,5575200,39.04999923706055,38.97999954223633,32.01681137084961
19-11-2015,38.900001525878906,39.08000183105469,2945800,39.650001525878906,39.52000045776367,32.46035385131836
20-11-2015,39.54999923706055,39.65999984741211,2872500,40.099998474121094,39.66999816894531,32.583553314208984
23-11-2015,39.40999984741211,39.66999816894531,1785600,39.93000030517578,39.5,32.44391632080078
24-11-2015,38.880001068115234,39.20000076293945,2589400,39.33000183105469,39.189998626708984,32.18929672241211
25-11-2015,38.689998626708984,39.119998931884766,2357800,39.16999816894531,38.97999954223633,32.01681137084961
27-11-2015,39.0,39.0099983215332,930300,39.349998474121094,39.119998931884766,32.131805419921875
30-11-2015,39.060001373291016,39.13999938964844,2899200,39.4900016784668,39.099998474121094,32.115379333496094
01-12-2015,39.16999816894531,39.310001373291016,2697700,39.650001525878906,39.619998931884766,32.54248046875
02-12-2015,38.40999984741211,39.47999954223633,3018800,39.63999938964844,38.459999084472656,31.58971405029297
03-12-2015,37.91999816894531,38.2400016784668,3417500,38.599998474121094,38.15999984741211,31.343290328979492
04-12-2015,38.2400016784668,38.25,3372300,38.849998474121094,38.630001068115234,31.72933578491211
07-12-2015,37.66999816894531,38.290000915527344,3588700,38.5099983215332,38.06999969482422,31.58827781677246
08-12-2015,37.599998474121094,37.9900016784668,4134800,38.16999816894531,37.97999954223633,31.51360321044922
09-12-2015,37.68000030517578,37.90999984741211,3057900,38.599998474121094,38.20000076293945,31.696144104003906
10-12-2015,37.40999984741211,38.189998626708984,3483100,38.27000045776367,37.43000030517578,31.057254791259766
11-12-2015,36.97999954223633,37.380001068115234,3619800,37.7400016784668,37.02000045776367,30.717056274414062
14-12-2015,36.79999923706055,37.15999984741211,4068300,37.5099983215332,37.459999084472656,31.08213996887207
15-12-2015,36.970001220703125,37.5,4000600,37.560001373291016,37.11000061035156,30.791728973388672
16-12-2015,37.2599983215332,37.380001068115234,3735200,38.470001220703125,38.29999923706055,31.779123306274414
17-12-2015,37.84000015258789,38.27000045776367,2902300,38.439998626708984,38.11000061035156,31.621461868286133
18-12-2015,37.34000015258789,37.95000076293945,4648200,38.040000915527344,37.47999954223633,31.09873390197754
21-12-2015,37.52000045776367,37.68000030517578,2161500,37.95000076293945,37.72999954223633,31.30616569519043
22-12-2015,37.290000915527344,37.83000183105469,1792800,38.060001373291016,37.939998626708984,31.48041534423828
23-12-2015,38.0099983215332,38.0099983215332,1855900,38.79999923706055,38.65999984741211,32.077823638916016
24-12-2015,38.529998779296875,38.529998779296875,841000,38.720001220703125,38.599998474121094,32.02804183959961
28-12-2015,38.36000061035156,38.59000015258789,1723700,38.79999923706055,38.709999084472656,32.11931610107422
29-12-2015,38.59000015258789,38.84000015258789,2083900,39.09000015258789,39.04999923706055,32.401424407958984
30-12-2015,38.91999816894531,39.029998779296875,1573800,39.189998626708984,38.9900016784668,32.35164260864258
31-12-2015,38.18000030517578,38.90999984741211,2711200,38.95000076293945,38.689998626708984,32.10272216796875
04-01-2016,37.849998474121094,38.279998779296875,3633900,38.7400016784668,38.70000076293945,32.11103057861328
05-01-2016,38.040000915527344,38.72999954223633,2224600,38.9900016784668,38.93000030517578,32.30186080932617
06-01-2016,38.439998626708984,38.63999938964844,1852600,38.849998474121094,38.61000061035156,32.03633499145508
07-01-2016,38.02000045776367,38.15999984741211,3723900,38.91999816894531,38.810001373291016,32.20228576660156
08-01-2016,38.34000015258789,38.849998474121094,2691300,39.11000061035156,38.41999816894531,31.878690719604492
11-01-2016,38.31999969482422,38.43000030517578,2620100,38.869998931884766,38.599998474121094,32.02804183959961
12-01-2016,38.029998779296875,38.720001220703125,2993400,38.810001373291016,38.599998474121094,32.02804183959961
13-01-2016,38.400001525878906,38.630001068115234,3589300,39.310001373291016,38.779998779296875,32.17741012573242
14-01-2016,38.70000076293945,38.70000076293945,4830500,40.0,39.7400016784668,32.97395706176758
15-01-2016,38.93000030517578,39.220001220703125,5552200,39.66999816894531,39.599998474121094,32.857784271240234
19-01-2016,39.599998474121094,39.88999938964844,4471500,40.27000045776367,39.83000183105469,33.04863357543945
20-01-2016,38.13999938964844,39.650001525878906,3720500,39.88999938964844,38.970001220703125,32.33504867553711
21-01-2016,38.58000183105469,38.959999084472656,3720800,39.310001373291016,39.09000015258789,32.43462371826172
22-01-2016,39.099998474121094,39.470001220703125,4937800,40.16999816894531,39.869998931884766,33.08182144165039
25-01-2016,38.75,39.880001068115234,3862300,39.959999084472656,38.97999954223633,32.343345642089844
26-01-2016,38.939998626708984,39.060001373291016,2410800,39.70000076293945,39.380001068115234,32.67524337768555
27-01-2016,39.150001525878906,39.43000030517578,2224000,39.900001525878906,39.599998474121094,32.857784271240234
28-01-2016,39.36000061035156,39.709999084472656,2145300,40.68000030517578,40.369998931884766,33.49668884277344
29-01-2016,40.720001220703125,40.75,3503500,41.439998626708984,41.29999923706055,34.268348693847656
01-02-2016,40.88999938964844,41.15999984741211,3032700,41.58000183105469,41.380001068115234,34.33473205566406
02-02-2016,40.779998779296875,41.130001068115234,3350400,41.47999954223633,41.45000076293945,34.39281463623047
03-02-2016,41.560001373291016,41.689998626708984,3766800,42.41999816894531,42.150001525878906,34.973636627197266
04-02-2016,42.060001373291016,42.189998626708984,3162400,42.83000183105469,42.41999816894531,35.19766616821289
05-02-2016,41.779998779296875,42.09000015258789,4116700,43.060001373291016,42.90999984741211,35.60424041748047
08-02-2016,41.81999969482422,42.88999938964844,5284300,43.400001525878906,41.9900016784668,34.84087371826172
09-02-2016,41.58000183105469,41.810001373291016,3760000,42.65999984741211,42.380001068115234,35.164466857910156
10-02-2016,41.810001373291016,42.20000076293945,3379000,42.939998626708984,42.63999938964844,35.38020324707031
11-02-2016,41.779998779296875,42.459999084472656,3457700,42.81999969482422,41.88999938964844,34.75790023803711
12-02-2016,41.40999984741211,41.93000030517578,2422500,42.06999969482422,41.88999938964844,34.75790023803711
16-02-2016,41.56999969482422,42.08000183105469,3117900,42.119998931884766,42.06999969482422,34.907249450683594
17-02-2016,41.52000045776367,42.099998474121094,3401700,42.20000076293945,41.880001068115234,34.749595642089844
18-02-2016,41.65999984741211,41.939998626708984,3390900,43.04999923706055,42.84000015258789,35.54615783691406
19-02-2016,42.380001068115234,42.900001525878906,3571500,43.2400016784668,42.970001220703125,35.65401840209961
22-02-2016,43.02000045776367,43.119998931884766,4456100,43.939998626708984,43.84000015258789,36.37589645385742
23-02-2016,43.18000030517578,43.619998931884766,3416100,43.779998779296875,43.59000015258789,36.168460845947266
24-02-2016,42.95000076293945,43.5,3607400,44.040000915527344,43.400001525878906,36.01081085205078
25-02-2016,43.279998779296875,43.5,2004300,43.75,43.7400016784668,36.29292678833008
26-02-2016,42.43000030517578,43.619998931884766,3829800,43.79999923706055,42.54999923706055,35.30552673339844
29-02-2016,42.38999938964844,42.54999923706055,2432900,43.150001525878906,42.65999984741211,35.39680862426758
01-03-2016,42.439998626708984,42.95000076293945,2928000,43.22999954223633,42.619998931884766,35.36360168457031
02-03-2016,41.439998626708984,42.52000045776367,3246000,43.119998931884766,43.08000183105469,35.74529266357422
03-03-2016,42.599998474121094,43.15999984741211,4080600,43.95000076293945,43.86000061035156,36.392486572265625
04-03-2016,43.40999984741211,43.68000030517578,3752100,44.709999084472656,44.599998474121094,37.00650405883789
07-03-2016,44.279998779296875,44.52000045776367,3657000,44.880001068115234,44.619998931884766,37.02309799194336
08-03-2016,43.970001220703125,44.27000045776367,3632300,44.86000061035156,44.84000015258789,37.55067825317383
09-03-2016,44.54999923706055,44.70000076293945,3600500,45.16999816894531,44.95000076293945,37.642799377441406
10-03-2016,44.439998626708984,44.900001525878906,2372800,45.11000061035156,45.02000045776367,37.701419830322266
11-03-2016,44.2599983215332,45.29999923706055,3973500,45.459999084472656,44.33000183105469,37.12358093261719
14-03-2016,44.349998474121094,44.369998931884766,2258900,44.70000076293945,44.61000061035156,37.358062744140625
15-03-2016,44.33000183105469,44.40999984741211,2861100,44.81999969482422,44.7400016784668,37.46693420410156
16-03-2016,44.209999084472656,44.650001525878906,3912600,45.220001220703125,45.150001525878906,37.8102912902832
17-03-2016,45.209999084472656,45.439998626708984,3761700,46.150001525878906,46.04999923706055,38.56397247314453
18-03-2016,45.630001068115234,46.25,5304900,46.2599983215332,45.650001525878906,38.2289924621582
21-03-2016,45.2599983215332,45.439998626708984,2101500,45.9900016784668,45.709999084472656,38.27924728393555
22-03-2016,45.54999923706055,45.86000061035156,2035500,46.09000015258789,45.83000183105469,38.37973403930664
23-03-2016,45.58000183105469,45.720001220703125,2840700,46.45000076293945,46.209999084472656,38.697967529296875
24-03-2016,45.79999923706055,46.06999969482422,2119500,46.279998779296875,46.040000915527344,38.555599212646484
28-03-2016,45.91999816894531,46.25,1427100,46.529998779296875,46.08000183105469,38.5890998840332
29-03-2016,45.790000915527344,46.15999984741211,2217300,46.58000183105469,46.58000183105469,39.007816314697266
30-03-2016,46.220001220703125,46.58000183105469,1545600,46.849998474121094,46.540000915527344,38.97431564331055
31-03-2016,46.540000915527344,46.66999816894531,4455900,47.220001220703125,47.13999938964844,39.47679138183594
01-04-2016,46.75,46.90999984741211,2529300,47.40999984741211,47.31999969482422,39.627525329589844
04-04-2016,46.650001525878906,47.31999969482422,3545300,47.369998931884766,46.939998626708984,39.309295654296875
05-04-2016,46.040000915527344,46.91999816894531,3012600,47.040000915527344,46.20000076293945,38.68959426879883
06-04-2016,45.849998474121094,46.119998931884766,2603100,46.279998779296875,46.11000061035156,38.614227294921875
07-04-2016,45.79999923706055,46.0,2586900,46.380001068115234,45.900001525878906,38.43836212158203
08-04-2016,45.84000015258789,45.95000076293945,1642200,46.38999938964844,45.97999954223633,38.50535583496094
11-04-2016,45.54999923706055,45.959999084472656,1853700,46.310001373291016,45.630001068115234,38.212257385253906
12-04-2016,45.5,45.709999084472656,2185100,46.33000183105469,46.2599983215332,38.73984146118164
13-04-2016,45.560001373291016,46.34000015258789,2027400,46.34000015258789,45.77000045776367,38.329498291015625
14-04-2016,45.540000915527344,45.75,1999000,46.0099983215332,45.86000061035156,38.40486145019531
15-04-2016,45.68000030517578,45.81999969482422,2620500,46.47999954223633,46.400001525878906,38.857086181640625
18-04-2016,45.97999954223633,46.400001525878906,2192300,46.75,46.7400016784668,39.14181137084961
19-04-2016,46.58000183105469,46.709999084472656,3487500,47.189998626708984,47.119998931884766,39.46002960205078
20-04-2016,45.970001220703125,47.22999954223633,4045000,47.279998779296875,46.0,38.5221061706543
21-04-2016,44.630001068115234,45.81999969482422,3644600,45.970001220703125,44.88999938964844,37.59255599975586
22-04-2016,44.90999984741211,45.11000061035156,2280000,45.40999984741211,45.209999084472656,37.86052322387695
25-04-2016,45.029998779296875,45.189998626708984,2634400,45.36000061035156,45.2400016784668,37.885650634765625
26-04-2016,45.15999984741211,45.2599983215332,3004400,45.630001068115234,45.459999084472656,38.06988525390625
27-04-2016,45.369998931884766,45.59000015258789,3037500,46.290000915527344,46.060001373291016,38.57235336303711
28-04-2016,45.56999969482422,45.689998626708984,2588600,46.279998779296875,46.279998779296875,38.756587982177734
29-04-2016,44.31999969482422,45.34000015258789,4065200,46.43000030517578,46.130001068115234,38.63096618652344
02-05-2016,45.959999084472656,46.2599983215332,3689500,46.689998626708984,46.16999816894531,38.664466857910156
03-05-2016,45.79999923706055,46.25,3493400,46.77000045776367,46.09000015258789,38.59747314453125
04-05-2016,45.90999984741211,46.02000045776367,3466200,47.06999969482422,46.63999938964844,39.058067321777344
05-05-2016,46.2400016784668,46.70000076293945,2079800,47.11000061035156,46.45000076293945,38.898948669433594
06-05-2016,45.31999969482422,46.41999816894531,3675900,46.41999816894531,45.709999084472656,38.27924728393555
09-05-2016,45.630001068115234,45.849998474121094,3220400,46.33000183105469,46.20000076293945,38.68959426879883
10-05-2016,46.099998474121094,46.2599983215332,1800200,46.4900016784668,46.25,38.731468200683594
11-05-2016,45.849998474121094,46.2599983215332,2587900,46.4900016784668,46.369998931884766,38.83195877075195
12-05-2016,46.09000015258789,46.33000183105469,2802600,46.61000061035156,46.36000061035156,38.823577880859375
13-05-2016,45.75,46.36000061035156,2324400,46.36000061035156,45.869998931884766,38.413238525390625
16-05-2016,45.529998779296875,45.810001373291016,2950900,46.0,45.939998626708984,38.471866607666016
17-05-2016,44.849998474121094,45.77000045776367,2843200,45.970001220703125,45.16999816894531,37.827022552490234
18-05-2016,44.150001525878906,44.93000030517578,3502500,45.13999938964844,44.33000183105469,37.12358093261719
19-05-2016,43.81999969482422,44.11000061035156,2292300,44.79999923706055,44.790000915527344,37.5088005065918
20-05-2016,44.4900016784668,44.93000030517578,6434700,45.08000183105469,44.970001220703125,37.6595458984375
23-05-2016,44.4900016784668,44.970001220703125,2290200,45.099998474121094,44.52000045776367,37.28269958496094
24-05-2016,44.47999954223633,44.54999923706055,2429400,45.119998931884766,45.0,37.684669494628906
25-05-2016,42.77000045776367,43.91999816894531,9220100,44.150001525878906,43.790000915527344,36.67136764526367
26-05-2016,43.77000045776367,43.77000045776367,2672100,44.470001220703125,44.2599983215332,37.064979553222656
27-05-2016,44.279998779296875,44.29999923706055,2288300,44.58000183105469,44.540000915527344,37.2994384765625
31-05-2016,44.310001373291016,44.5099983215332,5360800,44.900001525878906,44.75,37.475311279296875
01-06-2016,44.540000915527344,44.7400016784668,2881700,45.130001068115234,45.040000915527344,37.718170166015625
02-06-2016,44.4900016784668,44.900001525878906,3056800,45.130001068115234,44.849998474121094,37.55905532836914
03-06-2016,45.15999984741211,45.15999984741211,3057100,45.66999816894531,45.36000061035156,37.986148834228516
06-06-2016,45.18000030517578,45.41999816894531,2393700,45.66999816894531,45.29999923706055,37.93590545654297
07-06-2016,44.04999923706055,44.290000915527344,3365900,44.84000015258789,44.18000030517578,37.33588409423828
08-06-2016,43.939998626708984,44.150001525878906,2492100,44.380001068115234,44.290000915527344,37.4288444519043
09-06-2016,44.279998779296875,44.279998779296875,2610100,44.7400016784668,44.619998931884766,37.70772933959961
10-06-2016,44.18000030517578,44.54999923706055,2718300,44.84000015258789,44.36000061035156,37.488006591796875
13-06-2016,44.36000061035156,44.38999938964844,2822200,44.790000915527344,44.52000045776367,37.62321853637695
14-06-2016,44.119998931884766,44.56999969482422,3179200,44.630001068115234,44.4900016784668,37.597869873046875
15-06-2016,44.18000030517578,44.59000015258789,2945400,44.61000061035156,44.310001373291016,37.44575500488281
16-06-2016,44.22999954223633,44.31999969482422,2246100,44.709999084472656,44.58000183105469,37.673927307128906
17-06-2016,44.13999938964844,44.47999954223633,3714400,44.83000183105469,44.810001373291016,37.8682861328125
20-06-2016,44.13999938964844,44.79999923706055,3079700,45.0,44.369998931884766,37.49645233154297
21-06-2016,44.130001068115234,44.38999938964844,2332400,44.650001525878906,44.27000045776367,37.41194152832031
22-06-2016,44.040000915527344,44.34000015258789,1880000,44.40999984741211,44.09000015258789,37.25982666015625
23-06-2016,43.81999969482422,44.099998474121094,2961000,44.310001373291016,44.29999923706055,37.437294006347656
24-06-2016,43.7599983215332,43.7599983215332,4332600,44.650001525878906,44.09000015258789,37.25982666015625
27-06-2016,44.040000915527344,44.119998931884766,4413800,44.66999816894531,44.41999816894531,37.5387077331543
28-06-2016,43.880001068115234,44.540000915527344,4341700,44.619998931884766,44.540000915527344,37.64011001586914
29-06-2016,44.54999923706055,44.720001220703125,3878800,45.31999969482422,45.290000915527344,38.2739372253418
30-06-2016,45.2400016784668,45.43000030517578,4815200,46.61000061035156,46.61000061035156,39.38945770263672
01-07-2016,46.13999938964844,46.810001373291016,2836200,46.810001373291016,46.5,39.29648971557617
05-07-2016,46.220001220703125,46.470001220703125,3271400,46.72999954223633,46.68000030517578,39.448604583740234
06-07-2016,46.279998779296875,46.58000183105469,2737800,46.790000915527344,46.75,39.50776672363281
07-07-2016,45.439998626708984,46.52000045776367,2578100,46.599998474121094,45.54999923706055,38.493656158447266
08-07-2016,45.04999923706055,45.470001220703125,2854600,46.150001525878906,46.13999938964844,38.99225997924805
11-07-2016,45.40999984741211,45.939998626708984,2130500,45.9900016784668,45.95000076293945,38.83169937133789
12-07-2016,45.27000045776367,45.709999084472656,2449300,45.93000030517578,45.439998626708984,38.40068435668945
13-07-2016,45.54999923706055,45.900001525878906,3010500,46.0,45.970001220703125,38.84859848022461
14-07-2016,45.400001525878906,45.7400016784668,2774100,45.95000076293945,45.720001220703125,38.6373291015625
15-07-2016,45.689998626708984,45.77000045776367,2112700,46.08000183105469,45.869998931884766,38.76408386230469
18-07-2016,45.75,45.970001220703125,1663100,46.099998474121094,45.900001525878906,38.7894401550293
19-07-2016,45.43000030517578,45.900001525878906,1895500,46.02000045776367,45.849998474121094,38.7471809387207
20-07-2016,45.33000183105469,45.849998474121094,2190300,45.9900016784668,45.40999984741211,38.37533950805664
21-07-2016,45.130001068115234,45.29999923706055,2034800,46.0,45.970001220703125,38.84859848022461
22-07-2016,45.84000015258789,45.84000015258789,2205700,46.68000030517578,46.599998474121094,39.38099670410156
25-07-2016,46.11000061035156,46.5099983215332,1814700,46.619998931884766,46.380001068115234,39.19508361816406
26-07-2016,45.650001525878906,46.38999938964844,2242500,46.4900016784668,45.77000045776367,38.6795768737793
27-07-2016,44.779998779296875,45.70000076293945,2477100,45.75,45.150001525878906,38.1556282043457
28-07-2016,44.9900016784668,45.06999969482422,2566500,45.310001373291016,45.08000183105469,38.09646224975586
29-07-2016,45.09000015258789,45.220001220703125,4489800,46.13999938964844,46.0099983215332,38.88238525390625
01-08-2016,45.34000015258789,45.900001525878906,3415200,46.099998474121094,45.38999938964844,38.358436584472656
02-08-2016,44.56999969482422,45.15999984741211,4480900,45.209999084472656,45.15999984741211,38.16408157348633
03-08-2016,44.630001068115234,45.15999984741211,2106500,45.209999084472656,44.810001373291016,37.8682861328125
04-08-2016,44.439998626708984,44.779998779296875,1793200,45.040000915527344,44.61000061035156,37.69927215576172
05-08-2016,43.869998931884766,44.47999954223633,3869500,44.529998779296875,43.959999084472656,37.14997863769531
08-08-2016,43.849998474121094,43.9900016784668,1982300,44.36000061035156,44.040000915527344,37.21757507324219
09-08-2016,43.7599983215332,44.040000915527344,3002500,44.189998626708984,43.849998474121094,37.057003021240234
10-08-2016,43.5,43.880001068115234,2865700,43.959999084472656,43.790000915527344,37.00630187988281
11-08-2016,43.52000045776367,43.790000915527344,2770700,43.91999816894531,43.91999816894531,37.11616516113281
12-08-2016,43.91999816894531,44.040000915527344,2753400,44.43000030517578,43.970001220703125,37.15842056274414
15-08-2016,43.40999984741211,43.900001525878906,2346800,44.09000015258789,43.41999816894531,36.69361877441406
16-08-2016,43.06999969482422,43.29999923706055,3510000,43.650001525878906,43.31999969482422,36.60911560058594
17-08-2016,43.02000045776367,43.209999084472656,2603200,43.869998931884766,43.779998779296875,36.99785614013672
18-08-2016,43.720001220703125,43.720001220703125,2403600,44.209999084472656,44.209999084472656,37.361244201660156
19-08-2016,43.40999984741211,44.11000061035156,2434000,44.20000076293945,43.650001525878906,36.88799285888672
22-08-2016,43.540000915527344,43.7400016784668,1731200,43.93000030517578,43.79999923706055,37.01475143432617
23-08-2016,43.79999923706055,43.95000076293945,1748600,44.11000061035156,43.810001373291016,37.023216247558594
24-08-2016,43.33000183105469,43.709999084472656,2187400,43.77000045776367,43.61000061035156,36.85419464111328
25-08-2016,43.5,43.650001525878906,1346200,43.79999923706055,43.560001373291016,36.81193161010742
26-08-2016,42.43000030517578,43.720001220703125,2689900,43.93000030517578,42.470001220703125,35.89078903198242
29-08-2016,42.369998931884766,42.540000915527344,3313500,42.88999938964844,42.86000061035156,36.22037124633789
30-08-2016,42.25,42.86000061035156,3858900,43.06999969482422,42.650001525878906,36.042903900146484
31-08-2016,42.36000061035156,42.58000183105469,3626300,42.79999923706055,42.7599983215332,36.13587188720703
01-09-2016,42.45000076293945,42.7400016784668,4042600,42.79999923706055,42.59000015258789,35.99220275878906
02-09-2016,42.459999084472656,42.54999923706055,3141300,43.02000045776367,42.97999954223633,36.3217887878418
06-09-2016,42.95000076293945,43.18000030517578,3006600,43.5,43.150001525878906,36.4654541015625
07-09-2016,42.33000183105469,42.7400016784668,3086100,42.81999969482422,42.380001068115234,36.158302307128906
08-09-2016,42.2400016784668,42.2599983215332,2880500,43.189998626708984,43.119998931884766,36.7896614074707
09-09-2016,41.119998931884766,42.79999923706055,3135700,42.84000015258789,41.130001068115234,35.09182357788086
12-09-2016,41.06999969482422,41.130001068115234,3420100,42.040000915527344,41.90999984741211,35.757301330566406
13-09-2016,41.119998931884766,41.77000045776367,2750400,41.81999969482422,41.220001220703125,35.16859817504883
14-09-2016,41.15999984741211,41.38999938964844,3157700,41.849998474121094,41.470001220703125,35.381893157958984
15-09-2016,41.33000183105469,41.439998626708984,2860600,41.970001220703125,41.95000076293945,35.79142761230469
16-09-2016,41.59000015258789,41.70000076293945,4826600,42.36000061035156,42.29999923706055,36.09004592895508
19-09-2016,42.25,42.43000030517578,1782600,42.689998626708984,42.65999984741211,36.397193908691406
20-09-2016,42.59000015258789,42.779998779296875,2074500,42.970001220703125,42.599998474121094,36.346004486083984
21-09-2016,42.58000183105469,42.58000183105469,3000600,43.630001068115234,43.630001068115234,37.224796295166016
22-09-2016,43.38999938964844,43.7599983215332,3160300,44.0099983215332,43.66999816894531,37.25891876220703
23-09-2016,43.45000076293945,43.470001220703125,2416000,43.959999084472656,43.79999923706055,37.369834899902344
26-09-2016,43.41999816894531,43.779998779296875,2628200,43.849998474121094,43.5,37.11388397216797
27-09-2016,42.709999084472656,43.689998626708984,1869800,43.939998626708984,42.79999923706055,36.51664733886719
28-09-2016,42.400001525878906,42.939998626708984,1598500,43.040000915527344,42.75,36.47398376464844
29-09-2016,41.84000015258789,42.5,1984100,42.52000045776367,42.11000061035156,35.92793655395508
30-09-2016,41.63999938964844,42.47999954223633,3589600,42.52000045776367,41.869998931884766,35.723175048828125
03-10-2016,40.970001220703125,41.720001220703125,2632600,41.7599983215332,41.29999923706055,35.23685836791992
04-10-2016,40.380001068115234,41.38999938964844,3247500,41.38999938964844,40.68000030517578,34.70787811279297
05-10-2016,40.43000030517578,40.88999938964844,3981600,41.20000076293945,40.77000045776367,34.78466033935547
06-10-2016,40.439998626708984,40.59000015258789,3190900,40.880001068115234,40.75,34.76759719848633
07-10-2016,40.70000076293945,41.060001373291016,3269300,41.5099983215332,40.720001220703125,34.742000579833984
10-10-2016,40.58000183105469,40.779998779296875,2069600,41.0099983215332,40.86000061035156,34.861446380615234
11-10-2016,40.45000076293945,40.779998779296875,2490100,40.939998626708984,40.59000015258789,34.631080627441406
12-10-2016,40.54999923706055,40.619998931884766,2938200,40.91999816894531,40.81999969482422,34.82732391357422
13-10-2016,40.650001525878906,40.81999969482422,6126900,41.380001068115234,40.970001220703125,34.9553108215332
14-10-2016,40.77000045776367,40.90999984741211,3268500,41.41999816894531,40.900001525878906,34.89558792114258
17-10-2016,41.22999954223633,41.29999923706055,4263200,41.7599983215332,41.56999969482422,35.46720886230469
18-10-2016,41.279998779296875,41.849998474121094,2401400,41.9900016784668,41.810001373291016,35.67197799682617
19-10-2016,41.31999969482422,41.810001373291016,2046400,41.83000183105469,41.41999816894531,35.339237213134766
20-10-2016,41.209999084472656,41.43000030517578,3119800,41.709999084472656,41.279998779296875,35.21978759765625
21-10-2016,40.810001373291016,41.08000183105469,1944800,41.220001220703125,40.95000076293945,34.93824005126953
24-10-2016,40.75,41.119998931884766,2014400,41.27000045776367,40.86000061035156,34.861446380615234
25-10-2016,40.7400016784668,40.779998779296875,2431100,41.16999816894531,41.16999816894531,35.12593460083008
26-10-2016,40.84000015258789,41.15999984741211,1924900,41.33000183105469,41.220001220703125,35.16859817504883
27-10-2016,40.93000030517578,41.11000061035156,2847900,41.40999984741211,41.209999084472656,35.160072326660156
28-10-2016,40.81999969482422,41.279998779296875,2326600,41.459999084472656,41.029998779296875,35.00648880004883
31-10-2016,41.029998779296875,41.40999984741211,3434400,42.25,42.08000183105469,35.9023551940918
01-11-2016,41.2599983215332,42.11000061035156,4005700,42.11000061035156,41.349998474121094,35.279518127441406
02-11-2016,40.38999938964844,41.310001373291016,3428300,41.310001373291016,40.79999923706055,34.81026077270508
03-11-2016,40.5,40.77000045776367,2341000,41.189998626708984,40.970001220703125,34.9553108215332
04-11-2016,40.869998931884766,41.16999816894531,2059700,41.560001373291016,40.900001525878906,34.89558792114258
07-11-2016,40.810001373291016,41.150001525878906,2648100,41.88999938964844,41.880001068115234,35.73170471191406
08-11-2016,41.79999923706055,41.939998626708984,2448400,42.279998779296875,42.04999923706055,35.876747131347656
09-11-2016,40.529998779296875,41.38999938964844,3158600,41.560001373291016,40.630001068115234,34.665218353271484
10-11-2016,39.38999938964844,40.61000061035156,3689400,40.720001220703125,40.040000915527344,34.161842346191406
11-11-2016,39.369998931884766,40.0,2773100,40.29999923706055,39.56999969482422,33.760833740234375
14-11-2016,39.279998779296875,39.41999816894531,4418500,40.08000183105469,39.970001220703125,34.10211944580078
15-11-2016,40.08000183105469,40.099998474121094,4294700,41.34000015258789,41.33000183105469,35.262447357177734
16-11-2016,40.400001525878906,41.36000061035156,3921200,41.470001220703125,40.68000030517578,34.70787811279297
17-11-2016,40.47999954223633,40.5,2441100,40.91999816894531,40.720001220703125,34.742000579833984
18-11-2016,40.11000061035156,40.68000030517578,2768400,40.88999938964844,40.34000015258789,34.41779327392578
21-11-2016,40.45000076293945,40.45000076293945,1822300,41.06999969482422,41.0,34.98089599609375
22-11-2016,40.90999984741211,41.04999923706055,2491700,41.380001068115234,41.25,35.194190979003906
23-11-2016,40.650001525878906,40.720001220703125,1716000,41.15999984741211,40.7400016784668,34.759071350097656
25-11-2016,40.869998931884766,40.869998931884766,983300,41.59000015258789,41.45000076293945,35.36482620239258
28-11-2016,41.599998474121094,41.63999938964844,3177100,42.900001525878906,42.79999923706055,36.51664733886719
29-11-2016,42.54999923706055,42.58000183105469,2500700,43.11000061035156,42.84000015258789,36.5507698059082
30-11-2016,41.310001373291016,42.380001068115234,3238200,42.45000076293945,41.310001373291016,35.24538040161133
01-12-2016,40.84000015258789,41.02000045776367,3152400,41.38999938964844,41.040000915527344,35.015018463134766
02-12-2016,41.099998474121094,41.369998931884766,2265800,41.81999969482422,41.25,35.194190979003906
05-12-2016,40.720001220703125,41.15999984741211,3526800,41.7599983215332,41.7400016784668,35.612266540527344
06-12-2016,41.29999923706055,41.91999816894531,3393200,42.0,41.380001068115234,35.30510330200195
07-12-2016,41.13999938964844,41.13999938964844,2760700,41.70000076293945,41.66999816894531,35.9083137512207
08-12-2016,41.13999938964844,41.33000183105469,2853200,42.310001373291016,42.25,36.40812683105469
09-12-2016,42.2599983215332,42.27000045776367,2219400,42.75,42.70000076293945,36.79590606689453
12-12-2016,42.540000915527344,42.58000183105469,2385000,43.029998779296875,42.970001220703125,37.028564453125
13-12-2016,42.91999816894531,43.029998779296875,2373200,43.43000030517578,43.34000015258789,37.347415924072266
14-12-2016,42.619998931884766,43.54999923706055,3195400,43.970001220703125,42.709999084472656,36.80451583862305
15-12-2016,42.38999938964844,42.5099983215332,3986200,43.0,42.95000076293945,37.01133728027344
16-12-2016,43.08000183105469,43.08000183105469,5959900,44.290000915527344,43.9900016784668,37.90753173828125
19-12-2016,43.380001068115234,44.20000076293945,2931600,44.20000076293945,43.66999816894531,37.631778717041016
20-12-2016,43.63999938964844,43.939998626708984,2140700,44.060001373291016,43.77000045776367,37.717960357666016
21-12-2016,43.59000015258789,43.79999923706055,1309400,44.060001373291016,43.59000015258789,37.56283950805664
22-12-2016,43.33000183105469,43.599998474121094,1412800,43.77000045776367,43.68000030517578,37.64039611816406
23-12-2016,43.52000045776367,43.720001220703125,781500,43.77000045776367,43.68000030517578,37.64039611816406
27-12-2016,43.5099983215332,43.68000030517578,1745700,43.91999816894531,43.79999923706055,37.743804931640625
28-12-2016,43.31999969482422,43.779998779296875,2060800,43.90999984741211,43.40999984741211,37.407737731933594
29-12-2016,43.47999954223633,43.56999969482422,2126800,44.209999084472656,44.04999923706055,37.95923614501953
30-12-2016,43.72999954223633,44.119998931884766,2000200,44.189998626708984,43.880001068115234,37.812744140625
03-01-2017,43.15999984741211,44.0099983215332,2976300,44.0099983215332,43.38999938964844,37.390499114990234
04-01-2017,43.5099983215332,43.529998779296875,2155600,43.970001220703125,43.689998626708984,37.649024963378906
05-01-2017,43.29999923706055,43.63999938964844,2208900,43.84000015258789,43.7599983215332,37.70933532714844
06-01-2017,43.47999954223633,43.61000061035156,2324100,44.2400016784668,44.20000076293945,38.08849334716797
09-01-2017,43.459999084472656,44.209999084472656,2049400,44.310001373291016,43.52000045776367,37.50251770019531
10-01-2017,43.20000076293945,43.36000061035156,2307700,43.599998474121094,43.459999084472656,37.45082092285156
11-01-2017,43.529998779296875,43.529998779296875,2993100,44.220001220703125,44.040000915527344,37.95062255859375
12-01-2017,43.790000915527344,44.0,1973800,44.13999938964844,44.06999969482422,37.976470947265625
13-01-2017,43.7599983215332,43.95000076293945,1579100,44.099998474121094,44.029998779296875,37.94200897216797
17-01-2017,44.119998931884766,44.220001220703125,1599000,44.70000076293945,44.40999984741211,38.26945877075195
18-01-2017,44.099998474121094,44.25,1126700,44.45000076293945,44.18000030517578,38.07126235961914
19-01-2017,43.540000915527344,43.959999084472656,1538300,44.15999984741211,43.68000030517578,37.64039611816406
20-01-2017,43.5099983215332,43.810001373291016,1497900,44.0,43.7400016784668,37.69211196899414
23-01-2017,43.20000076293945,43.77000045776367,1488400,43.91999816894531,43.27000045776367,37.28709411621094
24-01-2017,43.2400016784668,43.27000045776367,1810300,43.709999084472656,43.45000076293945,37.44219207763672
25-01-2017,43.2599983215332,43.33000183105469,1570600,43.5,43.38999938964844,37.390499114990234
26-01-2017,43.13999938964844,43.38999938964844,1443700,43.68000030517578,43.33000183105469,37.33879089355469
27-01-2017,42.88999938964844,43.40999984741211,1679100,43.4900016784668,43.060001373291016,37.10612487792969
30-01-2017,42.86000061035156,43.13999938964844,1869300,43.29999923706055,43.209999084472656,37.235389709472656
31-01-2017,43.279998779296875,43.31999969482422,3496600,44.33000183105469,44.25,38.1315803527832
01-02-2017,43.2400016784668,44.029998779296875,3222700,44.029998779296875,43.369998931884766,37.37325668334961
02-02-2017,43.040000915527344,43.36000061035156,3581500,43.59000015258789,43.52000045776367,37.50251770019531
03-02-2017,43.52000045776367,43.619998931884766,1886300,43.880001068115234,43.709999084472656,37.666255950927734
06-02-2017,43.41999816894531,43.81999969482422,1886100,43.849998474121094,43.45000076293945,37.44219207763672
07-02-2017,43.33000183105469,43.459999084472656,2279400,43.529998779296875,43.439998626708984,37.4335823059082
08-02-2017,43.38999938964844,43.5,2524000,43.83000183105469,43.540000915527344,37.51975631713867
09-02-2017,43.060001373291016,43.540000915527344,2588600,43.63999938964844,43.189998626708984,37.218143463134766
10-02-2017,42.97999954223633,43.060001373291016,2113300,43.439998626708984,43.38999938964844,37.390499114990234
13-02-2017,43.380001068115234,43.43000030517578,1859900,43.779998779296875,43.7599983215332,37.70933532714844
14-02-2017,43.130001068115234,43.630001068115234,1908800,43.709999084472656,43.43000030517578,37.42497253417969
15-02-2017,42.77000045776367,43.04999923706055,3604500,43.380001068115234,43.209999084472656,37.235389709472656
16-02-2017,43.2400016784668,43.2400016784668,1952200,43.65999984741211,43.65999984741211,37.623165130615234
17-02-2017,43.31999969482422,43.689998626708984,5839600,43.84000015258789,43.4900016784668,37.4766731262207
21-02-2017,43.2599983215332,43.4900016784668,2680500,44.43000030517578,44.33000183105469,38.20052719116211
22-02-2017,44.040000915527344,44.38999938964844,2291400,44.43000030517578,44.27000045776367,38.148826599121094
23-02-2017,44.16999816894531,44.47999954223633,3280200,44.61000061035156,44.25,38.1315803527832
24-02-2017,44.11000061035156,44.470001220703125,3084600,45.630001068115234,45.61000061035156,39.30353927612305
27-02-2017,44.939998626708984,45.40999984741211,3649400,45.65999984741211,45.61000061035156,39.30353927612305
28-02-2017,45.439998626708984,45.5,3513400,46.13999938964844,45.97999954223633,39.62238693237305
01-03-2017,45.09000015258789,45.459999084472656,2608200,45.72999954223633,45.31999969482422,39.05364227294922
02-03-2017,44.95000076293945,45.09000015258789,2905800,46.08000183105469,45.790000915527344,39.458648681640625
03-03-2017,45.02000045776367,45.84000015258789,2722700,45.880001068115234,45.529998779296875,39.23460006713867
06-03-2017,45.060001373291016,45.5,2697200,45.63999938964844,45.11000061035156,38.87267303466797
07-03-2017,44.70000076293945,45.130001068115234,3525900,45.31999969482422,44.97999954223633,38.760650634765625
08-03-2017,43.880001068115234,44.27000045776367,3446300,44.38999938964844,43.959999084472656,38.247318267822266
09-03-2017,43.880001068115234,43.97999954223633,1914400,44.369998931884766,43.88999938964844,38.18640899658203
10-03-2017,43.97999954223633,44.029998779296875,2621800,44.5099983215332,44.43000030517578,38.656246185302734
13-03-2017,44.290000915527344,44.40999984741211,1861200,44.56999969482422,44.47999954223633,38.699737548828125
14-03-2017,44.27000045776367,44.34000015258789,1975900,44.68000030517578,44.4900016784668,38.70844650268555
15-03-2017,44.560001373291016,44.619998931884766,2543100,45.4900016784668,45.130001068115234,39.26527404785156
16-03-2017,44.29999923706055,44.939998626708984,2558500,45.0099983215332,44.40999984741211,38.63883972167969
17-03-2017,44.540000915527344,44.58000183105469,3940500,45.040000915527344,44.72999954223633,38.917259216308594
20-03-2017,43.9900016784668,44.81999969482422,3475400,44.88999938964844,44.130001068115234,38.395225524902344
21-03-2017,43.869998931884766,44.18000030517578,3878300,44.869998931884766,44.65999984741211,38.85635757446289
22-03-2017,44.790000915527344,44.79999923706055,3907800,45.34000015258789,45.099998474121094,39.239173889160156
23-03-2017,44.93000030517578,45.08000183105469,2855700,45.400001525878906,45.06999969482422,39.21307373046875
24-03-2017,44.93000030517578,44.97999954223633,1881200,45.38999938964844,45.150001525878906,39.282676696777344
27-03-2017,44.59000015258789,45.439998626708984,1733300,45.56999969482422,44.7400016784668,38.92595672607422
28-03-2017,44.209999084472656,44.619998931884766,4747700,44.720001220703125,44.5099983215332,38.72584533691406
29-03-2017,43.959999084472656,44.349998474121094,3371100,44.349998474121094,44.150001525878906,38.412635803222656
30-03-2017,43.77000045776367,44.029998779296875,2157200,44.119998931884766,43.90999984741211,38.20381546020508
31-03-2017,43.93000030517578,43.959999084472656,3122500,44.54999923706055,44.349998474121094,38.58663558959961
03-04-2017,43.93000030517578,44.310001373291016,2478300,44.33000183105469,44.2599983215332,38.508338928222656
04-04-2017,43.95000076293945,44.209999084472656,2638400,44.41999816894531,44.27000045776367,38.51704406738281
05-04-2017,44.08000183105469,44.2400016784668,3387800,44.529998779296875,44.41999816894531,38.647544860839844
06-04-2017,44.15999984741211,44.279998779296875,3863000,44.900001525878906,44.88999938964844,39.05646514892578
07-04-2017,44.66999816894531,44.970001220703125,4103900,45.189998626708984,44.720001220703125,38.9085578918457
10-04-2017,44.2400016784668,44.68000030517578,2906400,44.84000015258789,44.65999984741211,38.85635757446289
11-04-2017,44.400001525878906,44.650001525878906,4408200,45.45000076293945,45.290000915527344,39.40449142456055
12-04-2017,44.97999954223633,45.189998626708984,3746900,45.650001525878906,45.61000061035156,39.68290710449219
13-04-2017,45.34000015258789,45.689998626708984,3868800,45.939998626708984,45.650001525878906,39.71770095825195
17-04-2017,45.41999816894531,45.689998626708984,2009300,45.810001373291016,45.68000030517578,39.74380874633789
18-04-2017,45.13999938964844,45.4900016784668,4108700,45.709999084472656,45.34000015258789,39.4479866027832
19-04-2017,44.310001373291016,45.27000045776367,4572900,45.380001068115234,44.599998474121094,38.80415725708008
20-04-2017,44.099998474121094,44.599998474121094,2666200,44.599998474121094,44.369998931884766,38.604042053222656
21-04-2017,44.29999923706055,44.29999923706055,3472700,44.689998626708984,44.5099983215332,38.72584533691406
24-04-2017,44.349998474121094,44.56999969482422,2409200,45.09000015258789,45.0,39.15216827392578
25-04-2017,44.61000061035156,44.84000015258789,1834700,45.0,44.720001220703125,38.9085578918457
26-04-2017,44.43000030517578,44.630001068115234,2873500,44.95000076293945,44.4900016784668,38.70844650268555
27-04-2017,44.34000015258789,44.529998779296875,3133300,44.88999938964844,44.40999984741211,38.63883972167969
28-04-2017,43.91999816894531,44.38999938964844,2443400,44.54999923706055,44.04999923706055,38.325618743896484
01-05-2017,43.619998931884766,44.099998474121094,2151700,44.13999938964844,43.709999084472656,38.02981185913086
02-05-2017,43.63999938964844,43.75,2532100,43.9900016784668,43.869998931884766,38.16901779174805
03-05-2017,43.529998779296875,43.81999969482422,2203200,43.900001525878906,43.65999984741211,37.986305236816406
04-05-2017,43.2599983215332,43.59000015258789,2104900,43.81999969482422,43.47999954223633,37.82969665527344
05-05-2017,43.630001068115234,43.630001068115234,2171700,43.900001525878906,43.810001373291016,38.11681365966797
08-05-2017,43.470001220703125,43.900001525878906,2153600,43.900001525878906,43.619998931884766,37.951507568359375
09-05-2017,42.93000030517578,43.56999969482422,2238600,43.61000061035156,42.95000076293945,37.36857604980469
10-05-2017,42.470001220703125,43.0,4261500,43.06999969482422,42.70000076293945,37.151058197021484
11-05-2017,42.4900016784668,42.61000061035156,4674500,42.79999923706055,42.77000045776367,37.21196746826172
12-05-2017,42.63999938964844,42.959999084472656,2650200,43.130001068115234,42.77000045776367,37.21196746826172
15-05-2017,42.7599983215332,42.84000015258789,4080100,43.13999938964844,43.040000915527344,37.44688034057617
16-05-2017,42.93000030517578,43.11000061035156,3603000,43.279998779296875,43.099998474121094,37.49906921386719
17-05-2017,43.06999969482422,43.099998474121094,4311500,43.900001525878906,43.63999938964844,37.96890640258789
18-05-2017,43.41999816894531,43.75,3506100,44.15999984741211,43.790000915527344,38.09941482543945
19-05-2017,43.43000030517578,43.779998779296875,2831700,44.06999969482422,44.02000045776367,38.29951858520508
22-05-2017,43.41999816894531,43.79999923706055,3312400,44.34000015258789,44.2400016784668,38.490936279296875
23-05-2017,43.90999984741211,44.20000076293945,3558200,44.41999816894531,44.06999969482422,38.343021392822266
24-05-2017,44.16999816894531,44.22999954223633,2061300,44.58000183105469,44.41999816894531,38.647544860839844
25-05-2017,44.33000183105469,44.43000030517578,2339600,44.70000076293945,44.540000915527344,38.7519416809082
26-05-2017,44.08000183105469,44.529998779296875,2574400,44.56999969482422,44.43000030517578,38.656246185302734
30-05-2017,44.310001373291016,44.369998931884766,2592500,44.66999816894531,44.560001373291016,38.769351959228516
31-05-2017,44.5,44.56999969482422,4928800,45.27000045776367,44.90999984741211,39.0738639831543
01-06-2017,44.720001220703125,44.93000030517578,2687500,45.59000015258789,45.540000915527344,39.62199783325195
02-06-2017,45.0099983215332,45.75,2463300,45.79999923706055,45.16999816894531,39.30007553100586
05-06-2017,44.91999816894531,45.04999923706055,1414300,45.2400016784668,44.9900016784668,39.14346694946289
06-06-2017,44.630001068115234,45.06999969482422,2877600,45.08000183105469,44.689998626708984,38.88245391845703
07-06-2017,44.2400016784668,44.38999938964844,1886500,44.689998626708984,44.58000183105469,39.163578033447266
08-06-2017,43.66999816894531,44.58000183105469,2883300,44.58000183105469,43.97999954223633,38.636474609375
09-06-2017,43.75,43.79999923706055,1958500,44.45000076293945,44.33000183105469,38.94395446777344
12-06-2017,44.27000045776367,44.33000183105469,2743100,44.75,44.279998779296875,38.9000244140625
13-06-2017,43.65999984741211,44.189998626708984,2710600,44.20000076293945,44.040000915527344,38.689186096191406
14-06-2017,44.08000183105469,44.349998474121094,1505900,44.5,44.27000045776367,38.891239166259766
15-06-2017,43.9900016784668,44.18000030517578,1494200,44.380001068115234,44.31999969482422,38.9351692199707
16-06-2017,44.31999969482422,44.45000076293945,5051200,44.720001220703125,44.45000076293945,39.04936981201172
19-06-2017,44.150001525878906,44.470001220703125,2664600,44.630001068115234,44.2599983215332,38.882450103759766
20-06-2017,44.130001068115234,44.29999923706055,1672600,44.43000030517578,44.310001373291016,38.926387786865234
21-06-2017,43.7599983215332,44.13999938964844,2154900,44.29999923706055,43.959999084472656,38.6189079284668
22-06-2017,43.650001525878906,43.97999954223633,2455500,44.029998779296875,43.66999816894531,38.364139556884766
23-06-2017,43.52000045776367,43.689998626708984,2450400,43.90999984741211,43.56999969482422,38.276283264160156
26-06-2017,43.54999923706055,43.56999969482422,5160300,44.31999969482422,44.18000030517578,38.812171936035156
27-06-2017,43.4900016784668,43.97999954223633,5342000,44.09000015258789,43.619998931884766,38.32020950317383
28-06-2017,43.2400016784668,43.849998474121094,2377400,43.880001068115234,43.2599983215332,38.00395202636719
29-06-2017,42.790000915527344,43.0099983215332,2439100,43.220001220703125,42.91999816894531,37.70526123046875
30-06-2017,42.790000915527344,43.02000045776367,3479700,43.27000045776367,43.0099983215332,37.78432846069336
03-07-2017,42.59000015258789,43.099998474121094,1511700,43.15999984741211,42.70000076293945,37.511993408203125
05-07-2017,41.900001525878906,42.689998626708984,3085400,42.689998626708984,42.31999969482422,37.17817687988281
06-07-2017,41.900001525878906,42.25,2924600,42.290000915527344,42.0099983215332,36.90583038330078
07-07-2017,42.0,42.040000915527344,1813600,42.33000183105469,42.099998474121094,36.984893798828125
10-07-2017,41.93000030517578,42.09000015258789,2912200,42.20000076293945,41.970001220703125,36.87070083618164
11-07-2017,41.66999816894531,42.02000045776367,2674300,42.09000015258789,41.849998474121094,36.76527786254883
12-07-2017,42.15999984741211,42.220001220703125,2054900,42.47999954223633,42.27000045776367,37.134239196777344
13-07-2017,42.06999969482422,42.279998779296875,2828700,42.45000076293945,42.22999954223633,37.09909439086914
14-07-2017,42.310001373291016,42.560001373291016,1667300,42.65999984741211,42.36000061035156,37.21330642700195
17-07-2017,42.47999954223633,42.4900016784668,3745200,43.25,43.22999954223633,37.97760009765625
18-07-2017,43.150001525878906,43.31999969482422,4052700,43.68000030517578,43.560001373291016,38.26750564575195
19-07-2017,43.43000030517578,43.63999938964844,5204200,44.310001373291016,44.209999084472656,38.83852767944336
20-07-2017,44.209999084472656,44.369998931884766,3235600,44.65999984741211,44.470001220703125,39.06694412231445
21-07-2017,44.369998931884766,44.439998626708984,2288800,44.75,44.720001220703125,39.28657150268555
24-07-2017,44.0099983215332,44.75,3097800,44.75,44.029998779296875,38.68040084838867
25-07-2017,43.66999816894531,44.119998931884766,3566700,44.209999084472656,43.86000061035156,38.53105926513672
26-07-2017,43.84000015258789,43.869998931884766,2060400,44.29999923706055,44.290000915527344,38.908809661865234
27-07-2017,44.04999923706055,44.2400016784668,4611700,44.439998626708984,44.34000015258789,38.95273971557617
28-07-2017,43.630001068115234,43.630001068115234,2755700,44.959999084472656,44.959999084472656,39.497406005859375
31-07-2017,44.540000915527344,44.90999984741211,3603200,45.36000061035156,44.970001220703125,39.50619125366211
01-08-2017,45.0,45.09000015258789,3161800,45.40999984741211,45.2599983215332,39.760955810546875
02-08-2017,44.72999954223633,45.06999969482422,2049200,45.439998626708984,45.33000183105469,39.822452545166016
03-08-2017,45.209999084472656,45.290000915527344,1812100,45.779998779296875,45.77000045776367,40.2089958190918
04-08-2017,45.40999984741211,45.59000015258789,1576000,45.790000915527344,45.70000076293945,40.147499084472656
07-08-2017,45.560001373291016,45.68000030517578,1483800,45.790000915527344,45.689998626708984,40.13870620727539
08-08-2017,45.56999969482422,45.61000061035156,1836600,45.84000015258789,45.77000045776367,40.2089958190918
09-08-2017,45.369998931884766,45.91999816894531,1988600,45.95000076293945,45.439998626708984,39.91908264160156
10-08-2017,45.27000045776367,45.470001220703125,2589700,45.7599983215332,45.61000061035156,40.06843185424805
11-08-2017,45.41999816894531,45.970001220703125,2529100,46.0,45.529998779296875,39.99814987182617
14-08-2017,45.5099983215332,45.63999938964844,1759200,45.95000076293945,45.91999816894531,40.340763092041016
15-08-2017,45.63999938964844,45.66999816894531,2040800,46.349998474121094,46.290000915527344,40.66581726074219
16-08-2017,46.2400016784668,46.34000015258789,1999100,46.7400016784668,46.63999938964844,40.97328567504883
17-08-2017,46.279998779296875,46.619998931884766,1990200,46.709999084472656,46.29999923706055,40.67459487915039
18-08-2017,46.119998931884766,46.25,2028400,46.95000076293945,46.68000030517578,41.008426666259766
21-08-2017,46.619998931884766,46.75,1500400,46.880001068115234,46.849998474121094,41.15777587890625
22-08-2017,46.70000076293945,46.849998474121094,1886800,47.02000045776367,47.0,41.289546966552734
23-08-2017,46.869998931884766,47.040000915527344,1916100,47.279998779296875,47.2400016784668,41.50038528442383
24-08-2017,47.040000915527344,47.209999084472656,1266000,47.380001068115234,47.220001220703125,41.482818603515625
25-08-2017,47.130001068115234,47.369998931884766,1167800,47.470001220703125,47.290000915527344,41.5443115234375
28-08-2017,47.040000915527344,47.36000061035156,2886700,47.439998626708984,47.29999923706055,41.5531005859375
29-08-2017,47.099998474121094,47.33000183105469,1288800,47.439998626708984,47.11000061035156,41.38618850708008
30-08-2017,46.790000915527344,47.099998474121094,1330300,47.099998474121094,46.83000183105469,41.14020919799805
31-08-2017,46.790000915527344,46.86000061035156,2684200,47.04999923706055,46.84000015258789,41.14898681640625
01-09-2017,46.13999938964844,46.95000076293945,2858100,47.0099983215332,46.52000045776367,40.867862701416016
05-09-2017,46.08000183105469,46.56999969482422,3242800,46.56999969482422,46.369998931884766,40.73609161376953
06-09-2017,45.880001068115234,46.5099983215332,2182900,46.5099983215332,45.900001525878906,40.32320022583008
07-09-2017,45.529998779296875,45.68000030517578,2008900,46.060001373291016,46.040000915527344,40.828678131103516
08-09-2017,45.939998626708984,46.02000045776367,2043400,46.540000915527344,46.45000076293945,41.19226837158203
11-09-2017,46.310001373291016,46.439998626708984,1794700,46.84000015258789,46.7400016784668,41.44944763183594
12-09-2017,45.599998474121094,46.630001068115234,1781600,46.650001525878906,45.84000015258789,40.651309967041016
13-09-2017,45.459999084472656,45.7400016784668,3114300,45.84000015258789,45.47999954223633,40.332069396972656
14-09-2017,45.34000015258789,45.41999816894531,2385000,45.81999969482422,45.79999923706055,40.61583709716797
15-09-2017,45.630001068115234,45.79999923706055,3490100,46.2599983215332,45.81999969482422,40.633575439453125
18-09-2017,45.310001373291016,45.810001373291016,1773500,45.959999084472656,45.599998474121094,40.4384765625
19-09-2017,45.4900016784668,45.70000076293945,1694200,45.869998931884766,45.59000015258789,40.42961502075195
20-09-2017,45.04999923706055,45.68000030517578,2788800,45.849998474121094,45.22999954223633,40.1103630065918
21-09-2017,45.439998626708984,45.470001220703125,4246400,46.470001220703125,46.220001220703125,40.98830795288086
22-09-2017,46.11000061035156,46.599998474121094,4037700,46.630001068115234,46.189998626708984,40.961700439453125
25-09-2017,46.119998931884766,46.470001220703125,3290700,46.70000076293945,46.5,41.23661422729492
26-09-2017,46.209999084472656,46.45000076293945,2042000,46.619998931884766,46.5099983215332,41.245479583740234
27-09-2017,45.849998474121094,46.15999984741211,3359800,46.400001525878906,46.150001525878906,40.926231384277344
28-09-2017,45.72999954223633,45.97999954223633,2142000,46.36000061035156,46.08000183105469,40.86415100097656
29-09-2017,46.13999938964844,46.189998626708984,3635600,46.77000045776367,46.25,41.01490783691406
02-10-2017,46.04999923706055,46.439998626708984,2324300,46.65999984741211,46.599998474121094,41.325279235839844
03-10-2017,46.099998474121094,46.540000915527344,2081400,46.540000915527344,46.25,41.01490783691406
04-10-2017,46.209999084472656,46.279998779296875,1888500,47.0,46.9900016784668,41.67115020751953
05-10-2017,46.72999954223633,46.93000030517578,4099800,47.459999084472656,47.45000076293945,42.07907485961914
06-10-2017,46.970001220703125,47.189998626708984,4711400,47.650001525878906,47.599998474121094,42.212093353271484
09-10-2017,47.459999084472656,47.630001068115234,2321600,47.709999084472656,47.61000061035156,42.22096252441406
10-10-2017,47.540000915527344,47.650001525878906,3366100,48.29999923706055,48.209999084472656,42.753055572509766
11-10-2017,47.9900016784668,48.119998931884766,3759500,48.400001525878906,48.38999938964844,42.91267013549805
12-10-2017,48.290000915527344,48.369998931884766,3067300,49.029998779296875,49.02000045776367,43.471370697021484
13-10-2017,48.4900016784668,49.15999984741211,5255800,49.33000183105469,48.63999938964844,43.13437271118164
16-10-2017,48.06999969482422,48.4900016784668,2683500,48.75,48.599998474121094,43.09890365600586
17-10-2017,48.209999084472656,48.540000915527344,3620400,48.709999084472656,48.599998474121094,43.09890365600586
18-10-2017,48.369998931884766,48.4900016784668,2416300,48.779998779296875,48.65999984741211,43.15211868286133
19-10-2017,48.61000061035156,48.7400016784668,2441700,48.959999084472656,48.939998626708984,43.40043258666992
20-10-2017,48.720001220703125,48.939998626708984,4128100,49.02000045776367,49.0,43.45363235473633
23-10-2017,48.689998626708984,49.11000061035156,2541700,49.11000061035156,48.97999954223633,43.43589782714844
24-10-2017,48.709999084472656,48.939998626708984,2763200,49.119998931884766,49.08000183105469,43.524574279785156
25-10-2017,48.310001373291016,48.849998474121094,3152400,49.27000045776367,49.15999984741211,43.595523834228516
26-10-2017,49.029998779296875,49.439998626708984,2468300,49.45000076293945,49.36000061035156,43.77287673950195
27-10-2017,49.0099983215332,49.22999954223633,2402900,49.63999938964844,49.4900016784668,43.88816833496094
30-10-2017,49.209999084472656,49.459999084472656,3225800,49.599998474121094,49.54999923706055,43.941383361816406
31-10-2017,48.33000183105469,48.65999984741211,3308500,49.70000076293945,49.20000076293945,43.63098907470703
01-11-2017,49.290000915527344,49.939998626708984,4265700,50.189998626708984,49.5099983215332,43.9058952331543
02-11-2017,49.16999816894531,49.59000015258789,2976400,49.90999984741211,49.790000915527344,44.15422058105469
03-11-2017,49.619998931884766,49.689998626708984,2412500,50.560001373291016,50.310001373291016,44.615352630615234
06-11-2017,49.540000915527344,50.290000915527344,3154200,50.40999984741211,49.650001525878906,44.030059814453125
07-11-2017,49.54999923706055,49.7599983215332,2563100,50.04999923706055,49.95000076293945,44.29610061645508
08-11-2017,49.689998626708984,49.84000015258789,2503600,50.279998779296875,50.20000076293945,44.51780319213867
09-11-2017,49.900001525878906,50.04999923706055,1991900,50.5,50.27000045776367,44.57988357543945
10-11-2017,49.939998626708984,49.939998626708984,3590000,50.540000915527344,50.380001068115234,44.677425384521484
13-11-2017,50.43000030517578,50.52000045776367,3611000,51.029998779296875,50.65999984741211,44.92573165893555
14-11-2017,50.369998931884766,50.630001068115234,3483400,51.72999954223633,51.720001220703125,45.865753173828125
15-11-2017,51.150001525878906,51.81999969482422,3771300,52.119998931884766,51.310001373291016,45.502159118652344
16-11-2017,51.0099983215332,51.279998779296875,2959300,51.38999938964844,51.380001068115234,45.564239501953125
17-11-2017,51.02000045776367,51.08000183105469,5639700,51.540000915527344,51.5,45.670654296875
20-11-2017,51.2599983215332,51.529998779296875,3676800,51.630001068115234,51.56999969482422,45.73273468017578
21-11-2017,51.40999984741211,51.650001525878906,2440500,51.779998779296875,51.599998474121094,45.759334564208984
22-11-2017,51.15999984741211,51.529998779296875,2539700,51.58000183105469,51.43000030517578,45.60857391357422
24-11-2017,51.31999969482422,51.439998626708984,1991300,51.790000915527344,51.560001373291016,45.72386932373047
27-11-2017,51.31999969482422,51.59000015258789,3549200,51.7400016784668,51.58000183105469,45.741600036621094
28-11-2017,51.709999084472656,51.709999084472656,2845100,52.040000915527344,52.040000915527344,46.14952850341797
29-11-2017,51.77000045776367,51.86000061035156,3820200,52.790000915527344,52.70000076293945,46.73482131958008
30-11-2017,52.459999084472656,52.65999984741211,4383500,53.20000076293945,53.060001373291016,47.054073333740234
01-12-2017,52.560001373291016,53.099998474121094,3485800,53.279998779296875,53.06999969482422,47.06294631958008
04-12-2017,52.4900016784668,53.189998626708984,5120000,53.189998626708984,52.88999938964844,46.9033203125
05-12-2017,52.45000076293945,52.970001220703125,4876400,53.04999923706055,52.68000030517578,46.71708679199219
06-12-2017,52.16999816894531,52.779998779296875,4895000,52.90999984741211,52.7599983215332,46.78804016113281
07-12-2017,51.630001068115234,52.31999969482422,4744100,52.31999969482422,51.97999954223633,46.475093841552734
08-12-2017,51.56999969482422,51.959999084472656,4213500,51.9900016784668,51.93000030517578,46.430397033691406
11-12-2017,51.63999938964844,51.83000183105469,4183100,52.43000030517578,52.400001525878906,46.85062026977539
12-12-2017,51.95000076293945,52.18000030517578,4230100,52.540000915527344,52.0099983215332,46.50191879272461
13-12-2017,51.880001068115234,52.02000045776367,3326100,52.45000076293945,52.18000030517578,46.653926849365234
14-12-2017,51.70000076293945,52.130001068115234,4244500,52.15999984741211,51.939998626708984,46.439334869384766
15-12-2017,51.900001525878906,52.13999938964844,5502600,52.40999984741211,52.29999923706055,46.76121139526367
18-12-2017,51.939998626708984,52.38999938964844,2947500,52.619998931884766,51.970001220703125,46.46615982055664
19-12-2017,51.310001373291016,52.11000061035156,3204300,52.11000061035156,51.31999969482422,45.88499450683594
20-12-2017,50.84000015258789,51.31999969482422,3556800,51.52000045776367,50.97999954223633,45.58100128173828
21-12-2017,50.709999084472656,50.90999984741211,2847200,51.369998931884766,51.0099983215332,45.60783004760742
22-12-2017,50.970001220703125,51.060001373291016,2277600,51.439998626708984,51.06999969482422,45.66147994995117
26-12-2017,50.91999816894531,51.209999084472656,1246600,51.5099983215332,50.959999084472656,45.5631217956543
27-12-2017,50.86000061035156,51.15999984741211,2341400,51.220001220703125,51.0099983215332,45.60783004760742
28-12-2017,50.95000076293945,51.13999938964844,1509400,51.369998931884766,51.34000015258789,45.90287780761719
29-12-2017,51.2400016784668,51.34000015258789,2313200,51.68000030517578,51.5,46.045936584472656
02-01-2018,50.970001220703125,51.5,2999500,51.83000183105469,51.0,45.59889221191406
03-01-2018,50.619998931884766,50.79999923706055,2553700,51.400001525878906,50.7400016784668,45.366424560546875
04-01-2018,48.0,48.0,8168700,49.560001373291016,49.25,44.034210205078125
05-01-2018,49.2599983215332,49.40999984741211,5762000,49.779998779296875,49.65999984741211,44.40080261230469
08-01-2018,49.52000045776367,49.720001220703125,3194200,49.90999984741211,49.810001373291016,44.534915924072266
09-01-2018,49.25,49.83000183105469,5176000,49.939998626708984,49.630001068115234,44.37398147583008
10-01-2018,49.04999923706055,49.400001525878906,3457600,49.54999923706055,49.400001525878906,44.168331146240234
11-01-2018,49.209999084472656,49.459999084472656,4552000,50.290000915527344,50.0,44.70478820800781
12-01-2018,49.529998779296875,49.88999938964844,2851500,50.209999084472656,50.099998474121094,44.794193267822266
16-01-2018,49.36000061035156,50.209999084472656,3476300,50.38999938964844,49.54999923706055,44.302452087402344
17-01-2018,49.650001525878906,49.709999084472656,2996300,50.41999816894531,50.27000045776367,44.94620132446289
18-01-2018,49.56999969482422,50.400001525878906,2745500,50.43000030517578,49.7400016784668,44.472328186035156
19-01-2018,49.61000061035156,49.91999816894531,2690100,50.15999984741211,49.79999923706055,44.525970458984375
22-01-2018,49.880001068115234,50.189998626708984,3403700,50.43000030517578,50.040000915527344,44.740562438964844
23-01-2018,50.099998474121094,50.189998626708984,2745500,51.099998474121094,50.720001220703125,45.348541259765625
24-01-2018,50.119998931884766,50.59000015258789,2499200,50.650001525878906,50.41999816894531,45.08030319213867
25-01-2018,50.2599983215332,50.369998931884766,2678400,51.13999938964844,51.119998931884766,45.706180572509766
26-01-2018,50.689998626708984,51.209999084472656,2883300,51.34000015258789,51.20000076293945,45.777706146240234
29-01-2018,50.209999084472656,50.90999984741211,3219700,50.939998626708984,50.689998626708984,45.32172393798828
30-01-2018,50.5,50.650001525878906,3115500,51.189998626708984,51.0099983215332,45.60783004760742
31-01-2018,50.81999969482422,51.029998779296875,5998400,51.939998626708984,51.869998931884766,46.376747131347656
01-02-2018,50.52000045776367,51.900001525878906,4298800,51.95000076293945,50.66999816894531,45.30382537841797
02-02-2018,50.040000915527344,50.369998931884766,3781300,50.68000030517578,50.040000915527344,44.740562438964844
05-02-2018,48.84000015258789,49.5,4792700,50.15999984741211,48.84000015258789,43.66763687133789
06-02-2018,46.58000183105469,48.27000045776367,4905800,48.33000183105469,47.630001068115234,42.585784912109375
07-02-2018,47.540000915527344,47.59000015258789,3300000,48.47999954223633,47.70000076293945,42.64836502075195
08-02-2018,46.68000030517578,47.47999954223633,5313800,48.13999938964844,46.72999954223633,41.781097412109375
09-02-2018,46.20000076293945,46.68000030517578,5032000,47.61000061035156,47.2400016784668,42.237083435058594
12-02-2018,46.790000915527344,47.33000183105469,5126800,47.849998474121094,47.619998931884766,42.576839447021484
13-02-2018,47.08000183105469,47.459999084472656,2519100,48.150001525878906,48.040000915527344,42.952369689941406
14-02-2018,47.369998931884766,47.630001068115234,2315100,48.11000061035156,47.619998931884766,42.576839447021484
15-02-2018,47.61000061035156,47.689998626708984,2704500,48.61000061035156,48.61000061035156,43.461997985839844
16-02-2018,48.529998779296875,48.720001220703125,2480800,49.66999816894531,49.43000030517578,44.19515609741211
20-02-2018,48.86000061035156,49.189998626708984,4765500,49.5,49.290000915527344,44.06997299194336
21-02-2018,48.5,49.310001373291016,2741900,49.61000061035156,48.529998779296875,43.39046859741211
22-02-2018,48.41999816894531,48.68000030517578,2805100,49.459999084472656,49.18000030517578,43.97163772583008
23-02-2018,48.54999923706055,49.0099983215332,2637500,50.560001373291016,50.529998779296875,45.17866516113281
26-02-2018,50.13999938964844,50.59000015258789,2619200,50.849998474121094,50.29999923706055,44.97301483154297
27-02-2018,48.779998779296875,50.279998779296875,4038000,50.40999984741211,48.790000915527344,43.622928619384766
28-02-2018,48.41999816894531,48.970001220703125,2961900,49.279998779296875,48.43000030517578,43.30105972290039
01-03-2018,47.93000030517578,48.470001220703125,3615300,49.02000045776367,48.290000915527344,43.17588424682617
02-03-2018,47.08000183105469,48.27000045776367,3558300,48.58000183105469,47.70000076293945,42.64836502075195
05-03-2018,47.25,47.63999938964844,4358200,48.27000045776367,48.06999969482422,42.979183197021484
06-03-2018,47.08000183105469,48.02000045776367,3251300,48.060001373291016,47.189998626708984,42.192386627197266
07-03-2018,46.189998626708984,46.70000076293945,3288400,46.84000015258789,46.380001068115234,41.867408752441406
08-03-2018,46.36000061035156,46.59000015258789,3245000,47.02000045776367,46.83000183105469,42.27362823486328
09-03-2018,46.25,46.90999984741211,2587400,47.11000061035156,47.04999923706055,42.47221374511719
12-03-2018,47.04999923706055,47.11000061035156,3133500,47.689998626708984,47.58000183105469,42.950653076171875
13-03-2018,47.20000076293945,47.65999984741211,2743400,48.08000183105469,47.38999938964844,42.77914047241211
14-03-2018,47.4900016784668,47.52000045776367,3770200,48.529998779296875,48.45000076293945,43.73600387573242
15-03-2018,48.38999938964844,48.38999938964844,3573100,49.099998474121094,48.650001525878906,43.916542053222656
16-03-2018,48.59000015258789,48.7599983215332,6025700,49.369998931884766,49.290000915527344,44.49427795410156
19-03-2018,48.88999938964844,49.209999084472656,2758200,49.75,49.29999923706055,44.50330352783203
20-03-2018,48.810001373291016,49.18000030517578,3927400,49.4900016784668,48.97999954223633,44.214439392089844
21-03-2018,48.25,49.02000045776367,3127800,49.38999938964844,48.38999938964844,43.68184280395508
22-03-2018,48.20000076293945,48.34000015258789,2405900,49.189998626708984,48.2599983215332,43.56448745727539
23-03-2018,47.84000015258789,48.470001220703125,2781100,48.97999954223633,47.900001525878906,43.23950958251953
26-03-2018,47.900001525878906,47.97999954223633,1738500,48.5099983215332,48.43000030517578,43.717952728271484
27-03-2018,48.41999816894531,48.5099983215332,3485600,49.970001220703125,49.31999969482422,44.5213508605957
28-03-2018,49.2400016784668,49.470001220703125,2801700,49.63999938964844,49.36000061035156,44.55746841430664
29-03-2018,49.470001220703125,49.61000061035156,3650800,50.40999984741211,50.2400016784668,45.35184860229492
02-04-2018,49.5099983215332,50.380001068115234,3259300,50.40999984741211,49.869998931884766,45.017845153808594
03-04-2018,49.540000915527344,49.849998474121094,2691500,50.599998474121094,50.29999923706055,45.406005859375
04-04-2018,49.77000045776367,50.209999084472656,2223500,50.529998779296875,50.369998931884766,45.46919250488281
05-04-2018,49.72999954223633,50.38999938964844,1926400,50.810001373291016,50.72999954223633,45.79416275024414
06-04-2018,49.939998626708984,50.77000045776367,3382900,50.97999954223633,50.099998474121094,45.2254638671875
09-04-2018,49.939998626708984,50.130001068115234,2340200,50.75,50.310001373291016,45.415042877197266
10-04-2018,49.7400016784668,50.310001373291016,2793000,50.5,49.849998474121094,44.99978256225586
11-04-2018,49.439998626708984,49.7599983215332,2294600,49.91999816894531,49.86000061035156,45.008819580078125
12-04-2018,49.310001373291016,50.02000045776367,4628400,50.099998474121094,49.439998626708984,44.62968444824219
13-04-2018,49.66999816894531,49.709999084472656,3278400,50.40999984741211,49.880001068115234,45.02687072753906
16-04-2018,50.0099983215332,50.29999923706055,3034300,50.61000061035156,50.40999984741211,45.50530242919922
17-04-2018,50.349998474121094,50.5,2088900,51.029998779296875,50.869998931884766,45.92055130004883
18-04-2018,50.43000030517578,50.959999084472656,1720100,51.380001068115234,50.45000076293945,45.54141616821289
19-04-2018,49.81999969482422,50.18000030517578,2182200,50.47999954223633,50.029998779296875,45.16227340698242
20-04-2018,49.31999969482422,50.130001068115234,2157800,50.209999084472656,49.5099983215332,44.692867279052734
23-04-2018,49.02000045776367,49.529998779296875,2544300,49.79999923706055,49.380001068115234,44.57551956176758
24-04-2018,49.279998779296875,49.56999969482422,3030100,50.09000015258789,49.93000030517578,45.0720100402832
25-04-2018,49.459999084472656,49.72999954223633,3422700,50.36000061035156,50.34000015258789,45.44211196899414
26-04-2018,50.150001525878906,50.40999984741211,3218800,51.27000045776367,51.16999816894531,46.19136047363281
27-04-2018,50.84000015258789,50.95000076293945,3027400,51.779998779296875,51.529998779296875,46.51633071899414
30-04-2018,51.310001373291016,51.619998931884766,3304900,52.310001373291016,52.150001525878906,47.07600784301758
01-05-2018,51.599998474121094,51.95000076293945,3188900,52.349998474121094,51.86000061035156,46.814231872558594
02-05-2018,50.9900016784668,51.869998931884766,3542700,51.97999954223633,51.459999084472656,46.45314407348633
03-05-2018,50.9900016784668,51.369998931884766,2240800,52.11000061035156,51.869998931884766,46.8232536315918
04-05-2018,51.83000183105469,51.869998931884766,1496500,52.2400016784668,52.099998474121094,47.0308723449707
07-05-2018,51.83000183105469,52.099998474121094,1619800,52.2400016784668,51.880001068115234,46.8322868347168
08-05-2018,50.97999954223633,51.68000030517578,3453800,51.68000030517578,51.08000183105469,46.1101188659668
09-05-2018,50.34000015258789,51.18000030517578,2183600,51.290000915527344,50.56999969482422,45.64973449707031
10-05-2018,50.59000015258789,50.86000061035156,1557300,51.18000030517578,51.130001068115234,46.15524673461914
11-05-2018,50.97999954223633,51.2599983215332,1736900,51.369998931884766,51.150001525878906,46.17330551147461
14-05-2018,50.65999984741211,51.2400016784668,1685000,51.290000915527344,50.88999938964844,45.93860626220703
15-05-2018,49.97999954223633,50.66999816894531,2606000,50.779998779296875,50.2400016784668,45.35184860229492
16-05-2018,49.75,50.2400016784668,1923400,50.279998779296875,49.869998931884766,45.017845153808594
17-05-2018,49.34000015258789,49.9900016784668,2547300,50.04999923706055,49.560001373291016,44.738006591796875
18-05-2018,49.43000030517578,49.75,2582700,49.9900016784668,49.72999954223633,44.8914680480957
21-05-2018,49.380001068115234,49.72999954223633,1838300,50.15999984741211,50.060001373291016,45.189353942871094
22-05-2018,49.9900016784668,50.0,2757300,50.720001220703125,50.540000915527344,45.622657775878906
23-05-2018,50.54999923706055,50.54999923706055,3430600,51.560001373291016,51.349998474121094,46.35384750366211
24-05-2018,51.349998474121094,51.439998626708984,2332600,52.029998779296875,51.93000030517578,46.87741470336914
25-05-2018,51.97999954223633,52.029998779296875,1910600,52.72999954223633,52.400001525878906,47.30168914794922
29-05-2018,52.20000076293945,52.43000030517578,2582400,52.959999084472656,52.630001068115234,47.50931167602539
30-05-2018,52.11000061035156,52.47999954223633,4021100,52.869998931884766,52.689998626708984,47.56346130371094
31-05-2018,52.34000015258789,52.540000915527344,5552600,53.33000183105469,52.97999954223633,47.825252532958984
01-06-2018,52.130001068115234,53.0,3769500,53.150001525878906,52.54999923706055,47.43709182739258
04-06-2018,52.040000915527344,52.869998931884766,3725400,53.08000183105469,52.27000045776367,47.18434143066406
05-06-2018,51.720001220703125,52.27000045776367,2558100,52.47999954223633,51.970001220703125,46.91351318359375
06-06-2018,50.849998474121094,52.0,2705200,52.029998779296875,51.02000045776367,46.05595397949219
07-06-2018,50.369998931884766,50.72999954223633,3308500,51.099998474121094,50.81999969482422,46.28363800048828
08-06-2018,50.61000061035156,50.88999938964844,2439400,51.060001373291016,50.88999938964844,46.347389221191406
11-06-2018,50.560001373291016,51.04999923706055,2865100,51.150001525878906,50.810001373291016,46.274532318115234
12-06-2018,50.79999923706055,50.86000061035156,2671700,51.9900016784668,51.93000030517578,47.294551849365234
13-06-2018,51.619998931884766,51.90999984741211,2830000,52.36000061035156,51.779998779296875,47.15793991088867
14-06-2018,51.619998931884766,51.779998779296875,2171800,52.2599983215332,52.220001220703125,47.55866622924805
15-06-2018,51.61000061035156,52.130001068115234,4402500,52.56999969482422,52.529998779296875,47.840999603271484
18-06-2018,52.40999984741211,52.540000915527344,2044600,53.040000915527344,52.849998474121094,48.1324348449707
19-06-2018,52.15999984741211,52.810001373291016,3776700,53.25,52.86000061035156,48.14154052734375
20-06-2018,52.599998474121094,52.88999938964844,3126500,53.06999969482422,53.060001373291016,48.32368469238281
21-06-2018,52.900001525878906,52.95000076293945,3840900,53.40999984741211,53.119998931884766,48.37833023071289
22-06-2018,52.97999954223633,53.220001220703125,4112200,53.54999923706055,53.34000015258789,48.57869338989258
25-06-2018,53.400001525878906,53.5099983215332,2987500,54.41999816894531,54.2400016784668,49.39835739135742
26-06-2018,53.650001525878906,54.099998474121094,2730400,54.36000061035156,53.720001220703125,48.924774169921875
27-06-2018,53.56999969482422,53.63999938964844,3004800,54.2599983215332,54.060001373291016,49.23442077636719
28-06-2018,53.93000030517578,54.119998931884766,3033700,54.47999954223633,54.189998626708984,49.352813720703125
29-06-2018,53.81999969482422,54.16999816894531,3395800,54.5,54.13999938964844,49.30728530883789
02-07-2018,53.40999984741211,54.189998626708984,3273600,54.34000015258789,53.91999816894531,49.1069221496582
03-07-2018,53.18000030517578,53.31999969482422,3419900,53.95000076293945,53.4900016784668,48.715301513671875
05-07-2018,53.040000915527344,53.52000045776367,4399700,53.540000915527344,53.41999816894531,48.65155029296875
06-07-2018,53.189998626708984,53.439998626708984,2732000,53.5099983215332,53.27000045776367,48.51493835449219
09-07-2018,51.130001068115234,53.31999969482422,4095700,53.31999969482422,51.38999938964844,46.80276107788086
10-07-2018,50.86000061035156,51.16999816894531,3481400,52.36000061035156,52.040000915527344,47.39472961425781
11-07-2018,51.88999938964844,52.0,2397900,52.68000030517578,52.619998931884766,47.9229621887207
12-07-2018,52.130001068115234,52.70000076293945,2562000,52.810001373291016,52.33000183105469,47.658851623535156
13-07-2018,51.599998474121094,52.380001068115234,3426800,52.45000076293945,52.040000915527344,47.39472961425781
16-07-2018,51.58000183105469,52.04999923706055,1970000,52.060001373291016,51.810001373291016,47.18526840209961
17-07-2018,51.709999084472656,51.970001220703125,2391600,52.15999984741211,51.7400016784668,47.121517181396484
18-07-2018,51.220001220703125,51.52000045776367,3387900,51.84000015258789,51.75,47.130615234375
19-07-2018,51.790000915527344,51.970001220703125,2349800,52.709999084472656,52.16999816894531,47.51313018798828
20-07-2018,51.20000076293945,51.560001373291016,1849800,51.79999923706055,51.36000061035156,46.77543640136719
23-07-2018,50.93000030517578,51.52000045776367,3030600,51.61000061035156,51.029998779296875,46.474891662597656
24-07-2018,50.4900016784668,50.93000030517578,4768600,51.290000915527344,51.15999984741211,46.59328842163086
25-07-2018,51.060001373291016,51.13999938964844,3222100,51.88999938964844,51.439998626708984,46.84829330444336
26-07-2018,51.68000030517578,51.68000030517578,3854400,52.40999984741211,51.79999923706055,47.17616271972656
27-07-2018,51.25,52.060001373291016,2623000,52.08000183105469,51.43000030517578,46.83918380737305
30-07-2018,50.81999969482422,51.400001525878906,3389900,51.43000030517578,51.0099983215332,46.45667266845703
31-07-2018,51.04999923706055,51.27000045776367,3856300,51.72999954223633,51.560001373291016,46.957584381103516
01-08-2018,50.0099983215332,51.40999984741211,3612700,51.59000015258789,50.540000915527344,46.02863693237305
02-08-2018,50.27000045776367,50.540000915527344,3028300,51.209999084472656,51.20000076293945,46.629722595214844
03-08-2018,50.939998626708984,51.18000030517578,2280900,51.61000061035156,51.43000030517578,46.83918380737305
06-08-2018,51.290000915527344,51.349998474121094,2215800,51.83000183105469,51.400001525878906,46.81186294555664
07-08-2018,51.02000045776367,51.34000015258789,1896100,51.63999938964844,51.52000045776367,46.9211540222168
08-08-2018,51.119998931884766,51.31999969482422,2411900,51.47999954223633,51.279998779296875,46.70257568359375
09-08-2018,51.20000076293945,51.29999923706055,2393500,52.099998474121094,51.97999954223633,47.34009552001953
10-08-2018,51.290000915527344,52.06999969482422,2273200,52.31999969482422,51.31999969482422,46.73900604248047
13-08-2018,51.290000915527344,51.31999969482422,2149600,51.77000045776367,51.720001220703125,47.10329818725586
14-08-2018,51.459999084472656,51.68000030517578,1855200,52.16999816894531,52.029998779296875,47.385623931884766
15-08-2018,52.09000015258789,52.150001525878906,4113900,53.33000183105469,52.79999923706055,48.08689498901367
16-08-2018,52.63999938964844,52.709999084472656,3740700,53.83000183105469,53.79999923706055,48.99763488769531
17-08-2018,53.470001220703125,53.68000030517578,3010100,54.349998474121094,53.810001373291016,49.00674057006836
20-08-2018,53.38999938964844,53.959999084472656,2279900,53.97999954223633,53.560001373291016,48.779056549072266
21-08-2018,52.630001068115234,53.52000045776367,2605400,53.529998779296875,52.779998779296875,48.06867599487305
22-08-2018,52.130001068115234,52.84000015258789,2282100,52.86000061035156,52.31999969482422,47.64973831176758
23-08-2018,52.16999816894531,52.38999938964844,1522100,52.599998474121094,52.40999984741211,47.73170471191406
24-08-2018,52.18000030517578,52.470001220703125,2202200,52.83000183105469,52.75,48.04135513305664
27-08-2018,52.15999984741211,52.779998779296875,2351300,52.959999084472656,52.439998626708984,47.759033203125
28-08-2018,51.61000061035156,52.349998474121094,2487000,52.459999084472656,51.779998779296875,47.15793991088867
29-08-2018,51.900001525878906,51.93000030517578,2105700,52.36000061035156,52.25,47.58598327636719
30-08-2018,52.130001068115234,52.45000076293945,2096500,52.779998779296875,52.310001373291016,47.64064025878906
31-08-2018,52.08000183105469,52.310001373291016,2380800,52.63999938964844,52.349998474121094,47.67706298828125
04-09-2018,52.41999816894531,52.5,2247300,52.7400016784668,52.72999954223633,48.02315139770508
05-09-2018,52.65999984741211,52.86000061035156,3519000,53.119998931884766,52.93000030517578,48.205291748046875
06-09-2018,52.45000076293945,52.529998779296875,3317800,53.290000915527344,53.08000183105469,48.75642776489258
07-09-2018,52.45000076293945,52.68000030517578,2604000,52.91999816894531,52.5099983215332,48.23284912109375
10-09-2018,52.31999969482422,52.7400016784668,2028300,52.869998931884766,52.54999923706055,48.269588470458984
11-09-2018,52.45000076293945,52.54999923706055,2257700,52.91999816894531,52.7599983215332,48.462486267089844
12-09-2018,52.790000915527344,52.91999816894531,2740100,53.439998626708984,53.31999969482422,48.97686767578125
13-09-2018,53.06999969482422,53.31999969482422,2308500,53.84000015258789,53.709999084472656,49.33510208129883
14-09-2018,52.77000045776367,53.529998779296875,2644100,53.63999938964844,53.27000045776367,48.930938720703125
17-09-2018,53.13999938964844,53.27000045776367,2028100,53.650001525878906,53.540000915527344,49.17894744873047
18-09-2018,52.880001068115234,53.25,2060300,53.5,53.09000015258789,48.76559829711914
19-09-2018,51.59000015258789,53.189998626708984,3329200,53.209999084472656,51.90999984741211,47.68171691894531
20-09-2018,51.36000061035156,51.93000030517578,2363000,52.25,52.189998626708984,47.938907623291016
21-09-2018,51.689998626708984,52.040000915527344,4304200,52.43000030517578,52.13999938964844,47.892982482910156
24-09-2018,51.95000076293945,52.2400016784668,2313000,52.34000015258789,52.04999923706055,47.8103141784668
25-09-2018,50.970001220703125,51.970001220703125,1746700,51.97999954223633,51.209999084472656,47.03873825073242
26-09-2018,50.650001525878906,51.36000061035156,2232700,51.529998779296875,50.68000030517578,46.551902770996094
27-09-2018,50.65999984741211,50.709999084472656,2547700,51.75,51.34000015258789,47.15814971923828
28-09-2018,51.470001220703125,51.470001220703125,4051700,52.810001373291016,52.790000915527344,48.49003601074219
01-10-2018,52.31999969482422,52.52000045776367,2443700,52.72999954223633,52.689998626708984,48.39817810058594
02-10-2018,52.88999938964844,52.88999938964844,2932800,53.5099983215332,53.130001068115234,48.802345275878906
03-10-2018,51.619998931884766,53.08000183105469,4101900,53.2599983215332,52.0099983215332,47.7735710144043
04-10-2018,51.59000015258789,51.939998626708984,4397400,52.5099983215332,52.29999923706055,48.039947509765625
05-10-2018,52.290000915527344,52.400001525878906,3495900,52.970001220703125,52.709999084472656,48.41655349731445
08-10-2018,52.709999084472656,53.040000915527344,3200300,53.810001373291016,53.52000045776367,49.16058349609375
09-10-2018,53.470001220703125,53.939998626708984,3339000,54.279998779296875,54.06999969482422,49.665771484375
10-10-2018,54.38999938964844,54.810001373291016,5033300,55.36000061035156,54.529998779296875,50.08831024169922
11-10-2018,53.43000030517578,54.619998931884766,4057400,54.7599983215332,53.59000015258789,49.224876403808594
12-10-2018,53.13999938964844,53.59000015258789,4064300,53.84000015258789,53.68000030517578,49.307552337646484
15-10-2018,53.41999816894531,53.689998626708984,2119800,53.970001220703125,53.47999954223633,49.12383270263672
16-10-2018,53.150001525878906,53.439998626708984,2613400,54.02000045776367,53.83000183105469,49.4453239440918
17-10-2018,53.25,53.869998931884766,2586500,53.959999084472656,53.650001525878906,49.279991149902344
18-10-2018,53.41999816894531,53.720001220703125,1872000,53.9900016784668,53.83000183105469,49.4453239440918
19-10-2018,53.59000015258789,53.869998931884766,2038200,55.029998779296875,54.880001068115234,50.40980529785156
22-10-2018,54.45000076293945,54.849998474121094,2553400,54.95000076293945,54.68000030517578,50.22609329223633
23-10-2018,54.29999923706055,54.779998779296875,3847100,55.18000030517578,54.630001068115234,50.1801643371582
24-10-2018,54.630001068115234,54.88999938964844,3881000,56.68000030517578,56.369998931884766,51.77843475341797
25-10-2018,55.16999816894531,56.0099983215332,4868000,56.119998931884766,55.849998474121094,51.30078887939453
26-10-2018,54.060001373291016,56.29999923706055,4837400,56.38999938964844,54.380001068115234,49.95052719116211
29-10-2018,54.4900016784668,54.4900016784668,3499700,55.33000183105469,55.22999954223633,50.731292724609375
30-10-2018,54.18000030517578,55.38999938964844,4168500,55.79999923706055,54.369998931884766,49.94134521484375
31-10-2018,52.88999938964844,53.93000030517578,4089000,54.02000045776367,53.43000030517578,49.077903747558594
01-11-2018,52.470001220703125,53.33000183105469,3688100,53.45000076293945,53.38999938964844,49.041168212890625
02-11-2018,52.56999969482422,53.529998779296875,3044700,53.810001373291016,52.97999954223633,48.6645622253418
05-11-2018,53.0,53.220001220703125,2995200,53.75,53.209999084472656,48.875831604003906
06-11-2018,52.70000076293945,53.08000183105469,2693100,53.400001525878906,53.0,48.68293762207031
07-11-2018,52.33000183105469,53.06999969482422,4675700,53.189998626708984,52.9900016784668,48.67374801635742
08-11-2018,52.599998474121094,53.040000915527344,3350200,53.36000061035156,52.970001220703125,48.65538024902344
09-11-2018,53.040000915527344,53.040000915527344,4986200,53.90999984741211,53.790000915527344,49.40858840942383
12-11-2018,53.709999084472656,53.810001373291016,4036700,54.959999084472656,53.779998779296875,49.39939498901367
13-11-2018,53.16999816894531,53.720001220703125,3950600,53.79999923706055,53.5,49.14220428466797
14-11-2018,53.06999969482422,53.34000015258789,5039900,54.29999923706055,53.90999984741211,49.5188102722168
15-11-2018,53.060001373291016,53.7599983215332,3500300,54.68000030517578,54.41999816894531,49.987266540527344
16-11-2018,53.959999084472656,54.86000061035156,3377800,55.040000915527344,54.29999923706055,49.877044677734375
19-11-2018,54.130001068115234,54.25,2771300,54.58000183105469,54.560001373291016,50.11587142944336
20-11-2018,53.5099983215332,54.77000045776367,3108500,55.09000015258789,53.58000183105469,49.21569061279297
21-11-2018,53.08000183105469,53.34000015258789,3403500,53.59000015258789,53.5,49.14220428466797
23-11-2018,52.9900016784668,53.4900016784668,899400,53.529998779296875,53.22999954223633,48.894203186035156
26-11-2018,52.689998626708984,53.22999954223633,2511000,53.5099983215332,53.4900016784668,49.13302230834961
27-11-2018,53.47999954223633,53.54999923706055,3717100,54.540000915527344,54.290000915527344,49.86785888671875
28-11-2018,54.150001525878906,54.2400016784668,3531300,54.84000015258789,54.709999084472656,50.25364685058594
29-11-2018,53.959999084472656,54.75,2993000,54.75,54.52000045776367,50.07912063598633
30-11-2018,54.5099983215332,54.709999084472656,3922800,55.939998626708984,55.900001525878906,51.34672546386719
03-12-2018,55.06999969482422,55.59000015258789,3029600,55.75,55.68000030517578,51.14463424682617
04-12-2018,55.59000015258789,55.77000045776367,3943800,56.33000183105469,55.810001373291016,51.26404571533203
06-12-2018,54.15999984741211,55.560001373291016,3998400,55.83000183105469,55.25,51.16218185424805
07-12-2018,54.810001373291016,55.310001373291016,3489000,55.77000045776367,55.439998626708984,51.33812713623047
10-12-2018,54.619998931884766,55.52000045776367,4011100,55.7400016784668,55.38999938964844,51.29182815551758
11-12-2018,55.16999816894531,55.540000915527344,2615900,56.060001373291016,55.790000915527344,51.662235260009766
12-12-2018,55.720001220703125,55.97999954223633,4049200,56.290000915527344,55.720001220703125,51.597415924072266
13-12-2018,55.630001068115234,55.7400016784668,2755900,56.189998626708984,55.79999923706055,51.67148971557617
14-12-2018,55.439998626708984,55.84000015258789,3008500,55.849998474121094,55.689998626708984,51.56963348388672
17-12-2018,53.15999984741211,55.77000045776367,3515100,55.779998779296875,53.40999984741211,49.45832443237305
18-12-2018,52.90999984741211,53.52000045776367,3187700,54.029998779296875,53.20000076293945,49.26386260986328
19-12-2018,52.47999954223633,53.34000015258789,3125300,53.630001068115234,52.7599983215332,48.85642623901367
20-12-2018,51.959999084472656,52.779998779296875,3501800,53.22999954223633,52.70000076293945,48.80085372924805
21-12-2018,52.22999954223633,52.56999969482422,5593000,53.9900016784668,52.439998626708984,48.560089111328125
24-12-2018,49.72999954223633,52.4900016784668,1743000,52.75,49.88999938964844,46.198760986328125
26-12-2018,49.22999954223633,49.91999816894531,2572000,50.7400016784668,50.709999084472656,46.958091735839844
27-12-2018,49.90999984741211,50.77000045776367,3024500,51.43000030517578,51.43000030517578,47.62482452392578
28-12-2018,51.06999969482422,51.599998474121094,2167700,51.970001220703125,51.33000183105469,47.5322151184082
31-12-2018,50.91999816894531,51.29999923706055,2847100,52.099998474121094,52.04999923706055,48.19894027709961
02-01-2019,50.52000045776367,51.79999923706055,3355900,51.79999923706055,50.83000183105469,47.0692138671875
03-01-2019,50.790000915527344,50.869998931884766,3264000,51.630001068115234,50.81999969482422,47.0599479675293
04-01-2019,50.59000015258789,50.59000015258789,4473100,51.529998779296875,51.369998931884766,47.56925964355469
07-01-2019,51.040000915527344,51.119998931884766,3534200,51.90999984741211,51.47999954223633,47.671119689941406
08-01-2019,51.2599983215332,51.560001373291016,2977500,51.790000915527344,51.68000030517578,47.856319427490234
09-01-2019,51.060001373291016,51.4900016784668,2750200,51.91999816894531,51.290000915527344,47.495174407958984
10-01-2019,51.27000045776367,51.38999938964844,2884500,52.09000015258789,52.0,48.152645111083984
11-01-2019,51.560001373291016,51.88999938964844,3800500,52.189998626708984,51.880001068115234,48.04152297973633
14-01-2019,49.970001220703125,51.529998779296875,4364200,51.529998779296875,50.75,46.99513244628906
15-01-2019,50.59000015258789,50.68000030517578,3569000,51.630001068115234,51.470001220703125,47.661865234375
16-01-2019,51.13999938964844,51.31999969482422,2908600,51.66999816894531,51.45000076293945,47.643341064453125
17-01-2019,51.459999084472656,51.52000045776367,4598300,52.29999923706055,52.209999084472656,48.347110748291016
18-01-2019,51.68000030517578,52.09000015258789,4101900,52.34000015258789,51.939998626708984,48.09708023071289
22-01-2019,51.97999954223633,52.02000045776367,3704400,52.810001373291016,52.720001220703125,48.81937789916992
23-01-2019,52.63999938964844,52.63999938964844,2906900,53.380001068115234,53.33000183105469,49.384239196777344
24-01-2019,52.72999954223633,53.279998779296875,2327100,53.279998779296875,53.2400016784668,49.300907135009766
25-01-2019,52.59000015258789,53.0,2559100,53.34000015258789,52.650001525878906,48.75456237792969
28-01-2019,52.08000183105469,52.63999938964844,2447700,52.93000030517578,52.400001525878906,48.52305603027344
29-01-2019,52.459999084472656,52.58000183105469,2496800,52.90999984741211,52.77000045776367,48.86567306518555
30-01-2019,52.5,52.5,2390100,53.47999954223633,53.25,49.31016540527344
31-01-2019,52.93000030517578,53.18000030517578,3429100,54.68000030517578,54.54999923706055,50.51397705078125
01-02-2019,54.04999923706055,54.4900016784668,2809800,54.630001068115234,54.5099983215332,50.47693634033203
04-02-2019,53.90999984741211,54.310001373291016,2583800,55.0,54.970001220703125,50.90290832519531
05-02-2019,54.5,54.869998931884766,3384600,55.04999923706055,54.900001525878906,50.83808135986328
06-02-2019,54.68000030517578,54.75,2733900,55.099998474121094,55.0,50.930686950683594
07-02-2019,54.7599983215332,55.0,3339800,55.689998626708984,55.689998626708984,51.56963348388672
08-02-2019,55.2599983215332,55.63999938964844,3049900,55.88999938964844,55.880001068115234,51.74557113647461
11-02-2019,55.720001220703125,55.900001525878906,2890000,56.119998931884766,55.97999954223633,51.83818054199219
12-02-2019,55.560001373291016,56.029998779296875,2685400,56.2400016784668,56.0,51.85669708251953
13-02-2019,55.650001525878906,55.83000183105469,3026400,56.0099983215332,55.9900016784668,51.847434997558594
14-02-2019,55.689998626708984,55.97999954223633,2847500,56.279998779296875,55.93000030517578,51.79187774658203
15-02-2019,56.04999923706055,56.20000076293945,3005600,56.45000076293945,56.31999969482422,52.15302276611328
19-02-2019,55.349998474121094,55.349998474121094,4177400,56.290000915527344,56.220001220703125,52.060420989990234
20-02-2019,55.9900016784668,56.27000045776367,3958700,56.709999084472656,56.61000061035156,52.42156219482422
21-02-2019,56.099998474121094,56.290000915527344,3939300,56.95000076293945,56.90999984741211,52.699363708496094
22-02-2019,56.7400016784668,57.04999923706055,3060900,57.630001068115234,57.29999923706055,53.06051254272461
25-02-2019,56.880001068115234,57.380001068115234,4385200,57.56999969482422,57.33000183105469,53.088294982910156
26-02-2019,57.0,57.45000076293945,5450300,57.56999969482422,57.31999969482422,53.07903289794922
27-02-2019,57.72999954223633,58.29999923706055,3402400,58.93000030517578,58.560001373291016,54.22728729248047
28-02-2019,58.349998474121094,58.5,4503600,59.04999923706055,58.810001373291016,54.458797454833984
01-03-2019,58.75,58.91999816894531,3221600,59.349998474121094,59.25,54.86623764038086
04-03-2019,58.939998626708984,59.41999816894531,3374700,59.61000061035156,59.58000183105469,55.17182159423828
05-03-2019,59.290000915527344,59.56999969482422,4108200,59.68000030517578,59.33000183105469,54.9403190612793
06-03-2019,58.97999954223633,59.439998626708984,4228200,59.650001525878906,59.15999984741211,54.78289794921875
07-03-2019,58.540000915527344,58.95000076293945,4472600,59.220001220703125,59.0,55.07225799560547
08-03-2019,58.41999816894531,59.06999969482422,2883600,59.15999984741211,58.880001068115234,54.96024703979492
11-03-2019,58.540000915527344,58.84000015258789,3506000,59.02000045776367,58.66999816894531,54.76422882080078
12-03-2019,58.54999923706055,58.790000915527344,2847300,59.209999084472656,59.130001068115234,55.19361114501953
13-03-2019,58.95000076293945,59.22999954223633,4637000,59.59000015258789,59.5099983215332,55.54830551147461
14-03-2019,59.310001373291016,59.540000915527344,2420800,59.95000076293945,59.63999938964844,55.669654846191406
15-03-2019,59.400001525878906,59.61000061035156,7124300,59.91999816894531,59.72999954223633,55.753658294677734
18-03-2019,59.31999969482422,59.83000183105469,2643900,59.869998931884766,59.61000061035156,55.64165115356445
19-03-2019,58.880001068115234,59.439998626708984,2539000,59.59000015258789,59.119998931884766,55.18427658081055
20-03-2019,58.720001220703125,59.20000076293945,2676900,59.400001525878906,58.88999938964844,54.969581604003906
21-03-2019,58.7599983215332,58.91999816894531,1808600,59.59000015258789,59.47999954223633,55.52030563354492
22-03-2019,59.47999954223633,59.650001525878906,1903700,60.09000015258789,59.630001068115234,55.660316467285156
25-03-2019,59.38999938964844,59.720001220703125,1611600,59.72999954223633,59.58000183105469,55.6136474609375
26-03-2019,59.47999954223633,59.68000030517578,2573400,59.91999816894531,59.91999816894531,55.93101119995117
27-03-2019,59.11000061035156,59.90999984741211,1991600,60.0,59.279998779296875,55.333614349365234
28-03-2019,58.56999969482422,59.2599983215332,2298100,59.400001525878906,58.790000915527344,54.876243591308594
29-03-2019,58.59000015258789,58.880001068115234,2613400,59.470001220703125,59.40999984741211,55.454959869384766
01-04-2019,58.119998931884766,59.31999969482422,2898800,59.31999969482422,58.540000915527344,54.642887115478516
02-04-2019,58.27000045776367,58.689998626708984,2768300,59.099998474121094,59.04999923706055,55.118927001953125
03-04-2019,58.540000915527344,59.099998474121094,2089700,59.119998931884766,58.83000183105469,54.91357421875
04-04-2019,58.709999084472656,59.099998474121094,3443900,59.5,59.29999923706055,55.35228729248047
05-04-2019,59.0099983215332,59.2599983215332,2611800,59.70000076293945,59.70000076293945,55.72565841674805
08-04-2019,59.09000015258789,59.54999923706055,1737900,59.72999954223633,59.25,55.30561828613281
09-04-2019,59.0099983215332,59.18000030517578,2972400,59.790000915527344,59.599998474121094,55.63231658935547
10-04-2019,59.33000183105469,59.75,2297300,60.36000061035156,59.470001220703125,55.51096725463867
11-04-2019,59.31999969482422,59.54999923706055,1970500,59.810001373291016,59.529998779296875,55.56697082519531
12-04-2019,58.93000030517578,59.41999816894531,2436900,59.91999816894531,59.88999938964844,55.903011322021484
15-04-2019,59.77000045776367,59.9900016784668,1889600,60.290000915527344,59.9900016784668,55.99635314941406
16-04-2019,58.52000045776367,60.0099983215332,2022300,60.31999969482422,58.75,54.83890151977539
17-04-2019,58.349998474121094,58.689998626708984,2624000,58.81999969482422,58.709999084472656,54.80155944824219
18-04-2019,57.869998931884766,58.95000076293945,7421500,60.310001373291016,58.869998931884766,54.95090866088867
22-04-2019,58.16999816894531,58.70000076293945,3138200,58.939998626708984,58.439998626708984,54.549537658691406
23-04-2019,57.70000076293945,58.2599983215332,3724500,58.689998626708984,58.119998931884766,54.25083923339844
24-04-2019,58.130001068115234,58.130001068115234,1924200,58.97999954223633,58.70000076293945,54.792232513427734
25-04-2019,58.38999938964844,58.5099983215332,1971300,59.25,59.0,55.07225799560547
26-04-2019,58.84000015258789,59.29999923706055,1643600,59.65999984741211,58.939998626708984,55.01625442504883
29-04-2019,58.369998931884766,58.7599983215332,1597900,58.9900016784668,58.70000076293945,54.792232513427734
30-04-2019,58.59000015258789,58.790000915527344,2182600,59.709999084472656,59.650001525878906,55.678993225097656
01-05-2019,58.7599983215332,59.38999938964844,2183200,59.4900016784668,58.779998779296875,54.86690139770508
02-05-2019,58.5,59.0,2950700,59.4900016784668,59.2400016784668,55.29628372192383
03-05-2019,59.08000183105469,59.470001220703125,2137900,59.790000915527344,59.2400016784668,55.29628372192383
06-05-2019,58.689998626708984,59.459999084472656,2129100,59.459999084472656,58.91999816894531,54.99758529663086
07-05-2019,58.630001068115234,58.90999984741211,2162300,59.13999938964844,58.84000015258789,54.922908782958984
08-05-2019,57.75,58.790000915527344,2233800,58.84000015258789,57.77000045776367,53.924137115478516
09-05-2019,57.5,57.86000061035156,1831200,58.369998931884766,58.290000915527344,54.409523010253906
10-05-2019,58.02000045776367,58.06999969482422,1320600,59.349998474121094,59.310001373291016,55.36162567138672
13-05-2019,59.20000076293945,59.2599983215332,1788400,60.06999969482422,59.970001220703125,55.977684020996094
14-05-2019,58.9900016784668,59.970001220703125,3246300,60.029998779296875,59.13999938964844,55.202938079833984
15-05-2019,58.95000076293945,59.25,1931200,59.720001220703125,59.36000061035156,55.40829086303711
16-05-2019,59.16999816894531,59.310001373291016,1707500,60.31999969482422,60.04999923706055,56.05236053466797
17-05-2019,59.72999954223633,59.72999954223633,1592000,60.58000183105469,60.43000030517578,56.40706253051758
20-05-2019,60.20000076293945,60.599998474121094,1655100,61.029998779296875,60.369998931884766,56.351051330566406
21-05-2019,60.36000061035156,60.5099983215332,1636800,61.119998931884766,60.689998626708984,56.649749755859375
22-05-2019,60.58000183105469,60.900001525878906,1526400,61.20000076293945,61.02000045776367,56.95778274536133
23-05-2019,60.7599983215332,61.11000061035156,1691800,61.38999938964844,61.380001068115234,57.293819427490234
24-05-2019,61.04999923706055,61.47999954223633,1489900,61.630001068115234,61.15999984741211,57.08846664428711
28-05-2019,59.790000915527344,61.189998626708984,2607600,61.20000076293945,59.880001068115234,55.8936767578125
29-05-2019,58.79999923706055,60.0099983215332,2843700,60.0099983215332,58.91999816894531,54.99758529663086
30-05-2019,58.369998931884766,58.970001220703125,2027700,59.11000061035156,58.66999816894531,54.76422882080078
31-05-2019,58.13999938964844,58.880001068115234,2369200,59.0,58.7599983215332,54.848236083984375
03-06-2019,58.47999954223633,58.95000076293945,2389300,59.41999816894531,59.369998931884766,55.417625427246094
04-06-2019,58.220001220703125,59.630001068115234,1510800,59.63999938964844,59.400001525878906,55.44563674926758
05-06-2019,59.43000030517578,59.43000030517578,2158600,60.65999984741211,60.400001525878906,56.37906265258789
06-06-2019,59.91999816894531,60.130001068115234,1649500,60.45000076293945,60.31999969482422,56.745948791503906
07-06-2019,59.900001525878906,60.709999084472656,1872800,61.209999084472656,60.0099983215332,56.454315185546875
10-06-2019,59.40999984741211,59.939998626708984,1268300,59.97999954223633,59.869998931884766,56.3226203918457
11-06-2019,59.02000045776367,59.86000061035156,1422800,60.060001373291016,59.369998931884766,55.85223388671875
12-06-2019,59.61000061035156,59.619998931884766,1267000,60.29999923706055,60.18000030517578,56.6142463684082
13-06-2019,59.630001068115234,60.31999969482422,3234000,60.470001220703125,60.0,56.444908142089844
14-06-2019,60.130001068115234,60.349998474121094,1832000,61.310001373291016,60.959999084472656,57.3480224609375
17-06-2019,60.54999923706055,60.91999816894531,1287500,61.20000076293945,60.900001525878906,57.291587829589844
18-06-2019,60.060001373291016,61.31999969482422,1978900,61.36000061035156,60.59000015258789,56.99995040893555
19-06-2019,60.0,60.08000183105469,2557800,60.779998779296875,60.54999923706055,56.96232223510742
20-06-2019,60.380001068115234,60.7599983215332,1682500,61.27000045776367,61.130001068115234,57.50796127319336
21-06-2019,60.619998931884766,61.18000030517578,2885800,61.2599983215332,61.04999923706055,57.43269729614258
24-06-2019,60.81999969482422,61.18000030517578,1433800,61.279998779296875,61.119998931884766,57.4985466003418
25-06-2019,60.029998779296875,61.5,1931300,61.5,60.13999938964844,56.57661819458008
26-06-2019,59.08000183105469,59.91999816894531,2312900,60.13999938964844,59.08000183105469,55.57942581176758
27-06-2019,58.619998931884766,59.369998931884766,2061900,59.439998626708984,58.790000915527344,55.30660629272461
28-06-2019,58.54999923706055,58.95000076293945,5638200,59.189998626708984,58.81999969482422,55.3348274230957
01-07-2019,57.84000015258789,58.81999969482422,2277500,58.95000076293945,58.41999816894531,54.95853042602539
02-07-2019,58.58000183105469,58.58000183105469,2179600,59.130001068115234,58.79999923706055,55.31600570678711
03-07-2019,58.79999923706055,59.04999923706055,2059800,59.939998626708984,59.58000183105469,56.0497932434082
05-07-2019,58.560001373291016,59.20000076293945,1774400,59.56999969482422,59.56999969482422,56.04038619995117
08-07-2019,59.27000045776367,59.58000183105469,1436700,59.90999984741211,59.689998626708984,56.15327835083008
09-07-2019,59.2400016784668,59.52000045776367,2348600,60.099998474121094,60.02000045776367,56.4637336730957
10-07-2019,59.88999938964844,60.11000061035156,1911800,60.52000045776367,60.220001220703125,56.65187454223633
11-07-2019,59.869998931884766,60.099998474121094,2007800,60.599998474121094,60.36000061035156,56.7835807800293
12-07-2019,59.91999816894531,60.2599983215332,1902200,60.61000061035156,60.54999923706055,56.96232223510742
15-07-2019,60.380001068115234,60.45000076293945,2530900,61.08000183105469,61.04999923706055,57.43269729614258
16-07-2019,60.279998779296875,61.02000045776367,2428600,61.349998474121094,60.5099983215332,56.9246940612793
17-07-2019,60.66999816894531,60.709999084472656,2231100,61.20000076293945,60.88999938964844,57.28217315673828
18-07-2019,60.27000045776367,60.65999984741211,1768600,61.150001525878906,61.04999923706055,57.43269729614258
19-07-2019,60.13999938964844,60.72999954223633,3488500,60.97999954223633,60.18000030517578,56.6142463684082
22-07-2019,59.41999816894531,60.27000045776367,2101400,60.279998779296875,59.77000045776367,56.228538513183594
23-07-2019,59.130001068115234,59.75,2094500,59.95000076293945,59.45000076293945,55.9275016784668
24-07-2019,58.810001373291016,59.56999969482422,2053500,59.61000061035156,59.380001068115234,55.86164474487305
25-07-2019,59.02000045776367,59.40999984741211,2457900,59.66999816894531,59.650001525878906,56.11565399169922
26-07-2019,59.31999969482422,59.650001525878906,2203200,60.310001373291016,59.540000915527344,56.01216506958008
29-07-2019,58.630001068115234,59.18000030517578,2376800,59.619998931884766,59.310001373291016,55.79579544067383
30-07-2019,57.599998474121094,59.09000015258789,3048700,59.20000076293945,57.88999938964844,54.45993423461914
31-07-2019,56.810001373291016,57.779998779296875,3755300,58.150001525878906,57.150001525878906,53.76377868652344
01-08-2019,56.4900016784668,57.150001525878906,3485900,57.58000183105469,57.18000030517578,53.79199981689453
02-08-2019,56.34000015258789,57.369998931884766,3693800,57.560001373291016,56.869998931884766,53.5003662109375
05-08-2019,55.560001373291016,56.86000061035156,3100200,57.34000015258789,55.630001068115234,52.33383560180664
06-08-2019,55.27000045776367,55.7400016784668,2822400,56.97999954223633,56.77000045776367,53.40629577636719
07-08-2019,56.08000183105469,56.63999938964844,3363700,57.7400016784668,57.16999816894531,53.782588958740234
08-08-2019,56.95000076293945,57.15999984741211,2420800,58.06999969482422,57.83000183105469,54.40349197387695
09-08-2019,57.380001068115234,57.95000076293945,2405400,58.119998931884766,57.720001220703125,54.300010681152344
12-08-2019,56.97999954223633,57.560001373291016,1822200,57.689998626708984,57.22999954223633,53.83903884887695
13-08-2019,57.0099983215332,57.2400016784668,1747700,57.86000061035156,57.630001068115234,54.21533966064453
14-08-2019,57.16999816894531,57.65999984741211,2691700,58.11000061035156,57.310001373291016,53.91429901123047
15-08-2019,57.220001220703125,57.33000183105469,1928800,58.040000915527344,57.7599983215332,54.33762741088867
16-08-2019,57.880001068115234,57.97999954223633,1843300,58.33000183105469,58.099998474121094,54.65748596191406
19-08-2019,57.97999954223633,58.25,1673900,58.709999084472656,58.54999923706055,55.0808219909668
20-08-2019,58.290000915527344,58.630001068115234,1640900,58.630001068115234,58.45000076293945,54.986751556396484
21-08-2019,58.2599983215332,58.369998931884766,1323600,58.959999084472656,58.869998931884766,55.38186264038086
22-08-2019,58.650001525878906,58.900001525878906,1783300,59.29999923706055,59.16999816894531,55.664085388183594
23-08-2019,58.16999816894531,59.38999938964844,2631800,59.650001525878906,58.439998626708984,54.97734451293945
26-08-2019,58.4900016784668,58.56999969482422,1260600,59.33000183105469,59.310001373291016,55.79579544067383
27-08-2019,59.369998931884766,59.599998474121094,2219200,60.119998931884766,59.459999084472656,55.93690872192383
28-08-2019,59.15999984741211,59.47999954223633,1834900,59.880001068115234,59.5099983215332,55.983943939208984
29-08-2019,59.470001220703125,59.869998931884766,2136900,60.08000183105469,60.08000183105469,56.520172119140625
30-08-2019,60.040000915527344,60.369998931884766,1765000,60.869998931884766,60.470001220703125,56.887062072753906
03-09-2019,60.38999938964844,60.630001068115234,2170900,61.20000076293945,61.18000030517578,57.55499267578125
04-09-2019,61.02000045776367,61.54999923706055,2709200,61.59000015258789,61.38999938964844,57.75254821777344
05-09-2019,60.720001220703125,61.04999923706055,2284200,61.349998474121094,60.869998931884766,57.263362884521484
06-09-2019,60.2599983215332,60.61000061035156,1678200,60.810001373291016,60.41999816894531,57.282318115234375
09-09-2019,60.0,60.279998779296875,1877200,60.779998779296875,60.380001068115234,57.24440002441406
10-09-2019,60.150001525878906,60.380001068115234,1909700,61.150001525878906,61.150001525878906,57.97441482543945
11-09-2019,60.939998626708984,61.08000183105469,1923100,61.90999984741211,61.90999984741211,58.6949462890625
12-09-2019,61.380001068115234,62.060001373291016,2518200,62.220001220703125,61.45000076293945,58.25883483886719
13-09-2019,60.11000061035156,61.0099983215332,2262200,61.34000015258789,60.79999923706055,57.64258575439453
16-09-2019,60.52000045776367,60.81999969482422,1245500,60.959999084472656,60.79999923706055,57.64258575439453
17-09-2019,60.869998931884766,61.0099983215332,2187700,61.66999816894531,61.16999816894531,57.993370056152344
18-09-2019,61.06999969482422,61.34000015258789,1890200,61.83000183105469,61.529998779296875,58.33467483520508
19-09-2019,61.29999923706055,61.59000015258789,1317500,61.779998779296875,61.720001220703125,58.514808654785156
20-09-2019,61.599998474121094,61.93000030517578,3240200,62.18000030517578,61.79999923706055,58.590660095214844
23-09-2019,61.70000076293945,61.7599983215332,1887100,62.220001220703125,61.91999816894531,58.70442199707031
24-09-2019,61.959999084472656,62.029998779296875,2312300,62.599998474121094,62.150001525878906,58.92247772216797
25-09-2019,61.88999938964844,62.31999969482422,2412900,62.349998474121094,62.13999938964844,58.913002014160156
26-09-2019,61.84000015258789,62.33000183105469,1347700,62.529998779296875,62.2599983215332,59.02676773071289
27-09-2019,61.59000015258789,62.36000061035156,1730800,62.43000030517578,61.97999954223633,58.76130676269531
30-09-2019,61.79999923706055,61.97999954223633,2250100,62.33000183105469,62.08000183105469,58.856117248535156
01-10-2019,61.27000045776367,61.900001525878906,2067200,62.029998779296875,61.70000076293945,58.495845794677734
02-10-2019,61.04999923706055,61.619998931884766,2025100,61.779998779296875,61.290000915527344,58.107147216796875
03-10-2019,60.880001068115234,61.369998931884766,2199000,61.65999984741211,61.63999938964844,58.438968658447266
04-10-2019,61.470001220703125,61.689998626708984,1698700,62.349998474121094,62.279998779296875,59.04572677612305
07-10-2019,61.95000076293945,62.15999984741211,1352900,62.599998474121094,62.15999984741211,58.93196487426758
08-10-2019,61.15999984741211,62.0099983215332,2152800,62.0099983215332,61.16999816894531,57.993370056152344
09-10-2019,61.2400016784668,61.2400016784668,1363200,61.91999816894531,61.56999969482422,58.37260055541992
10-10-2019,61.02000045776367,61.400001525878906,1604900,61.65999984741211,61.5099983215332,58.31571578979492
11-10-2019,61.380001068115234,61.54999923706055,2190800,63.880001068115234,62.349998474121094,59.112091064453125
14-10-2019,61.779998779296875,62.38999938964844,1496000,62.59000015258789,61.849998474121094,58.6380615234375
15-10-2019,61.70000076293945,61.900001525878906,1606300,62.220001220703125,61.86000061035156,58.64754104614258
16-10-2019,61.43000030517578,61.72999954223633,3082300,62.0,61.779998779296875,58.57169723510742
17-10-2019,61.54999923706055,61.720001220703125,1261700,62.209999084472656,62.04999923706055,58.827674865722656
18-10-2019,61.810001373291016,61.880001068115234,1603700,62.369998931884766,62.290000915527344,59.05521011352539
21-10-2019,62.119998931884766,62.43000030517578,1267000,62.5099983215332,62.369998931884766,59.13105392456055
22-10-2019,62.279998779296875,62.459999084472656,1161400,62.779998779296875,62.380001068115234,59.140541076660156
23-10-2019,62.29999923706055,62.61000061035156,1688800,62.779998779296875,62.7400016784668,59.48184585571289
24-10-2019,62.61000061035156,62.61000061035156,1202800,63.279998779296875,63.20000076293945,59.91796112060547
25-10-2019,62.7599983215332,63.31999969482422,1454400,63.459999084472656,62.900001525878906,59.633541107177734
28-10-2019,62.04999923706055,62.61000061035156,1480300,62.880001068115234,62.189998626708984,58.96040725708008
29-10-2019,61.880001068115234,61.970001220703125,1683700,62.439998626708984,62.279998779296875,59.04572677612305
30-10-2019,62.290000915527344,62.40999984741211,1626300,63.25,63.22999954223633,59.94639587402344
31-10-2019,62.599998474121094,63.29999923706055,2445700,63.560001373291016,63.310001373291016,60.022239685058594
01-11-2019,62.88999938964844,63.40999984741211,2092400,63.68000030517578,62.9900016784668,59.7188606262207
04-11-2019,62.209999084472656,62.91999816894531,1723300,63.34000015258789,62.459999084472656,59.21638107299805
05-11-2019,61.72999954223633,61.95000076293945,2658100,62.38999938964844,61.91999816894531,58.70442199707031
06-11-2019,61.86000061035156,62.02000045776367,2734100,62.59000015258789,61.93000030517578,58.713905334472656
07-11-2019,61.15999984741211,61.66999816894531,1860100,61.779998779296875,61.27000045776367,58.08818054199219
08-11-2019,60.88999938964844,61.15999984741211,1314800,61.45000076293945,61.43000030517578,58.239871978759766
11-11-2019,60.72999954223633,61.40999984741211,1138600,61.54999923706055,60.810001373291016,57.65207290649414
12-11-2019,60.400001525878906,60.880001068115234,1876300,60.959999084472656,60.45000076293945,57.310768127441406
13-11-2019,60.310001373291016,60.36000061035156,2438000,61.119998931884766,61.06999969482422,57.89856719970703
14-11-2019,60.4900016784668,61.04999923706055,2111600,61.189998626708984,60.599998474121094,57.452972412109375
15-11-2019,60.38999938964844,60.650001525878906,1631600,60.90999984741211,60.88999938964844,57.72791290283203
18-11-2019,60.869998931884766,61.099998474121094,1705100,61.709999084472656,61.0,57.83220291137695
19-11-2019,60.18000030517578,60.81999969482422,2769800,60.90999984741211,60.5,57.35816955566406
20-11-2019,60.38999938964844,60.630001068115234,2417000,61.2599983215332,61.209999084472656,58.03129577636719
21-11-2019,60.5099983215332,60.72999954223633,1662800,60.93000030517578,60.720001220703125,57.56674575805664
22-11-2019,60.0,60.81999969482422,1533100,60.93000030517578,60.400001525878906,57.263362884521484
25-11-2019,59.41999816894531,59.9900016784668,2034700,60.36000061035156,59.560001373291016,56.46697998046875
26-11-2019,59.27000045776367,59.650001525878906,2594000,59.810001373291016,59.529998779296875,56.438533782958984
27-11-2019,58.93000030517578,59.5099983215332,2400900,59.529998779296875,59.52000045776367,56.42905807495117
29-11-2019,59.209999084472656,59.720001220703125,1243300,60.0099983215332,59.310001373291016,56.2299690246582
02-12-2019,58.38999938964844,59.0099983215332,2359200,59.279998779296875,58.630001068115234,55.58528137207031
03-12-2019,58.41999816894531,58.5099983215332,4022700,58.880001068115234,58.4900016784668,55.452552795410156
04-12-2019,58.310001373291016,58.310001373291016,2898800,59.099998474121094,58.93000030517578,55.86969757080078
05-12-2019,58.59000015258789,58.900001525878906,3636000,58.95000076293945,58.7400016784668,55.689571380615234
06-12-2019,58.58000183105469,58.70000076293945,2039900,58.95000076293945,58.61000061035156,55.56631851196289
09-12-2019,57.790000915527344,58.119998931884766,1839200,58.25,57.88999938964844,55.327388763427734
10-12-2019,57.63999938964844,58.0,4211900,58.0099983215332,57.689998626708984,55.1362419128418
11-12-2019,57.540000915527344,57.75,3395000,58.34000015258789,58.27000045776367,55.6905632019043
12-12-2019,57.91999816894531,58.2599983215332,3998300,58.650001525878906,58.5,55.91038131713867
13-12-2019,58.41999816894531,58.529998779296875,3161600,58.849998474121094,58.54999923706055,55.95816421508789
16-12-2019,58.75,58.790000915527344,2915200,59.40999984741211,59.349998474121094,56.72275161743164
17-12-2019,59.22999954223633,59.34000015258789,2790800,59.93000030517578,59.25,56.62717819213867
18-12-2019,58.779998779296875,59.33000183105469,4181600,59.560001373291016,59.25,56.62717819213867
19-12-2019,58.63999938964844,59.349998474121094,3911200,59.75,58.650001525878906,56.053741455078125
20-12-2019,58.029998779296875,58.709999084472656,6090400,59.04999923706055,58.66999816894531,56.07284927368164
23-12-2019,58.22999954223633,58.720001220703125,2461800,59.0,58.599998474121094,56.005950927734375
24-12-2019,58.45000076293945,58.63999938964844,901800,58.7599983215332,58.5099983215332,55.9199333190918
26-12-2019,58.43000030517578,58.58000183105469,2963700,58.86000061035156,58.630001068115234,56.034629821777344
27-12-2019,58.5,58.7400016784668,1953900,58.79999923706055,58.58000183105469,55.986846923828125
30-12-2019,58.43000030517578,58.459999084472656,2332500,58.709999084472656,58.66999816894531,56.07284927368164
31-12-2019,58.599998474121094,58.900001525878906,2877600,59.380001068115234,59.04999923706055,56.436031341552734
02-01-2020,58.470001220703125,59.119998931884766,2557800,59.150001525878906,58.709999084472656,56.111083984375
03-01-2020,58.459999084472656,58.54999923706055,2992200,59.06999969482422,58.70000076293945,56.10152816772461
06-01-2020,58.11000061035156,58.709999084472656,3605300,58.849998474121094,58.130001068115234,55.556758880615234
07-01-2020,57.380001068115234,57.939998626708984,4094400,58.0,57.599998474121094,55.05022048950195
08-01-2020,57.66999816894531,57.709999084472656,3250900,58.09000015258789,57.959999084472656,55.394287109375
09-01-2020,57.86000061035156,57.9900016784668,2081300,58.45000076293945,58.41999816894531,55.83392333984375
10-01-2020,58.2599983215332,58.47999954223633,1499400,58.849998474121094,58.29999923706055,55.7192268371582
13-01-2020,58.150001525878906,58.2400016784668,1484900,58.439998626708984,58.25,55.67144775390625
14-01-2020,57.9900016784668,58.2400016784668,2290500,58.40999984741211,58.380001068115234,55.79569625854492
15-01-2020,58.540000915527344,58.59000015258789,1528600,59.20000076293945,59.09000015258789,56.47426223754883
16-01-2020,58.970001220703125,59.16999816894531,2255300,59.279998779296875,59.02000045776367,56.4073600769043
17-01-2020,58.540000915527344,58.90999984741211,2976800,59.18000030517578,59.15999984741211,56.54116439819336
21-01-2020,58.84000015258789,59.130001068115234,2894600,59.619998931884766,59.54999923706055,56.91389846801758
22-01-2020,59.56999969482422,59.75,4059000,60.630001068115234,60.29999923706055,57.630699157714844
23-01-2020,60.20000076293945,60.2599983215332,3560600,61.779998779296875,61.7400016784668,59.0069580078125
24-01-2020,61.439998626708984,61.650001525878906,2549500,62.130001068115234,61.65999984741211,58.93049621582031
27-01-2020,60.29999923706055,61.66999816894531,2514600,61.86000061035156,60.41999816894531,57.745384216308594
28-01-2020,59.560001373291016,60.470001220703125,3555300,60.56999969482422,59.66999816894531,57.02859115600586
29-01-2020,59.75,59.7599983215332,1830100,60.20000076293945,60.099998474121094,57.43954849243164
30-01-2020,59.599998474121094,60.209999084472656,3091900,60.400001525878906,60.0,57.34397888183594
31-01-2020,58.84000015258789,59.790000915527344,3023100,59.9900016784668,59.20000076293945,56.57939147949219
03-02-2020,59.13999938964844,59.439998626708984,1778200,59.70000076293945,59.33000183105469,56.703643798828125
04-02-2020,58.970001220703125,59.40999984741211,1952800,59.63999938964844,59.06999969482422,56.45514678955078
05-02-2020,58.79999923706055,58.9900016784668,2582700,59.83000183105469,59.279998779296875,56.655853271484375
06-02-2020,58.209999084472656,59.33000183105469,2771100,59.599998474121094,58.33000183105469,55.74790573120117
07-02-2020,57.65999984741211,58.529998779296875,2728300,58.61000061035156,57.70000076293945,55.14579391479492
10-02-2020,57.16999816894531,57.75,2217300,58.11000061035156,57.439998626708984,54.897300720214844
11-02-2020,57.56999969482422,57.650001525878906,2396200,58.25,57.81999969482422,55.26048278808594
12-02-2020,57.77000045776367,57.77000045776367,1876800,58.4900016784668,58.209999084472656,55.63322067260742
13-02-2020,58.060001373291016,58.18000030517578,2190200,58.56999969482422,58.36000061035156,55.776580810546875
14-02-2020,58.33000183105469,58.54999923706055,2229000,58.68000030517578,58.47999954223633,55.891265869140625
18-02-2020,58.5,58.65999984741211,3242500,59.15999984741211,59.02000045776367,56.4073600769043
19-02-2020,58.720001220703125,59.0,2226500,59.04999923706055,58.900001525878906,56.29267883300781
20-02-2020,58.72999954223633,58.83000183105469,3453300,59.290000915527344,59.18000030517578,56.56027603149414
21-02-2020,58.91999816894531,59.0,4165300,60.13999938964844,59.959999084472656,57.30575180053711
24-02-2020,59.099998474121094,59.709999084472656,3336200,60.15999984741211,59.11000061035156,56.493377685546875
25-02-2020,57.40999984741211,59.06999969482422,3657800,59.150001525878906,57.40999984741211,54.868629455566406
26-02-2020,55.52000045776367,58.70000076293945,3943100,59.0,55.56999969482422,53.11008071899414
27-02-2020,52.86000061035156,55.5,5723000,55.599998474121094,52.869998931884766,50.529605865478516
28-02-2020,50.13999938964844,51.900001525878906,6031800,52.150001525878906,51.310001373291016,49.03866195678711
02-03-2020,51.27000045776367,51.349998474121094,4264100,53.7599983215332,53.709999084472656,51.33241653442383
03-03-2020,52.900001525878906,53.720001220703125,5192500,55.27000045776367,53.04999923706055,50.701637268066406
04-03-2020,53.5,53.630001068115234,2751400,55.61000061035156,55.59000015258789,53.12919998168945
05-03-2020,53.41999816894531,54.630001068115234,3736900,55.15999984741211,53.9900016784668,51.60002899169922
06-03-2020,51.560001373291016,52.54999923706055,5261100,55.040000915527344,54.72999954223633,52.30727005004883
09-03-2020,49.88999938964844,51.2599983215332,4713600,52.5099983215332,50.7599983215332,48.95126724243164
10-03-2020,50.38999938964844,51.709999084472656,5151400,53.0,52.939998626708984,51.0535888671875
11-03-2020,48.150001525878906,51.599998474121094,5177400,51.650001525878906,48.75,47.01288986206055
12-03-2020,44.25,46.11000061035156,7155800,51.08000183105469,44.59000015258789,43.001129150390625
13-03-2020,42.22999954223633,46.91999816894531,7933100,47.15999984741211,44.13999938964844,42.56715774536133
16-03-2020,39.560001373291016,40.79999923706055,5742000,44.88999938964844,40.279998779296875,38.844703674316406
17-03-2020,40.20000076293945,41.220001220703125,7256000,43.34000015258789,43.08000183105469,41.5449333190918
18-03-2020,36.63999938964844,40.65999984741211,5646300,41.27000045776367,38.2599983215332,36.89667892456055
19-03-2020,36.22999954223633,38.18000030517578,5351800,40.70000076293945,39.13999938964844,37.745323181152344
20-03-2020,37.5099983215332,39.13999938964844,6740100,40.380001068115234,37.81999969482422,36.47236251831055
23-03-2020,34.75,37.27000045776367,5522700,38.11000061035156,36.86000061035156,35.54656982421875
24-03-2020,38.27000045776367,38.52000045776367,3875000,41.20000076293945,40.779998779296875,39.32688522338867
25-03-2020,39.56999969482422,40.689998626708984,4929600,43.34000015258789,40.88999938964844,39.43296813964844
26-03-2020,40.4900016784668,41.06999969482422,3358100,44.31999969482422,44.0099983215332,42.44179153442383
27-03-2020,42.400001525878906,42.45000076293945,3651700,45.90999984741211,44.47999954223633,42.895042419433594
30-03-2020,43.459999084472656,44.970001220703125,5166300,45.43000030517578,44.5099983215332,42.923973083496094
31-03-2020,43.7599983215332,44.16999816894531,6465800,45.84000015258789,44.90999984741211,43.30972671508789
01-04-2020,41.630001068115234,43.04999923706055,3904400,43.439998626708984,42.790000915527344,41.26526641845703
02-04-2020,42.189998626708984,42.34000015258789,5214800,45.540000915527344,45.279998779296875,43.66653823852539
03-04-2020,43.93000030517578,44.84000015258789,4001000,45.81999969482422,44.36000061035156,42.779319763183594
06-04-2020,45.41999816894531,46.0099983215332,4289600,47.38999938964844,46.849998474121094,45.18059539794922
07-04-2020,47.5,48.36000061035156,4271100,49.84000015258789,47.529998779296875,45.836360931396484
08-04-2020,47.150001525878906,47.150001525878906,4300200,51.2400016784668,50.86000061035156,49.047706604003906
09-04-2020,51.540000915527344,51.560001373291016,3819300,54.15999984741211,52.95000076293945,51.063232421875
13-04-2020,51.060001373291016,52.029998779296875,2013600,52.650001525878906,51.65999984741211,49.81919860839844
14-04-2020,51.900001525878906,52.599998474121094,4253700,53.61000061035156,53.47999954223633,51.57434844970703
15-04-2020,50.90999984741211,52.13999938964844,2886700,52.43000030517578,52.0099983215332,50.1567268371582
16-04-2020,51.29999923706055,52.06999969482422,3339200,52.81999969482422,52.16999816894531,50.31102752685547
17-04-2020,52.7599983215332,53.13999938964844,3143600,54.869998931884766,54.619998931884766,52.67372512817383
20-04-2020,51.630001068115234,53.709999084472656,2911300,53.95000076293945,51.84000015258789,49.9927864074707
21-04-2020,49.2400016784668,50.560001373291016,3086400,51.25,50.0099983215332,48.22799301147461
22-04-2020,50.040000915527344,50.9900016784668,2211500,51.63999938964844,51.099998474121094,49.27915573120117
23-04-2020,50.0099983215332,51.13999938964844,2066900,51.619998931884766,50.369998931884766,48.575164794921875
24-04-2020,50.310001373291016,50.81999969482422,2594400,51.61000061035156,51.369998931884766,49.53953552246094
27-04-2020,51.22999954223633,51.650001525878906,2105100,52.2400016784668,52.0099983215332,50.1567268371582
28-04-2020,51.689998626708984,52.63999938964844,1828700,53.40999984741211,51.880001068115234,50.0313606262207
29-04-2020,51.61000061035156,52.849998474121094,2176400,53.150001525878906,52.29999923706055,50.4363899230957
30-04-2020,50.130001068115234,52.060001373291016,2310400,52.150001525878906,50.709999084472656,48.90304946899414
01-05-2020,49.029998779296875,50.20000076293945,2240600,50.36000061035156,49.40999984741211,47.649375915527344
04-05-2020,47.93000030517578,49.72999954223633,2168900,49.72999954223633,49.13999938964844,47.38899612426758
05-05-2020,49.13999938964844,49.20000076293945,2276300,50.290000915527344,49.84000015258789,48.06405258178711
06-05-2020,48.02000045776367,50.08000183105469,2146800,50.11000061035156,48.04999923706055,46.33783721923828
07-05-2020,47.68000030517578,48.7400016784668,2169600,48.84000015258789,47.81999969482422,46.116031646728516
08-05-2020,48.09000015258789,48.38999938964844,2121800,49.0,48.77000045776367,47.03218078613281
11-05-2020,46.97999954223633,48.369998931884766,2481100,48.38999938964844,48.20000076293945,46.48249053955078
12-05-2020,46.79999923706055,48.16999816894531,2794800,48.22999954223633,46.79999923706055,45.13237762451172
13-05-2020,44.439998626708984,46.56999969482422,3538900,46.599998474121094,44.959999084472656,43.35794448852539
14-05-2020,43.869998931884766,44.52000045776367,4694800,46.63999938964844,46.58000183105469,44.92021942138672
15-05-2020,44.959999084472656,46.349998474121094,4422700,46.59000015258789,45.459999084472656,43.84012222290039
18-05-2020,46.5099983215332,46.709999084472656,4632800,49.93000030517578,49.349998474121094,47.59151077270508
19-05-2020,48.150001525878906,49.029998779296875,4613200,49.31999969482422,48.5,46.77180099487305
20-05-2020,48.36000061035156,48.970001220703125,2767700,49.560001373291016,48.75,47.01288986206055
21-05-2020,48.0099983215332,48.529998779296875,1846100,49.290000915527344,48.06999969482422,46.357120513916016
22-05-2020,47.63999938964844,48.119998931884766,1168500,48.150001525878906,48.119998931884766,46.405338287353516
26-05-2020,49.29999923706055,49.369998931884766,1483500,50.380001068115234,49.400001525878906,47.639732360839844
27-05-2020,49.25,50.369998931884766,2633400,50.779998779296875,49.90999984741211,48.131561279296875
28-05-2020,49.810001373291016,50.619998931884766,3297000,51.33000183105469,51.029998779296875,49.211647033691406
29-05-2020,50.130001068115234,50.7599983215332,4433100,51.130001068115234,51.040000915527344,49.22129440307617
01-06-2020,50.81999969482422,50.91999816894531,2330900,52.720001220703125,52.220001220703125,50.359249114990234
02-06-2020,51.54999923706055,52.5,2032500,52.61000061035156,52.27000045776367,50.407466888427734
03-06-2020,52.310001373291016,52.689998626708984,1743300,53.13999938964844,52.75,50.870361328125
04-06-2020,51.27000045776367,52.290000915527344,2370000,52.52000045776367,51.939998626708984,50.0892219543457
05-06-2020,52.400001525878906,52.779998779296875,2329900,54.650001525878906,53.47999954223633,51.57434844970703
08-06-2020,53.0,53.0,3050500,55.72999954223633,55.5,54.01729202270508
09-06-2020,53.119998931884766,54.849998474121094,2731700,54.849998474121094,53.66999816894531,52.23617935180664
10-06-2020,52.130001068115234,53.400001525878906,4257500,53.45000076293945,52.20000076293945,50.80545425415039
11-06-2020,49.41999816894531,51.119998931884766,2992700,51.33000183105469,50.0,48.66423034667969
12-06-2020,48.93000030517578,51.220001220703125,2385500,51.29999923706055,49.709999084472656,48.3819694519043
15-06-2020,47.91999816894531,48.630001068115234,2653900,50.11000061035156,49.900001525878906,48.56690216064453
16-06-2020,50.40999984741211,51.209999084472656,2232100,52.119998931884766,50.720001220703125,49.36499786376953
17-06-2020,50.0099983215332,50.810001373291016,1739300,50.970001220703125,50.459999084472656,49.111934661865234
18-06-2020,49.70000076293945,50.09000015258789,1723800,50.4900016784668,50.369998931884766,49.02434158325195
19-06-2020,48.709999084472656,51.08000183105469,4546300,51.119998931884766,48.709999084472656,47.408687591552734
22-06-2020,48.290000915527344,48.650001525878906,1826600,49.369998931884766,49.130001068115234,47.81747055053711
23-06-2020,48.77000045776367,49.68000030517578,1707000,49.959999084472656,49.040000915527344,47.72987365722656
24-06-2020,47.459999084472656,48.4900016784668,2430600,48.77000045776367,48.15999984741211,46.873382568359375
25-06-2020,47.06999969482422,47.97999954223633,2470100,48.0099983215332,47.970001220703125,46.68846130371094
26-06-2020,46.70000076293945,47.900001525878906,3910900,48.470001220703125,47.5,46.23101806640625
29-06-2020,47.650001525878906,47.95000076293945,2458300,49.29999923706055,49.209999084472656,47.89533233642578
30-06-2020,48.61000061035156,49.29999923706055,3386800,49.7599983215332,49.15999984741211,47.8466682434082
01-07-2020,48.939998626708984,49.18000030517578,2616900,50.45000076293945,49.75,48.42090606689453
02-07-2020,49.939998626708984,50.220001220703125,1594000,50.599998474121094,50.11000061035156,48.77128982543945
06-07-2020,50.08000183105469,50.66999816894531,2351700,51.47999954223633,50.619998931884766,49.267662048339844
07-07-2020,49.5,50.06999969482422,1822500,50.369998931884766,50.290000915527344,48.94648361206055
08-07-2020,49.97999954223633,50.130001068115234,2636400,51.06999969482422,50.869998931884766,49.510982513427734
09-07-2020,49.060001373291016,50.369998931884766,2981900,50.43000030517578,49.790000915527344,48.4598388671875
10-07-2020,49.65999984741211,49.790000915527344,3166000,51.029998779296875,50.59000015258789,49.23846435546875
13-07-2020,50.720001220703125,50.959999084472656,3269200,51.97999954223633,51.810001373291016,50.425872802734375
14-07-2020,51.040000915527344,51.7400016784668,2643800,52.09000015258789,51.52000045776367,50.143619537353516
15-07-2020,51.599998474121094,52.189998626708984,3863100,53.20000076293945,52.400001525878906,51.00011444091797
16-07-2020,51.880001068115234,52.38999938964844,1951800,53.06999969482422,52.90999984741211,51.496482849121094
17-07-2020,53.029998779296875,53.15999984741211,4412900,55.09000015258789,55.08000183105469,53.608516693115234
20-07-2020,52.790000915527344,54.529998779296875,2038200,54.59000015258789,52.81999969482422,51.40888977050781
21-07-2020,52.09000015258789,52.349998474121094,2058500,53.22999954223633,52.27000045776367,50.87358474731445
22-07-2020,51.119998931884766,51.95000076293945,2923500,53.060001373291016,52.9900016784668,51.5743522644043
23-07-2020,52.380001068115234,52.849998474121094,1810200,53.470001220703125,52.709999084472656,51.30182647705078
24-07-2020,52.09000015258789,52.9900016784668,1694100,53.43000030517578,52.27000045776367,50.87358474731445
27-07-2020,51.0099983215332,52.16999816894531,1704000,52.31999969482422,51.9900016784668,50.60106658935547
28-07-2020,51.849998474121094,51.849998474121094,1553700,52.650001525878906,52.40999984741211,51.00984191894531
29-07-2020,51.849998474121094,52.54999923706055,2133600,52.66999816894531,52.59000015258789,51.18503189086914
30-07-2020,51.560001373291016,51.970001220703125,1394200,52.54999923706055,52.38999938964844,50.99037551879883
31-07-2020,51.970001220703125,51.970001220703125,4457800,56.130001068115234,55.939998626708984,54.44553756713867
03-08-2020,53.959999084472656,55.5,2912900,55.68000030517578,54.470001220703125,53.01481246948242
04-08-2020,54.349998474121094,54.56999969482422,2686000,56.209999084472656,55.650001525878906,54.16328811645508
05-08-2020,54.400001525878906,55.93000030517578,1978500,55.93000030517578,54.58000183105469,53.12187576293945
06-08-2020,53.36000061035156,53.63999938964844,1777500,54.70000076293945,54.630001068115234,53.170536041259766
07-08-2020,54.13999938964844,54.13999938964844,1801200,55.939998626708984,55.650001525878906,54.16328811645508
10-08-2020,55.2400016784668,55.77000045776367,1511900,56.130001068115234,55.349998474121094,53.871299743652344
11-08-2020,54.41999816894531,55.77000045776367,1531000,56.22999954223633,54.470001220703125,53.01481246948242
12-08-2020,54.52000045776367,54.709999084472656,1987400,55.86000061035156,55.529998779296875,54.04648971557617
13-08-2020,54.689998626708984,55.130001068115234,1439200,55.65999984741211,55.459999084472656,53.97835922241211
14-08-2020,54.790000915527344,55.380001068115234,1016900,55.63999938964844,55.16999816894531,53.696109771728516
17-08-2020,54.43000030517578,55.040000915527344,1419500,55.15999984741211,54.720001220703125,53.25813293457031
18-08-2020,53.970001220703125,54.65999984741211,2050800,54.97999954223633,54.529998779296875,53.073204040527344
19-08-2020,54.13999938964844,54.7400016784668,1197800,54.7599983215332,54.34000015258789,52.888282775878906
20-08-2020,53.599998474121094,53.93000030517578,1121300,54.2400016784668,53.849998474121094,52.411373138427734
21-08-2020,52.810001373291016,54.060001373291016,2082200,54.060001373291016,53.279998779296875,51.856597900390625
24-08-2020,52.970001220703125,53.470001220703125,1390500,53.91999816894531,53.900001525878906,52.46004104614258
25-08-2020,53.04999923706055,54.040000915527344,1280100,54.04999923706055,53.599998474121094,52.16804885864258
26-08-2020,52.130001068115234,53.04999923706055,1475500,53.08000183105469,52.45000076293945,51.04877853393555
27-08-2020,51.90999984741211,52.77000045776367,2205300,53.0,52.290000915527344,50.89305114746094
28-08-2020,51.560001373291016,52.310001373291016,2792600,52.36000061035156,52.15999984741211,50.76652145385742
31-08-2020,51.90999984741211,52.20000076293945,1916500,52.5,52.2400016784668,50.84438705444336
01-09-2020,50.75,51.81999969482422,1463200,51.81999969482422,51.0,49.63751220703125
02-09-2020,50.689998626708984,50.93000030517578,2202000,53.099998474121094,52.91999816894531,51.50621795654297
03-09-2020,51.540000915527344,53.27000045776367,1680800,53.72999954223633,52.029998779296875,50.639991760253906
04-09-2020,51.36000061035156,52.16999816894531,2271900,52.630001068115234,52.52000045776367,51.116905212402344
08-09-2020,51.119998931884766,52.119998931884766,2656000,52.220001220703125,52.0,51.087432861328125
09-09-2020,52.189998626708984,52.290000915527344,3619000,54.09000015258789,53.43000030517578,52.49233627319336
10-09-2020,52.279998779296875,52.970001220703125,2377100,53.369998931884766,52.29999923706055,51.382164001464844
11-09-2020,51.5,52.36000061035156,1606100,52.58000183105469,52.38999938964844,51.470584869384766
14-09-2020,52.15999984741211,52.599998474121094,1422300,52.77000045776367,52.47999954223633,51.55900573730469
15-09-2020,51.47999954223633,52.689998626708984,1762500,52.689998626708984,51.650001525878906,50.74357604980469
16-09-2020,51.459999084472656,51.689998626708984,2213800,53.16999816894531,53.0,52.069881439208984
17-09-2020,51.90999984741211,52.5099983215332,1931500,53.11000061035156,52.2400016784668,51.32322311401367
18-09-2020,51.040000915527344,52.0,3654300,52.47999954223633,51.33000183105469,50.42919158935547
21-09-2020,50.31999969482422,50.849998474121094,1681300,51.54999923706055,51.16999816894531,50.27199935913086
22-09-2020,51.540000915527344,51.869998931884766,2112200,52.7400016784668,52.470001220703125,51.54918670654297
23-09-2020,51.83000183105469,52.52000045776367,1890500,52.75,51.91999816894531,51.00883483886719
24-09-2020,51.65999984741211,51.86000061035156,3414700,53.939998626708984,53.470001220703125,52.53163528442383
25-09-2020,52.790000915527344,53.060001373291016,2392700,54.349998474121094,54.130001068115234,53.1800537109375
28-09-2020,54.290000915527344,54.56999969482422,1622100,55.16999816894531,54.349998474121094,53.39619064331055
29-09-2020,54.349998474121094,54.599998474121094,1802400,55.349998474121094,54.79999923706055,53.83829116821289
30-09-2020,54.529998779296875,55.18000030517578,2886800,55.400001525878906,54.90999984741211,53.94636154174805
01-10-2020,54.470001220703125,54.959999084472656,2277700,55.369998931884766,55.06999969482422,54.103553771972656
02-10-2020,54.18000030517578,54.59000015258789,3631400,56.40999984741211,55.95000076293945,54.96811294555664
05-10-2020,55.560001373291016,56.04999923706055,1907900,56.900001525878906,56.31999969482422,55.33161926269531
06-10-2020,55.560001373291016,56.38999938964844,2456000,56.95000076293945,55.900001525878906,54.91899108886719
07-10-2020,56.380001068115234,56.380001068115234,2112200,57.34000015258789,57.029998779296875,56.02915573120117
08-10-2020,57.119998931884766,57.130001068115234,1463500,58.4900016784668,58.400001525878906,57.375118255615234
09-10-2020,57.349998474121094,58.63999938964844,2202700,58.689998626708984,57.560001373291016,56.54985809326172
12-10-2020,57.2400016784668,57.52000045776367,1943700,58.040000915527344,57.7599983215332,56.74634552001953
13-10-2020,56.79999923706055,57.279998779296875,2469800,57.959999084472656,57.91999816894531,56.90353775024414
14-10-2020,57.849998474121094,57.91999816894531,1386400,58.66999816894531,58.02000045776367,57.00178527832031
15-10-2020,57.40999984741211,57.5,1445100,58.880001068115234,58.45000076293945,57.42424011230469
16-10-2020,58.2599983215332,58.68000030517578,2545400,59.83000183105469,59.5,58.455810546875
19-10-2020,59.04999923706055,59.540000915527344,1946800,59.86000061035156,59.5,58.455810546875
20-10-2020,59.4900016784668,59.779998779296875,1519800,60.08000183105469,59.88999938964844,58.838966369628906
21-10-2020,59.470001220703125,59.779998779296875,2199300,60.16999816894531,59.52000045776367,58.475460052490234
22-10-2020,59.13999938964844,59.66999816894531,1571400,60.88999938964844,60.869998931884766,59.80176544189453
23-10-2020,60.439998626708984,60.939998626708984,1845300,61.060001373291016,60.91999816894531,59.85089111328125
26-10-2020,59.97999954223633,60.45000076293945,1840200,60.9900016784668,60.97999954223633,59.90983581542969
27-10-2020,60.77000045776367,60.959999084472656,1789900,61.88999938964844,61.0,59.92948532104492
28-10-2020,58.5099983215332,60.22999954223633,2509500,60.709999084472656,58.68000030517578,57.650203704833984
29-10-2020,58.15999984741211,58.5099983215332,2627700,60.29999923706055,59.720001220703125,58.67195129394531
30-10-2020,57.43000030517578,59.16999816894531,3240600,59.720001220703125,58.150001525878906,57.1295051574707
02-11-2020,58.0,58.88999938964844,3326100,59.18000030517578,58.4900016784668,57.463539123535156
03-11-2020,58.880001068115234,59.4900016784668,1702300,60.02000045776367,59.31999969482422,58.278968811035156
04-11-2020,58.25,59.439998626708984,1898400,60.15999984741211,58.400001525878906,57.375118255615234
05-11-2020,58.29999923706055,58.880001068115234,1721800,59.63999938964844,58.790000915527344,57.75827407836914
06-11-2020,58.38999938964844,58.599998474121094,1502700,59.13999938964844,58.41999816894531,57.3947639465332
09-11-2020,60.29999923706055,61.040000915527344,2495700,62.150001525878906,60.380001068115234,59.320369720458984
10-11-2020,59.86000061035156,60.40999984741211,1931500,60.7400016784668,60.72999954223633,59.664222717285156
11-11-2020,60.130001068115234,61.119998931884766,1655800,61.2400016784668,60.880001068115234,59.81159591674805
12-11-2020,58.779998779296875,60.119998931884766,1859900,60.27000045776367,59.18000030517578,58.14142608642578
13-11-2020,59.150001525878906,59.56999969482422,3022200,59.93000030517578,59.380001068115234,58.33791732788086
16-11-2020,59.2599983215332,60.43000030517578,4382900,60.5099983215332,59.52000045776367,58.475460052490234
17-11-2020,58.939998626708984,59.310001373291016,3758800,59.45000076293945,59.04999923706055,58.01370620727539
18-11-2020,57.7599983215332,59.380001068115234,2652000,59.380001068115234,57.81999969482422,56.805294036865234
19-11-2020,56.84000015258789,57.81999969482422,2496900,57.81999969482422,57.619998931884766,56.608802795410156
20-11-2020,57.349998474121094,57.79999923706055,5497100,58.43000030517578,58.209999084472656,57.188446044921875
23-11-2020,58.0,58.5099983215332,2038400,58.900001525878906,58.41999816894531,57.3947639465332
24-11-2020,58.45000076293945,58.66999816894531,2299100,59.900001525878906,59.68000030517578,58.632652282714844
25-11-2020,59.40999984741211,59.66999816894531,1982500,60.0,59.970001220703125,58.917564392089844
27-11-2020,58.849998474121094,59.810001373291016,898700,59.970001220703125,59.349998474121094,58.30844497680664
30-11-2020,58.18000030517578,59.08000183105469,3996400,59.08000183105469,58.279998779296875,57.25721740722656
01-12-2020,57.34000015258789,58.88999938964844,2522600,59.2599983215332,57.5099983215332,56.500736236572266
02-12-2020,57.0099983215332,57.34000015258789,3046900,58.040000915527344,57.70000076293945,56.687400817871094
03-12-2020,56.849998474121094,57.400001525878906,2688100,57.88999938964844,57.630001068115234,56.618629455566406
04-12-2020,57.290000915527344,57.58000183105469,3045000,57.939998626708984,57.630001068115234,56.618629455566406
07-12-2020,57.18000030517578,57.380001068115234,2085500,57.970001220703125,57.529998779296875,56.520381927490234
08-12-2020,56.66999816894531,57.2400016784668,2509500,57.400001525878906,57.22999954223633,56.22564697265625
09-12-2020,56.470001220703125,56.939998626708984,1597100,57.25,56.88999938964844,56.374290466308594
10-12-2020,55.81999969482422,56.70000076293945,1697100,57.06999969482422,56.599998474121094,56.086917877197266
11-12-2020,56.119998931884766,56.209999084472656,1626100,56.779998779296875,56.47999954223633,55.9680061340332
14-12-2020,56.22999954223633,56.869998931884766,2589600,57.369998931884766,56.43000030517578,55.918460845947266
15-12-2020,56.380001068115234,56.779998779296875,2046800,57.93000030517578,57.810001373291016,57.285953521728516
16-12-2020,57.060001373291016,57.630001068115234,2054000,58.18000030517578,57.150001525878906,56.631935119628906
17-12-2020,57.16999816894531,57.529998779296875,2246900,57.959999084472656,57.189998626708984,56.67156982421875
18-12-2020,56.400001525878906,57.16999816894531,4616500,57.400001525878906,56.81999969482422,56.30492401123047
21-12-2020,55.90999984741211,56.27000045776367,3160300,56.90999984741211,56.470001220703125,55.958099365234375
22-12-2020,56.150001525878906,56.459999084472656,2009200,56.689998626708984,56.38999938964844,55.878822326660156
23-12-2020,56.529998779296875,56.79999923706055,1527700,57.33000183105469,56.529998779296875,56.01755142211914
24-12-2020,56.5099983215332,56.540000915527344,773000,57.189998626708984,57.150001525878906,56.631935119628906
28-12-2020,57.189998626708984,57.63999938964844,1038700,57.70000076293945,57.31999969482422,56.800392150878906
29-12-2020,56.900001525878906,57.41999816894531,1946300,57.900001525878906,57.08000183105469,56.56256866455078
30-12-2020,56.959999084472656,56.959999084472656,1188100,57.66999816894531,57.36000061035156,56.840030670166016
31-12-2020,57.189998626708984,57.279998779296875,1833200,58.34000015258789,58.29999923706055,57.771507263183594
04-01-2021,55.540000915527344,58.13999938964844,3856800,58.90999984741211,55.72999954223633,55.22480392456055
05-01-2021,54.959999084472656,55.709999084472656,2882500,56.04999923706055,55.7400016784668,55.234718322753906
06-01-2021,55.86000061035156,56.2400016784668,2320500,57.04999923706055,56.90999984741211,56.394107818603516
07-01-2021,55.779998779296875,56.79999923706055,2791700,57.02000045776367,56.099998474121094,55.59144973754883
08-01-2021,56.119998931884766,56.189998626708984,2925800,57.4900016784668,57.310001373291016,56.79048538208008
11-01-2021,56.61000061035156,57.040000915527344,2500900,57.459999084472656,56.97999954223633,56.46347427368164
12-01-2021,56.33000183105469,56.95000076293945,2356000,57.540000915527344,57.349998474121094,56.83012008666992
13-01-2021,57.40999984741211,57.58000183105469,2677500,58.88999938964844,58.68000030517578,58.14806365966797
14-01-2021,57.75,58.41999816894531,1894100,58.68000030517578,57.779998779296875,57.256221771240234
15-01-2021,57.31999969482422,57.709999084472656,3101300,59.560001373291016,59.380001068115234,58.84172058105469
19-01-2021,58.11000061035156,59.630001068115234,2093700,59.630001068115234,58.18000030517578,57.65259552001953
20-01-2021,57.560001373291016,58.0,2486000,59.45000076293945,59.2599983215332,58.72280502319336
21-01-2021,58.27000045776367,59.099998474121094,1751500,59.33000183105469,58.349998474121094,57.82105255126953
22-01-2021,57.63999938964844,58.060001373291016,1375700,58.59000015258789,58.36000061035156,57.83096694946289
25-01-2021,57.810001373291016,58.290000915527344,2284200,58.939998626708984,58.52000045776367,57.9895133972168
26-01-2021,57.779998779296875,58.689998626708984,1430100,58.77000045776367,58.33000183105469,57.801239013671875
27-01-2021,55.959999084472656,57.86000061035156,2233300,58.2599983215332,56.36000061035156,55.84909439086914
28-01-2021,56.349998474121094,56.459999084472656,1705400,58.060001373291016,57.04999923706055,56.532840728759766
29-01-2021,55.56999969482422,56.54999923706055,2096300,57.099998474121094,56.43000030517578,55.918460845947266
01-02-2021,55.720001220703125,56.52000045776367,1284700,57.5,57.150001525878906,56.631935119628906
02-02-2021,57.11000061035156,57.459999084472656,2613100,58.9900016784668,58.349998474121094,57.82105255126953
03-02-2021,57.86000061035156,58.189998626708984,1706900,58.65999984741211,58.099998474121094,57.57331848144531
04-02-2021,57.93000030517578,58.029998779296875,1423800,58.939998626708984,58.560001373291016,58.029151916503906
05-02-2021,58.47999954223633,58.9900016784668,1953400,59.4900016784668,59.31999969482422,58.78226089477539
08-02-2021,58.38999938964844,59.349998474121094,1643500,59.9900016784668,58.810001373291016,58.276885986328125
09-02-2021,58.209999084472656,58.97999954223633,1513900,59.150001525878906,58.72999954223633,58.197608947753906
10-02-2021,58.54999923706055,59.09000015258789,1615800,59.15999984741211,58.849998474121094,58.31652069091797
11-02-2021,58.2599983215332,58.77000045776367,1405300,58.959999084472656,58.56999969482422,58.0390625
12-02-2021,58.0099983215332,58.209999084472656,1251400,58.75,58.27000045776367,57.74177932739258
16-02-2021,57.33000183105469,58.25,2307300,58.439998626708984,57.95000076293945,57.4246826171875
17-02-2021,57.400001525878906,58.029998779296875,1331500,58.2400016784668,58.0099983215332,57.484134674072266
18-02-2021,57.7599983215332,57.97999954223633,1113800,58.79999923706055,58.5,57.969696044921875
19-02-2021,57.470001220703125,58.54999923706055,3815100,58.560001373291016,57.75,57.22649383544922
22-02-2021,56.18000030517578,57.68000030517578,2013300,57.75,57.09000015258789,56.572479248046875
23-02-2021,57.5099983215332,57.540000915527344,1488400,58.290000915527344,57.77000045776367,57.246315002441406
24-02-2021,55.97999954223633,57.470001220703125,2955000,57.650001525878906,56.04999923706055,55.54190444946289
25-02-2021,55.65999984741211,55.959999084472656,3159900,56.45000076293945,55.900001525878906,55.39326477050781
26-02-2021,53.790000915527344,55.939998626708984,4100900,56.38999938964844,53.83000183105469,53.3420295715332
01-03-2021,54.27000045776367,54.27000045776367,1935300,55.720001220703125,55.09000015258789,54.590606689453125
02-03-2021,54.119998931884766,55.119998931884766,1895700,55.2599983215332,54.61000061035156,54.114959716796875
03-03-2021,53.77000045776367,54.38999938964844,2379700,54.66999816894531,54.25,53.75822067260742
04-03-2021,54.0,54.290000915527344,1832100,55.56999969482422,54.65999984741211,54.16450500488281
05-03-2021,54.93000030517578,55.060001373291016,2302700,56.630001068115234,56.2599983215332,55.75
08-03-2021,55.7400016784668,56.02000045776367,2643900,57.65999984741211,57.099998474121094,57.099998474121094
09-03-2021,57.11000061035156,57.15999984741211,2071300,58.040000915527344,57.529998779296875,57.529998779296875
10-03-2021,57.2599983215332,57.58000183105469,1982200,58.220001220703125,57.7400016784668,57.7400016784668
11-03-2021,56.7599983215332,57.459999084472656,2075100,57.939998626708984,56.779998779296875,56.779998779296875
12-03-2021,56.97999954223633,57.2599983215332,1692800,57.86000061035156,57.689998626708984,57.689998626708984
15-03-2021,57.849998474121094,57.849998474121094,1390600,58.599998474121094,58.38999938964844,58.38999938964844
16-03-2021,57.68000030517578,57.95000076293945,1816700,58.84000015258789,58.560001373291016,58.560001373291016
17-03-2021,58.33000183105469,58.7400016784668,1853100,59.040000915527344,58.4900016784668,58.4900016784668
18-03-2021,58.06999969482422,58.41999816894531,2264500,58.79999923706055,58.56999969482422,58.56999969482422
19-03-2021,58.0099983215332,58.560001373291016,4571100,59.41999816894531,58.90999984741211,58.90999984741211
22-03-2021,57.709999084472656,58.599998474121094,2108400,58.810001373291016,57.880001068115234,57.880001068115234
23-03-2021,57.31999969482422,57.75,2178400,58.34000015258789,58.31999969482422,58.31999969482422
24-03-2021,57.91999816894531,58.060001373291016,1978600,59.279998779296875,58.709999084472656,58.709999084472656
25-03-2021,58.72999954223633,59.099998474121094,1817200,59.56999969482422,59.41999816894531,59.41999816894531
26-03-2021,58.47999954223633,59.560001373291016,2054800,59.720001220703125,59.29999923706055,59.29999923706055
29-03-2021,59.20000076293945,59.209999084472656,1805500,60.560001373291016,60.209999084472656,60.209999084472656
30-03-2021,58.95000076293945,59.959999084472656,1505100,60.15999984741211,59.810001373291016,59.810001373291016
31-03-2021,59.33000183105469,59.779998779296875,3238100,60.400001525878906,60.209999084472656,60.209999084472656
01-04-2021,59.380001068115234,60.06999969482422,1855800,60.279998779296875,59.66999816894531,59.66999816894531
05-04-2021,59.720001220703125,59.75,1583400,60.91999816894531,60.65999984741211,60.65999984741211
06-04-2021,60.09000015258789,60.310001373291016,1401400,60.939998626708984,60.91999816894531,60.91999816894531
07-04-2021,60.7599983215332,61.0,1648800,61.349998474121094,61.22999954223633,61.22999954223633
08-04-2021,60.93000030517578,61.439998626708984,1484900,61.529998779296875,61.29999923706055,61.29999923706055
09-04-2021,61.060001373291016,61.41999816894531,1668700,61.56999969482422,61.25,61.25
12-04-2021,61.150001525878906,61.540000915527344,1827900,61.77000045776367,61.290000915527344,61.290000915527344
13-04-2021,60.63999938964844,60.86000061035156,1881700,62.43000030517578,62.40999984741211,62.40999984741211
14-04-2021,62.209999084472656,62.47999954223633,2225300,62.83000183105469,62.81999969482422,62.81999969482422
15-04-2021,62.060001373291016,62.52000045776367,2512100,62.939998626708984,62.400001525878906,62.400001525878906
16-04-2021,62.66999816894531,62.810001373291016,2149700,63.65999984741211,63.349998474121094,63.349998474121094
